Delta,Time,CPU_FREQUENCY_0,CPU_FREQUENCY_1,CPU_FREQUENCY_10,CPU_FREQUENCY_11,CPU_FREQUENCY_12,CPU_FREQUENCY_13,CPU_FREQUENCY_14,CPU_FREQUENCY_15,CPU_FREQUENCY_16,CPU_FREQUENCY_17,CPU_FREQUENCY_18,CPU_FREQUENCY_19,CPU_FREQUENCY_2,CPU_FREQUENCY_20,CPU_FREQUENCY_21,CPU_FREQUENCY_22,CPU_FREQUENCY_23,CPU_FREQUENCY_24,CPU_FREQUENCY_25,CPU_FREQUENCY_26,CPU_FREQUENCY_27,CPU_FREQUENCY_28,CPU_FREQUENCY_29,CPU_FREQUENCY_3,CPU_FREQUENCY_30,CPU_FREQUENCY_31,CPU_FREQUENCY_4,CPU_FREQUENCY_5,CPU_FREQUENCY_6,CPU_FREQUENCY_7,CPU_FREQUENCY_8,CPU_FREQUENCY_9,CPU_USAGE_0,CPU_USAGE_1,CPU_USAGE_10,CPU_USAGE_11,CPU_USAGE_12,CPU_USAGE_13,CPU_USAGE_14,CPU_USAGE_15,CPU_USAGE_16,CPU_USAGE_17,CPU_USAGE_18,CPU_USAGE_19,CPU_USAGE_2,CPU_USAGE_20,CPU_USAGE_21,CPU_USAGE_22,CPU_USAGE_23,CPU_USAGE_24,CPU_USAGE_25,CPU_USAGE_26,CPU_USAGE_27,CPU_USAGE_28,CPU_USAGE_29,CPU_USAGE_3,CPU_USAGE_30,CPU_USAGE_31,CPU_USAGE_4,CPU_USAGE_5,CPU_USAGE_6,CPU_USAGE_7,CPU_USAGE_8,CPU_USAGE_9,DRAM_ENERGY (J),PACKAGE_ENERGY (J),PP0_ENERGY (J),PP1_ENERGY (J),TOTAL_MEMORY,TOTAL_SWAP,USED_MEMORY,USED_SWAP
0,1727561509912,1100,1135,933,800,1100,800,1100,800,799,799,800,800,800,800,800,799,812,800,799,865,799,799,800,800,800,799,800,1018,2390,1249,1101,800,3.0303030014038086,3.0303030014038086,5.882352828979492,3.0303030014038086,6.25,5.882352828979492,6.060606002807617,3.0303030014038086,8.823529243469238,3.0303030014038086,6.060606002807617,5.882352828979492,5.882352828979492,3.0303030014038086,6.060606002807617,5.882352828979492,3.125,3.0303030014038086,3.125,12.121212005615234,3.0303030014038086,3.125,3.0303030014038086,0,6.060606002807617,6.060606002807617,3.0303030014038086,3.0303030014038086,3.125,0,6.25,3.125,0,147379.7918701172,65746.38873291016,0,67221336064,8589930496,1958621184,252059648
199,1727561509912,1100,1135,933,800,1100,800,1100,800,799,799,800,800,800,800,800,799,812,800,799,865,799,799,800,800,800,799,800,1018,2390,1249,1101,800,3.0303030014038086,3.0303030014038086,5.882352828979492,3.0303030014038086,6.25,5.882352828979492,6.060606002807617,3.0303030014038086,8.823529243469238,3.0303030014038086,6.060606002807617,5.882352828979492,5.882352828979492,3.0303030014038086,6.060606002807617,5.882352828979492,3.125,3.0303030014038086,3.125,12.121212005615234,3.0303030014038086,3.125,3.0303030014038086,0,6.060606002807617,6.060606002807617,3.0303030014038086,3.0303030014038086,3.125,0,6.25,3.125,0,147379.80047607422,65746.38983154297,0,67221336064,8589930496,1958621184,252059648
200,1727561510112,1100,1135,933,800,1100,800,1100,800,799,799,800,800,800,800,800,799,812,800,799,865,799,799,800,800,800,799,800,1018,2390,1249,1101,800,5,0,73.68421173095703,0,0,0,0,0,0,0,0,0,0,0,0,0,15.000000953674316,0,0,0,0,0,0,0,0,0,0,0,0,0,0,0,0,147388.87048339844,65753.76776123047,0,67221336064,8589930496,2020007936,252059648
200,1727561510312,1100,1135,933,800,1100,800,1100,800,799,799,800,800,800,800,800,799,812,800,799,865,799,799,800,800,800,799,800,1018,2390,1249,1101,800,0,0,100,0,0,0,0,0,0,0,0,0,0,0,0,0,0,0,0,0,0,0,0,0,0,0,0,0,0,0,0,0,0,147398.9067993164,65762.12414550781,0,67221336064,8589930496,2028593152,252059648
200,1727561510512,1100,1135,933,800,1100,800,1100,800,799,799,800,800,800,800,800,799,812,800,799,865,799,799,800,800,800,799,800,1018,2390,1249,1101,800,0,0,100,0,0,0,0,0,0,0,0,0,0,0,0,0,0,0,0,0,0,0,0,0,0,0,0,0,0,0,0,0,0,147409.2661743164,65770.79125976563,0,67221336064,8589930496,2047148032,252059648
200,1727561510712,1100,1135,933,800,1100,800,1100,800,799,799,800,800,800,800,800,799,812,800,799,865,799,799,800,800,800,799,800,1018,2390,1249,1101,800,0,0,100,0,0,0,0,0,0,0,0,0,0,0,0,0,0,0,0,0,0,0,0,0,0,0,0,0,0,0,0,0,0,147419.56182861328,65779.41162109375,0,67221336064,8589930496,2047148032,252059648
200,1727561510912,1100,1135,933,800,1100,800,1100,800,799,799,800,800,800,800,800,799,812,800,799,865,799,799,800,800,800,799,800,1018,2390,1249,1101,800,0,0,100,0,0,0,0,0,0,0,0,0,0,0,0,0,0,0,0,0,0,0,0,0,0,0,0,0,0,0,0,0,0,147429.93072509766,65788.08874511719,0,67221336064,8589930496,2047148032,252059648
200,1727561511112,1100,1135,933,800,1100,800,1100,800,799,799,800,800,800,800,800,799,812,800,799,865,799,799,800,800,800,799,800,1018,2390,1249,1101,800,0,0,100,0,0,0,0,0,0,0,0,0,0,0,0,0,0,0,0,0,0,0,0,0,0,0,0,0,0,0,0,0,0,147440.45147705078,65796.92370605469,0,67221336064,8589930496,2039218176,252059648
200,1727561511312,1100,1135,933,800,1100,800,1100,800,799,799,800,800,800,800,800,799,812,800,799,865,799,799,800,800,800,799,800,1018,2390,1249,1101,800,0,0,100,0,0,0,0,0,0,0,0,0,0,0,0,0,0,0,0,0,0,0,0,0,0,0,0,0,0,0,0,0,0,147450.8818359375,65805.67303466797,0,67221336064,8589930496,2039218176,252059648
200,1727561511512,1100,1135,933,800,1100,800,1100,800,799,799,800,800,800,800,800,799,812,800,799,865,799,799,800,800,800,799,800,1018,2390,1249,1101,800,0,0,100,0,0,0,0,0,0,0,0,0,0,0,0,0,0,0,0,0,0,0,0,0,0,0,0,0,0,0,0,0,0,147461.2335205078,65814.34161376953,0,67221336064,8589930496,2039218176,252059648
200,1727561511713,1100,1135,933,800,1100,800,1100,800,799,799,800,800,800,800,800,799,812,800,799,865,799,799,800,800,800,799,800,1018,2390,1249,1101,800,0,0,100,0,0,0,0,0,0,0,0,0,0,0,0,0,0,0,0,0,0,0,0,0,0,0,0,0,0,0,0,0,0,147471.58081054688,65823.00653076172,0,67221336064,8589930496,2039218176,252059648
200,1727561511913,1100,1135,933,800,1100,800,1100,800,799,799,800,800,800,800,800,799,812,800,799,865,799,799,800,800,800,799,800,1018,2390,1249,1101,800,0,0,100,0,0,0,0,0,0,0,0,0,0,0,0,0,0,0,0,0,0,0,0,0,0,0,0,0,0,0,0,0,0,147481.92791748047,65831.67120361328,0,67221336064,8589930496,2039218176,252059648
200,1727561512113,1100,1135,933,800,1100,800,1100,800,799,799,800,800,800,800,800,799,812,800,799,865,799,799,800,800,800,799,800,1018,2390,1249,1101,800,4.761904716491699,0,100,0,0,0,0,0,0,0,0,0,0,0,0,0,0,0,0,0,0,0,0,0,0,0,0,0,0,0,0,0,0,147492.33575439453,65840.39093017578,0,67221336064,8589930496,2031734784,252059648
200,1727561512313,1100,1135,933,800,1100,800,1100,800,799,799,800,800,800,800,800,799,812,800,799,865,799,799,800,800,800,799,800,1018,2390,1249,1101,800,0,0,100,0,0,0,0,0,0,0,0,0,0,0,0,0,0,0,0,0,0,0,0,0,0,0,0,0,0,0,0,0,0,147502.70526123047,65849.07482910156,0,67221336064,8589930496,2039406592,252059648
200,1727561512513,1100,1135,933,800,1100,800,1100,800,799,799,800,800,800,800,800,799,812,800,799,865,799,799,800,800,800,799,800,1018,2390,1249,1101,800,0,0,100,0,0,0,0,0,0,0,0,0,0,0,0,0,0,0,0,0,0,0,0,0,0,0,0,0,0,0,0,0,0,147513.1674194336,65857.84588623047,0,67221336064,8589930496,2039406592,252059648
200,1727561512713,1100,1135,933,800,1100,800,1100,800,799,799,800,800,800,800,800,799,812,800,799,865,799,799,800,800,800,799,800,1018,2390,1249,1101,800,0,0,100,0,0,0,0,0,0,0,0,0,0,0,0,0,0,0,0,0,0,0,0,0,0,0,0,0,0,0,0,0,0,147523.53149414063,65866.52697753906,0,67221336064,8589930496,2039406592,252059648
200,1727561512913,1100,1135,933,800,1100,800,1100,800,799,799,800,800,800,800,800,799,812,800,799,865,799,799,800,800,800,799,800,1018,2390,1249,1101,800,0,0,100,0,0,0,0,0,0,0,0,0,0,0,0,0,0,0,0,0,0,0,0,0,0,0,0,0,0,0,0,0,0,147534.02264404297,65875.33410644531,0,67221336064,8589930496,2039406592,252059648
200,1727561513113,1100,1135,933,800,1100,800,1100,800,799,799,800,800,800,800,800,799,812,800,799,865,799,799,800,800,800,799,800,1018,2390,1249,1101,800,0,0,100,0,0,0,0,0,0,0,0,0,0,0,0,0,0,0,0,0,0,0,0,0,0,0,0,0,0,0,0,0,0,147544.45806884766,65884.08465576172,0,67221336064,8589930496,2023051264,252059648
200,1727561513313,1100,1135,933,800,1100,800,1100,800,799,799,800,800,800,800,800,799,812,800,799,865,799,799,800,800,800,799,800,1018,2390,1249,1101,800,0,0,100,0,0,0,0,0,0,0,0,0,0,0,0,0,0,0,0,0,0,0,0,0,0,0,0,0,0,0,0,0,0,147554.95538330078,65892.89904785156,0,67221336064,8589930496,2047406080,252059648
200,1727561513514,1100,1135,933,800,1100,800,1100,800,799,799,800,800,800,800,800,799,812,800,799,865,799,799,800,800,800,799,800,1018,2390,1249,1101,800,0,0,100,0,0,0,0,0,0,0,0,0,0,0,0,0,0,0,0,0,0,0,0,0,0,0,0,0,0,0,0,0,0,147565.36010742188,65901.62036132813,0,67221336064,8589930496,2047401984,252059648
200,1727561513714,1100,1135,933,800,1100,800,1100,800,799,799,800,800,800,800,800,799,812,800,799,865,799,799,800,800,800,799,800,1018,2390,1249,1101,800,0,0,100,0,0,0,0,0,0,0,0,0,0,0,0,0,0,0,0,0,0,0,0,0,0,0,0,0,0,0,0,0,0,147575.78497314453,65910.3603515625,0,67221336064,8589930496,2047401984,252059648
200,1727561513914,1100,1135,933,800,1100,800,1100,800,799,799,800,800,800,800,800,799,812,800,799,865,799,799,800,800,800,799,800,1018,2390,1249,1101,800,0,0,100,0,0,0,0,0,0,0,0,0,0,0,0,0,0,0,0,0,0,0,0,0,0,0,0,0,0,0,0,0,0,147586.2191772461,65919.10833740234,0,67221336064,8589930496,2047401984,252059648
200,1727561514114,1100,1135,933,800,1100,800,1100,800,799,799,800,800,800,800,800,799,812,800,799,865,799,799,800,800,800,799,800,1018,2390,1249,1101,800,0,0,100,0,0,0,0,0,0,0,0,0,0,0,0,0,0,0,0,0,0,0,0,0,0,0,0,0,0,0,0,0,0,147596.70147705078,65927.89678955078,0,67221336064,8589930496,2039472128,252059648
200,1727561514314,1100,1135,933,800,1100,800,1100,800,799,799,800,800,800,800,800,799,812,800,799,865,799,799,800,800,800,799,800,1018,2390,1249,1101,800,0,0,100,0,0,0,0,0,0,0,0,0,0,0,0,0,0,0,0,0,0,0,0,0,0,0,0,0,0,0,0,0,0,147607.18389892578,65936.68872070313,0,67221336064,8589930496,2039472128,252059648
200,1727561514514,1100,1135,933,800,1100,800,1100,800,799,799,800,800,800,800,800,799,812,800,799,865,799,799,800,800,800,799,800,1018,2390,1249,1101,800,0,0,100,0,0,0,0,0,0,0,0,0,0,0,0,0,0,0,0,0,0,0,0,0,0,0,0,0,0,0,0,0,0,147617.82934570313,65945.6489868164,0,67221336064,8589930496,2039472128,252059648
200,1727561514714,1100,1135,933,800,1100,800,1100,800,799,799,800,800,800,800,800,799,812,800,799,865,799,799,800,800,800,799,800,1018,2390,1249,1101,800,0,0,100,0,0,0,0,0,0,0,0,0,0,0,0,0,0,0,0,0,0,0,0,0,0,0,0,0,0,0,0,0,0,147628.33471679688,65954.46069335938,0,67221336064,8589930496,2039472128,252059648
200,1727561514914,1100,1135,933,800,1100,800,1100,800,799,799,800,800,800,800,800,799,812,800,799,865,799,799,800,800,800,799,800,1018,2390,1249,1101,800,0,0,100,0,0,0,0,0,0,0,0,0,0,0,0,0,0,0,0,0,0,0,0,0,0,0,0,0,0,0,0,0,0,147638.84423828125,65963.28088378906,0,67221336064,8589930496,2039472128,252059648
200,1727561515114,1100,1135,933,800,1100,800,1100,800,799,799,800,800,800,800,800,799,812,800,799,865,799,799,800,800,800,799,800,1018,2390,1249,1101,800,0,0,100,0,0,0,0,0,0,0,0,0,0,0,0,0,0,0,0,0,0,0,0,0,0,0,0,0,0,0,0,0,0,147649.35430908203,65972.1015625,0,67221336064,8589930496,2031472640,252059648
200,1727561515314,1100,1135,933,800,1100,800,1100,800,799,799,800,800,800,800,800,799,812,800,799,865,799,799,800,800,800,799,800,1018,2390,1249,1101,800,0,0,100,0,0,0,0,0,0,0,0,0,0,0,0,0,0,0,0,0,0,0,0,0,0,0,0,0,0,0,0,0,0,147659.88214111328,65980.94067382813,0,67221336064,8589930496,2047397888,252059648
200,1727561515515,1100,1135,933,800,1100,800,1100,800,799,799,800,800,800,800,800,799,812,800,799,865,799,799,800,800,800,799,800,1018,2390,1249,1101,800,0,0,100,0,0,0,0,0,0,0,0,0,0,0,0,0,0,0,0,0,0,0,0,0,0,0,0,0,0,0,0,0,0,147670.37432861328,65989.74285888672,0,67221336064,8589930496,2047397888,252059648
200,1727561515715,1100,1135,933,800,1100,800,1100,800,799,799,800,800,800,800,800,799,812,800,799,865,799,799,800,800,800,799,800,1018,2390,1249,1101,800,0,0,100,0,0,0,0,0,0,0,0,0,0,0,0,0,0,0,0,0,0,0,0,0,0,0,0,0,0,0,0,0,0,147680.82580566406,65998.50311279297,0,67221336064,8589930496,2047397888,252059648
200,1727561515915,1100,1135,933,800,1100,800,1100,800,799,799,800,800,800,800,800,799,812,800,799,865,799,799,800,800,800,799,800,1018,2390,1249,1101,800,0,0,100,0,0,0,0,0,0,0,0,0,0,0,0,0,0,0,0,0,0,0,0,0,0,0,0,0,0,0,0,0,0,147691.21453857422,66007.20678710938,0,67221336064,8589930496,2047397888,252059648
200,1727561516115,1100,1135,933,800,1100,800,1100,800,799,799,800,800,800,800,800,799,812,800,799,865,799,799,800,800,800,799,800,1018,2390,1249,1101,800,0,0,100,0,0,0,0,0,0,0,0,0,0,0,0,0,0,0,0,0,0,0,0,0,0,0,0,0,0,0,0,0,0,147701.6558227539,66015.96142578125,0,67221336064,8589930496,2039468032,252059648
200,1727561516315,1100,1135,933,800,1100,800,1100,800,799,799,800,800,800,800,800,799,812,800,799,865,799,799,800,800,800,799,800,1018,2390,1249,1101,800,0,0,100,0,0,0,0,0,0,0,0,0,0,0,0,0,0,0,0,0,0,0,0,0,0,0,0,0,0,0,0,0,0,147712.13696289063,66024.74798583984,0,67221336064,8589930496,2031538176,252059648
200,1727561516515,1100,1135,933,800,1100,800,1100,800,799,799,800,800,800,800,800,799,812,800,799,865,799,799,800,800,800,799,800,1018,2390,1249,1101,800,0,0,100,0,0,0,0,0,0,0,0,0,0,0,0,0,0,0,0,0,0,0,0,0,0,0,0,0,0,0,0,0,0,147722.57843017578,66033.50286865234,0,67221336064,8589930496,2039140352,252059648
200,1727561516715,1100,1135,933,800,1100,800,1100,800,799,799,800,800,800,800,800,799,812,800,799,865,799,799,800,800,800,799,800,1018,2390,1249,1101,800,0,0,100,0,0,0,0,0,0,0,0,0,0,0,0,0,0,0,0,0,0,0,0,0,0,0,0,0,0,0,0,0,0,147733.01873779297,66042.25305175781,0,67221336064,8589930496,2039140352,252059648
200,1727561516915,1100,1135,933,800,1100,800,1100,800,799,799,800,800,800,800,800,799,812,800,799,865,799,799,800,800,800,799,800,1018,2390,1249,1101,800,0,0,100,0,0,0,0,0,0,0,0,0,0,0,0,0,0,0,0,0,0,0,0,0,0,0,0,0,0,0,0,0,0,147743.61395263672,66051.15240478516,0,67221336064,8589930496,2039140352,252059648
200,1727561517115,1100,1135,933,800,1100,800,1100,800,799,799,800,800,800,800,800,799,812,800,799,865,799,799,800,800,800,799,800,1018,2390,1249,1101,800,4.761904716491699,0,100,0,0,0,0,0,0,0,0,0,0,0,0,0,0,0,0,0,0,0,0,0,0,0,0,0,0,0,0,0,0,147754.2315673828,66060.076171875,0,67221336064,8589930496,2031210496,252059648
200,1727561517315,1100,1135,933,800,1100,800,1100,800,799,799,800,800,800,800,800,799,812,800,799,865,799,799,800,800,800,799,800,1018,2390,1249,1101,800,0,0,100,0,0,0,0,0,0,0,0,0,0,0,0,0,0,0,0,0,0,0,0,0,0,0,0,0,0,0,0,0,0,147764.78381347656,66068.93585205078,0,67221336064,8589930496,2031210496,252059648
200,1727561517515,1100,1135,933,800,1100,800,1100,800,799,799,800,800,800,800,800,799,812,800,799,865,799,799,800,800,800,799,800,1018,2390,1249,1101,800,0,0,100,0,0,0,0,0,0,0,0,0,0,0,0,0,0,0,0,0,0,0,0,0,0,0,0,0,0,0,0,0,0,147775.24481201172,66077.70690917969,0,67221336064,8589930496,2038882304,252059648
200,1727561517716,1100,1135,933,800,1100,800,1100,800,799,799,800,800,800,800,800,799,812,800,799,865,799,799,800,800,800,799,800,1018,2390,1249,1101,800,0,0,100,0,0,0,0,0,0,0,0,0,0,0,0,0,0,0,0,0,0,0,0,0,0,0,0,0,0,0,0,0,0,147785.68896484375,66086.4487915039,0,67221336064,8589930496,2038882304,252059648
200,1727561517916,1100,1135,933,800,1100,800,1100,800,799,799,800,800,800,800,800,799,812,800,799,865,799,799,800,800,800,799,800,1018,2390,1249,1101,800,0,0,100,0,0,0,0,0,0,0,0,0,0,0,0,0,0,0,0,0,0,0,0,0,0,0,0,0,0,0,0,0,0,147796.16583251953,66095.22021484375,0,67221336064,8589930496,2038882304,252059648
200,1727561518116,1100,1135,933,800,1100,800,1100,800,799,799,800,800,800,800,800,799,812,800,799,865,799,799,800,800,800,799,800,1018,2390,1249,1101,800,0,0,100,0,0,0,0,0,0,0,0,0,0,0,0,0,0,0,0,0,0,0,0,0,0,0,0,0,0,0,0,0,0,147806.6734008789,66104.03350830078,0,67221336064,8589930496,2031947776,252059648
200,1727561518316,1100,1135,933,800,1100,800,1100,800,799,799,800,800,800,800,800,799,812,800,799,865,799,799,800,800,800,799,800,1018,2390,1249,1101,800,0,0,100,0,0,0,0,0,0,0,0,0,0,0,0,0,0,0,0,0,0,0,0,0,0,0,0,0,0,0,0,0,0,147817.14086914063,66112.80847167969,0,67221336064,8589930496,2039619584,252059648
200,1727561518516,1100,1135,933,800,1100,800,1100,800,799,799,800,800,800,800,800,799,812,800,799,865,799,799,800,800,800,799,800,1018,2390,1249,1101,800,0,0,100,0,0,0,0,0,0,0,0,0,0,0,0,0,0,0,0,0,0,0,0,0,0,0,0,0,0,0,0,0,0,147827.83990478516,66121.79638671875,0,67221336064,8589930496,2039619584,252059648
200,1727561518716,1100,1135,933,800,1100,800,1100,800,799,799,800,800,800,800,800,799,812,800,799,865,799,799,800,800,800,799,800,1018,2390,1249,1101,800,0,0,100,0,0,0,0,0,0,0,0,0,0,0,0,0,0,0,0,0,0,0,0,0,0,0,0,0,0,0,0,0,0,147838.40466308594,66130.66961669922,0,67221336064,8589930496,2039619584,252059648
200,1727561518916,1100,1135,933,800,1100,800,1100,800,799,799,800,800,800,800,800,799,812,800,799,865,799,799,800,800,800,799,800,1018,2390,1249,1101,800,0,0,100,0,0,0,0,0,0,0,0,0,0,0,0,0,0,0,0,0,0,0,0,0,0,0,0,0,0,0,0,0,0,147848.94012451172,66139.49676513672,0,67221336064,8589930496,2039619584,252059648
200,1727561519116,1100,1135,933,800,1100,800,1100,800,799,799,800,800,800,800,800,799,812,800,799,865,799,799,800,800,800,799,800,1018,2390,1249,1101,800,0,0,100,0,0,0,0,0,0,0,0,0,0,0,0,0,0,0,0,0,0,0,0,0,0,0,0,0,0,0,0,0,0,147859.3916015625,66148.2514038086,0,67221336064,8589930496,2033672192,252059648
200,1727561519316,1100,1135,933,800,1100,800,1100,800,799,799,800,800,800,800,800,799,812,800,799,865,799,799,800,800,800,799,800,1018,2390,1249,1101,800,0,0,100,0,0,0,0,0,0,0,0,0,0,0,0,0,0,0,0,0,0,0,0,0,0,0,0,0,0,0,0,0,0,147870.0092163086,66157.1732788086,0,67221336064,8589930496,2029285376,252059648
200,1727561519516,1100,1135,933,800,1100,800,1100,800,799,799,800,800,800,800,800,799,812,800,799,865,799,799,800,800,800,799,800,1018,2390,1249,1101,800,0,0,100,0,0,0,0,0,0,0,0,0,0,0,0,0,0,0,0,0,0,0,0,0,0,0,0,0,0,0,0,0,0,147880.56268310547,66166.03057861328,0,67221336064,8589930496,2036957184,252059648
200,1727561519716,1100,1135,933,800,1100,800,1100,800,799,799,800,800,800,800,800,799,812,800,799,865,799,799,800,800,800,799,800,1018,2390,1249,1101,800,0,0,100,0,0,0,0,0,0,0,0,0,0,0,0,0,0,0,0,0,5,0,0,0,0,0,0,0,0,0,0,0,0,147891.2254638672,66175.00103759766,0,67221336064,8589930496,2036957184,252059648
200,1727561519917,1100,1135,933,800,1100,800,1100,800,799,799,800,800,800,800,800,799,812,800,799,865,799,799,800,800,800,799,800,1018,2390,1249,1101,800,0,0,100,0,0,0,0,0,0,0,0,0,0,0,0,0,0,0,0,0,0,0,0,0,0,0,0,0,0,0,0,0,0,147901.83227539063,66183.90881347656,0,67221336064,8589930496,2037473280,252059648
200,1727561520117,1100,1135,933,800,1100,800,1100,800,799,799,800,800,800,800,800,799,812,800,799,865,799,799,800,800,800,799,800,1018,2390,1249,1101,800,0,0,100,0,4.761904716491699,0,0,0,0,0,0,0,0,0,0,0,0,0,0,0,0,0,0,0,0,0,0,0,0,0,0,0,0,147912.46124267578,66192.83099365234,0,67221336064,8589930496,2029539328,252059648
200,1727561520317,1100,1135,933,800,1100,800,1100,800,799,799,800,800,800,800,800,799,812,800,799,865,799,799,800,800,800,799,800,1018,2390,1249,1101,800,0,0,100,0,0,0,0,0,0,0,0,0,0,0,0,0,0,0,0,0,0,0,0,0,0,0,0,0,0,0,0,0,0,147922.9404296875,66201.61669921875,0,67221336064,8589930496,2029158400,252059648
200,1727561520517,1100,1135,933,800,1100,800,1100,800,799,799,800,800,800,800,800,799,812,800,799,865,799,799,800,800,800,799,800,1018,2390,1249,1101,800,0,0,100,0,0,0,0,0,0,0,0,0,0,0,0,0,0,0,0,0,0,0,0,0,0,0,0,0,0,0,0,0,0,147933.3759765625,66210.36376953125,0,67221336064,8589930496,2035351552,252059648
200,1727561520717,1100,1135,933,800,1100,800,1100,800,799,799,800,800,800,800,800,799,812,800,799,865,799,799,800,800,800,799,800,1018,2390,1249,1101,800,0,0,100,0,0,0,0,0,0,0,0,0,0,0,0,0,0,0,0,0,0,0,0,0,0,0,0,0,0,0,0,0,0,147943.9041748047,66219.18994140625,0,67221336064,8589930496,2035351552,252059648
200,1727561520917,1100,1135,933,800,1100,800,1100,800,799,799,800,800,800,800,800,799,812,800,799,865,799,799,800,800,800,799,800,1018,2390,1249,1101,800,0,0,100,0,0,0,0,0,0,0,0,0,0,0,0,0,0,0,0,0,0,0,0,0,0,0,0,0,0,0,0,0,0,147954.3384399414,66227.93365478516,0,67221336064,8589930496,2035351552,252059648
200,1727561521117,1100,1135,933,800,1100,800,1100,800,799,799,800,800,800,800,800,799,812,800,799,865,799,799,800,800,800,799,800,1018,2390,1249,1101,800,0,0,100,0,0,0,0,0,0,0,0,0,0,0,0,0,0,0,0,0,0,0,0,0,0,0,0,0,0,0,0,0,0,147964.84063720703,66236.7392578125,0,67221336064,8589930496,2027421696,252059648
200,1727561521317,1100,1135,933,800,1100,800,1100,800,799,799,800,800,800,800,800,799,812,800,799,865,799,799,800,800,800,799,800,1018,2390,1249,1101,800,0,0,100,0,0,0,0,0,0,0,0,0,0,0,0,0,0,0,0,0,0,0,0,0,0,0,0,0,0,0,0,0,0,147975.53662109375,66245.73315429688,0,67221336064,8589930496,2035093504,252059648
200,1727561521517,1100,1135,933,800,1100,800,1100,800,799,799,800,800,800,800,800,799,812,800,799,865,799,799,800,800,800,799,800,1018,2390,1249,1101,800,0,0,100,0,0,0,0,0,0,0,0,0,0,0,0,0,0,0,0,0,0,0,0,0,0,0,0,0,0,0,0,0,0,147986.03436279297,66254.51873779297,0,67221336064,8589930496,2035093504,252059648
200,1727561521717,1100,1135,933,800,1100,800,1100,800,799,799,800,800,800,800,800,799,812,800,799,865,799,799,800,800,800,799,800,1018,2390,1249,1101,800,0,0,100,0,0,0,0,0,0,0,0,0,0,0,0,0,0,0,0,0,0,0,0,0,0,0,0,0,0,0,0,0,0,147996.59661865234,66263.38189697266,0,67221336064,8589930496,2035093504,252059648
200,1727561521918,1100,1135,933,800,1100,800,1100,800,799,799,800,800,800,800,800,799,812,800,799,865,799,799,800,800,800,799,800,1018,2390,1249,1101,800,0,0,100,0,0,0,0,0,0,0,0,0,0,0,0,0,0,0,0,0,0,0,0,0,0,0,0,0,0,0,0,0,0,148007.0340576172,66272.12200927734,0,67221336064,8589930496,2035093504,252059648
200,1727561522118,1100,1135,933,800,1100,800,1100,800,799,799,800,800,800,800,800,799,812,800,799,865,799,799,800,800,800,799,800,1018,2390,1249,1101,800,0,0,100,0,0,0,0,0,0,0,0,0,0,0,0,0,0,0,0,0,0,0,0,0,0,0,0,0,0,0,0,0,0,148017.7315673828,66281.11254882813,0,67221336064,8589930496,2029899776,252059648
200,1727561522318,1100,1135,933,800,1100,800,1100,800,799,799,800,800,800,800,800,799,812,800,799,865,799,799,800,800,800,799,800,1018,2390,1249,1101,800,0,0,100,0,0,0,0,0,0,0,0,0,0,0,0,0,0,0,0,0,0,0,0,0,0,0,0,0,0,0,0,0,0,148028.35345458984,66290.03894042969,0,67221336064,8589930496,2029649920,252059648
200,1727561522518,1100,1135,933,800,1100,800,1100,800,799,799,800,800,800,800,800,799,812,800,799,865,799,799,800,800,800,799,800,1018,2390,1249,1101,800,0,0,100,0,0,0,0,0,0,0,0,0,0,0,0,0,0,0,0,0,0,0,0,0,0,0,0,0,0,0,0,0,0,148038.89080810547,66298.88562011719,0,67221336064,8589930496,2037321728,252059648
200,1727561522718,1100,1135,933,800,1100,800,1100,800,799,799,800,800,800,800,800,799,812,800,799,865,799,799,800,800,800,799,800,1018,2390,1249,1101,800,0,0,100,0,0,0,0,0,0,0,0,0,0,0,0,0,0,0,0,0,0,0,0,0,0,0,0,0,0,0,0,0,0,148049.3836669922,66307.67449951172,0,67221336064,8589930496,2037313536,252059648
200,1727561522918,1100,1135,933,800,1100,800,1100,800,799,799,800,800,800,800,800,799,812,800,799,865,799,799,800,800,800,799,800,1018,2390,1249,1101,800,0,0,100,0,0,0,0,0,0,0,0,0,0,0,0,0,0,0,0,0,0,0,0,0,0,0,0,0,0,0,0,0,0,148059.87591552734,66316.45880126953,0,67221336064,8589930496,2037313536,252059648
200,1727561523118,1100,1135,933,800,1100,800,1100,800,799,799,800,800,800,800,800,799,812,800,799,865,799,799,800,800,800,799,800,1018,2390,1249,1101,800,0,0,100,0,0,0,0,0,0,0,0,0,0,0,0,0,0,0,0,0,0,0,0,0,0,0,0,0,0,0,0,0,0,148070.36541748047,66325.25866699219,0,67221336064,8589930496,2029633536,252059648
200,1727561523318,1100,1135,933,800,1100,800,1100,800,799,799,800,800,800,800,800,799,812,800,799,865,799,799,800,800,800,799,800,1018,2390,1249,1101,800,0,0,100,0,0,0,0,0,0,0,0,0,0,0,0,0,0,0,0,0,0,0,0,0,0,0,0,0,0,0,0,0,0,148080.94506835938,66334.1323852539,0,67221336064,8589930496,2029633536,252059648
200,1727561523518,1100,1135,933,800,1100,800,1100,800,799,799,800,800,800,800,800,799,812,800,799,865,799,799,800,800,800,799,800,1018,2390,1249,1101,800,0,0,100,0,0,0,0,0,0,0,0,0,0,0,0,0,0,0,0,0,0,0,0,0,0,0,0,0,0,0,0,0,0,148091.58544921875,66343.06298828125,0,67221336064,8589930496,2035871744,252059648
200,1727561523718,1100,1135,933,800,1100,800,1100,800,799,799,800,800,800,800,800,799,812,800,799,865,799,799,800,800,800,799,800,1018,2390,1249,1101,800,0,0,100,0,0,0,0,0,0,0,0,0,0,0,0,0,0,0,0,0,0,0,0,0,0,0,0,0,0,0,0,0,0,148102.02673339844,66351.80780029297,0,67221336064,8589930496,2035871744,252059648
200,1727561523918,1100,1135,933,800,1100,800,1100,800,799,799,800,800,800,800,800,799,812,800,799,865,799,799,800,800,800,799,800,1018,2390,1249,1101,800,0,0,100,0,0,0,0,0,0,0,0,0,0,0,0,0,0,0,0,0,0,0,0,0,0,0,0,0,0,0,0,0,0,148112.5440673828,66360.62725830078,0,67221336064,8589930496,2035871744,252059648
200,1727561524119,1100,1135,933,800,1100,800,1100,800,799,799,800,800,800,800,800,799,812,800,799,865,799,799,800,800,800,799,800,1018,2390,1249,1101,800,0,0,100,0,0,0,0,0,0,0,0,0,0,0,0,0,0,0,0,0,0,0,0,0,0,0,0,0,0,0,0,0,0,148122.99487304688,66369.37756347656,0,67221336064,8589930496,2027941888,252059648
200,1727561524319,1100,1135,933,800,1100,800,1100,800,799,799,800,800,800,800,800,799,812,800,799,865,799,799,800,800,800,799,800,1018,2390,1249,1101,800,0,0,100,0,0,0,0,0,0,0,0,0,0,0,0,0,0,0,0,0,0,0,0,0,0,0,0,0,0,0,0,0,0,148133.4462890625,66378.13092041016,0,67221336064,8589930496,2035613696,252059648
200,1727561524519,1100,1135,933,800,1100,800,1100,800,799,799,800,800,800,800,800,799,812,800,799,865,799,799,800,800,800,799,800,1018,2390,1249,1101,800,0,0,100,0,0,0,0,0,0,0,0,0,0,0,0,0,0,0,0,0,0,0,0,0,0,0,0,0,0,0,0,0,0,148143.98321533203,66386.97216796875,0,67221336064,8589930496,2035613696,252059648
200,1727561524719,1100,1135,933,800,1100,800,1100,800,799,799,800,800,800,800,800,799,812,800,799,865,799,799,800,800,800,799,800,1018,2390,1249,1101,800,0,0,100,0,0,0,0,0,0,0,0,0,0,0,0,0,0,0,0,0,0,0,0,0,0,0,0,0,0,0,0,0,0,148154.39392089844,66395.69305419922,0,67221336064,8589930496,2035613696,252059648
200,1727561524919,1100,1135,933,800,1100,800,1100,800,799,799,800,800,800,800,800,799,812,800,799,865,799,799,800,800,800,799,800,1018,2390,1249,1101,800,0,0,100,0,0,0,0,0,0,0,0,0,0,0,0,0,0,0,0,0,0,0,0,0,0,0,0,0,0,0,0,0,0,148164.87188720703,66404.47625732422,0,67221336064,8589930496,2035613696,252059648
200,1727561525119,1100,1135,933,800,1100,800,1100,800,799,799,800,800,800,800,800,799,812,800,799,865,799,799,800,800,800,799,800,1018,2390,1249,1101,800,0,0,100,0,0,0,0,0,0,0,0,0,0,0,0,0,0,0,0,0,0,0,0,0,0,0,0,0,0,0,0,0,0,148175.36517333984,66413.26745605469,0,67221336064,8589930496,2029666304,252059648
200,1727561525319,1100,1135,933,800,1100,800,1100,800,799,799,800,800,800,800,800,799,812,800,799,865,799,799,800,800,800,799,800,1018,2390,1249,1101,800,0,0,100,0,0,0,0,0,0,0,0,0,0,0,0,0,0,0,0,0,0,0,0,0,0,0,0,0,0,0,0,0,0,148185.90368652344,66422.1156616211,0,67221336064,8589930496,2029711360,252059648
200,1727561525519,1100,1135,933,800,1100,800,1100,800,799,799,800,800,800,800,800,799,812,800,799,865,799,799,800,800,800,799,800,1018,2390,1249,1101,800,0,0,100,0,0,0,0,0,0,0,0,0,0,0,0,0,0,0,0,0,0,0,0,0,0,0,0,0,0,0,0,0,0,148196.43688964844,66430.93029785156,0,67221336064,8589930496,2037899264,252059648
200,1727561525719,1100,1135,933,800,1100,800,1100,800,799,799,800,800,800,800,800,799,812,800,799,865,799,799,800,800,800,799,800,1018,2390,1249,1101,800,0,0,100,0,0,0,0,0,0,0,0,0,0,0,0,0,0,0,0,0,0,0,0,0,0,0,0,0,0,0,0,0,0,148206.8671875,66439.66827392578,0,67221336064,8589930496,2037899264,252059648
200,1727561525920,1100,1135,933,800,1100,800,1100,800,799,799,800,800,800,800,800,799,812,800,799,865,799,799,800,800,800,799,800,1018,2390,1249,1101,800,0,0,100,0,0,0,0,0,0,0,0,0,0,0,0,0,0,0,0,0,0,0,0,0,0,0,0,0,0,0,0,0,0,148217.3231201172,66448.42401123047,0,67221336064,8589930496,2037899264,252059648
200,1727561526120,1100,1135,933,800,1100,800,1100,800,799,799,800,800,800,800,800,799,812,800,799,865,799,799,800,800,800,799,800,1018,2390,1249,1101,800,0,0,100,0,0,0,0,0,0,0,0,0,0,0,0,0,0,0,0,0,0,0,0,0,0,0,0,0,0,0,0,0,0,148227.86798095703,66457.26373291016,0,67221336064,8589930496,2037899264,252059648
200,1727561526320,1100,1135,933,800,1100,800,1100,800,799,799,800,800,800,800,800,799,812,800,799,865,799,799,800,800,800,799,800,1018,2390,1249,1101,800,0,0,100,0,0,0,0,0,0,0,0,0,0,0,0,0,0,0,0,0,0,0,0,0,0,0,0,0,0,0,0,0,0,148238.44458007813,66466.13928222656,0,67221336064,8589930496,2029969408,252059648
200,1727561526520,1100,1135,933,800,1100,800,1100,800,799,799,800,800,800,800,800,799,812,800,799,865,799,799,800,800,800,799,800,1018,2390,1249,1101,800,0,0,100,0,0,0,0,0,0,0,0,0,0,0,0,0,0,0,0,0,0,0,0,0,0,0,0,0,0,0,0,0,0,148248.91107177734,66474.90533447266,0,67221336064,8589930496,2037641216,252059648
200,1727561526720,1100,1135,933,800,1100,800,1100,800,799,799,800,800,800,800,800,799,812,800,799,865,799,799,800,800,800,799,800,1018,2390,1249,1101,800,0,0,100,0,0,0,0,0,0,0,0,0,0,0,0,0,0,0,0,0,0,0,0,0,0,0,0,0,0,0,0,0,0,148259.34271240234,66483.64440917969,0,67221336064,8589930496,2037641216,252059648
200,1727561526920,1100,1135,933,800,1100,800,1100,800,799,799,800,800,800,800,800,799,812,800,799,865,799,799,800,800,800,799,800,1018,2390,1249,1101,800,0,0,100,0,0,0,0,0,0,0,0,0,0,0,0,0,0,0,0,0,0,0,0,0,0,0,0,0,0,0,0,0,0,148269.8377685547,66492.43774414063,0,67221336064,8589930496,2037641216,252059648
200,1727561527120,1100,1135,933,800,1100,800,1100,800,799,799,800,800,800,800,800,799,812,800,799,865,799,799,800,800,800,799,800,1018,2390,1249,1101,800,0,0,100,0,0,0,0,0,0,0,4.761904716491699,0,0,0,0,0,0,0,0,0,0,0,0,0,0,0,0,0,0,0,0,0,0,148280.3114013672,66501.22290039063,0,67221336064,8589930496,2029711360,252059648
200,1727561527320,1100,1135,933,800,1100,800,1100,800,799,799,800,800,800,800,800,799,812,800,799,865,799,799,800,800,800,799,800,1018,2390,1249,1101,800,0,0,100,0,0,0,0,0,0,0,0,0,0,0,0,0,0,0,0,0,0,0,0,0,0,0,0,0,0,0,0,0,0,148290.90673828125,66510.11828613281,0,67221336064,8589930496,2037383168,252059648
200,1727561527520,1100,1135,933,800,1100,800,1100,800,799,799,800,800,800,800,800,799,812,800,799,865,799,799,800,800,800,799,800,1018,2390,1249,1101,800,0,0,100,0,0,0,0,0,0,0,5,0,0,0,0,0,0,0,0,0,0,0,0,0,0,0,0,0,0,0,0,0,0,148301.4034423828,66518.91571044922,0,67221336064,8589930496,2037383168,252059648
200,1727561527720,1100,1135,933,800,1100,800,1100,800,799,799,800,800,800,800,800,799,812,800,799,865,799,799,800,800,800,799,800,1018,2390,1249,1101,800,0,0,100,0,0,0,0,0,0,0,0,0,0,0,0,0,0,0,0,0,0,0,0,0,0,0,0,0,0,0,0,0,0,148311.9471435547,66527.76574707031,0,67221336064,8589930496,2037383168,252059648
200,1727561527920,1100,1135,933,800,1100,800,1100,800,799,799,800,800,800,800,800,799,812,800,799,865,799,799,800,800,800,799,800,1018,2390,1249,1101,800,0,0,100,0,0,0,0,0,0,0,0,0,0,0,0,0,0,0,0,0,0,0,0,0,0,0,0,0,0,0,0,0,0,148322.52508544922,66536.6431274414,0,67221336064,8589930496,2037383168,252059648
200,1727561528121,1100,1135,933,800,1100,800,1100,800,799,799,800,800,800,800,800,799,812,800,799,865,799,799,800,800,800,799,800,1018,2390,1249,1101,800,0,0,100,0,0,0,0,0,0,0,0,0,0,0,0,0,0,0,0,0,0,0,0,0,0,0,0,0,0,0,0,0,0,148333.04510498047,66545.4673461914,0,67221336064,8589930496,2031931392,252059648
200,1727561528321,1100,1135,933,800,1100,800,1100,800,799,799,800,800,800,800,800,799,812,800,799,865,799,799,800,800,800,799,800,1018,2390,1249,1101,800,0,0,100,0,0,0,0,0,0,0,0,0,4.761904716491699,0,0,0,0,0,0,0,0,0,0,0,0,0,0,0,0,0,0,0,0,148343.6739501953,66554.40307617188,0,67221336064,8589930496,2027487232,252059648
200,1727561528521,1100,1135,933,800,1100,800,1100,800,799,799,800,800,800,800,800,799,812,800,799,865,799,799,800,800,800,799,800,1018,2390,1249,1101,800,0,0,100,0,0,0,0,0,0,0,0,0,0,0,0,0,0,0,0,0,0,0,0,0,0,0,0,0,0,0,0,0,0,148354.1498413086,66563.18292236328,0,67221336064,8589930496,2035159040,252059648
200,1727561528721,1100,1135,933,800,1100,800,1100,800,799,799,800,800,800,800,800,799,812,800,799,865,799,799,800,800,800,799,800,1018,2390,1249,1101,800,0,0,100,0,0,0,0,0,0,0,0,0,0,0,0,0,0,0,0,0,0,0,0,0,0,0,0,0,0,0,0,0,0,148364.62719726563,66571.96594238281,0,67221336064,8589930496,2035159040,252059648
200,1727561528921,1100,1135,933,800,1100,800,1100,800,799,799,800,800,800,800,800,799,812,800,799,865,799,799,800,800,800,799,800,1018,2390,1249,1101,800,0,0,100,0,0,0,0,0,0,0,0,0,0,0,0,0,0,0,0,0,0,0,0,0,0,0,0,0,0,0,0,0,0,148375.06915283203,66580.70959472656,0,67221336064,8589930496,2035159040,252059648
200,1727561529121,1100,1135,933,800,1100,800,1100,800,799,799,800,800,800,800,800,799,812,800,799,865,799,799,800,800,800,799,800,1018,2390,1249,1101,800,0,0,100,0,0,0,0,0,0,0,0,0,0,0,0,0,0,0,0,0,0,0,0,0,0,0,0,0,0,0,0,0,0,148385.7300415039,66589.66973876953,0,67221336064,8589930496,2035159040,252059648
200,1727561529321,1100,1135,933,800,1100,800,1100,800,799,799,800,800,800,800,800,799,812,800,799,865,799,799,800,800,800,799,800,1018,2390,1249,1101,800,0,0,100,0,0,0,0,0,0,0,0,0,0,0,0,0,0,0,0,0,0,0,0,0,0,0,0,0,0,0,0,0,0,148396.1812133789,66598.42462158203,0,67221336064,8589930496,2027229184,252059648
200,1727561529521,1100,1135,933,800,1100,800,1100,800,799,799,800,800,800,800,800,799,812,800,799,865,799,799,800,800,800,799,800,1018,2390,1249,1101,800,0,0,100,0,0,0,0,0,0,0,0,0,0,0,0,0,0,0,0,0,0,0,0,0,0,0,0,0,0,0,0,0,0,148406.84368896484,66607.3843383789,0,67221336064,8589930496,2034900992,252059648
200,1727561529721,1100,1135,933,800,1100,800,1100,800,799,799,800,800,800,800,800,799,812,800,799,865,799,799,800,800,800,799,800,1018,2390,1249,1101,800,0,0,100,0,0,0,0,0,0,0,0,0,0,0,0,0,0,0,0,0,0,0,0,0,0,0,0,0,0,0,0,0,0,148417.38372802734,66616.22943115234,0,67221336064,8589930496,2034900992,252059648
200,1727561529921,1100,1135,933,800,1100,800,1100,800,799,799,800,800,800,800,800,799,812,800,799,865,799,799,800,800,800,799,800,1018,2390,1249,1101,800,0,0,100,0,0,0,0,0,0,0,0,0,0,0,0,0,0,0,0,0,0,0,0,0,0,0,0,0,0,0,0,0,0,148427.97296142578,66625.12243652344,0,67221336064,8589930496,2034900992,252059648
200,1727561530121,1100,1135,933,800,1100,800,1100,800,799,799,800,800,800,800,800,799,812,800,799,865,799,799,800,800,800,799,800,1018,2390,1249,1101,800,0,0,100,0,0,0,0,0,0,0,0,0,0,0,0,0,0,0,0,0,0,0,0,0,0,0,0,0,0,0,0,0,0,148438.47674560547,66633.93341064453,0,67221336064,8589930496,2026971136,252059648
200,1727561530322,1100,1135,933,800,1100,800,1100,800,799,799,800,800,800,800,800,799,812,800,799,865,799,799,800,800,800,799,800,1018,2390,1249,1101,800,0,0,100,0,0,0,0,0,0,0,0,0,0,0,0,0,0,0,0,0,0,0,0,0,0,0,0,0,0,0,0,0,0,148449.03784179688,66642.79333496094,0,67221336064,8589930496,2042888192,252059648
200,1727561530522,1100,1135,933,800,1100,800,1100,800,799,799,800,800,800,800,800,799,812,800,799,865,799,799,800,800,800,799,800,1018,2390,1249,1101,800,0,0,100,0,0,0,0,0,0,0,0,0,0,0,0,0,0,0,0,0,0,0,0,0,0,0,0,0,0,0,0,0,0,148459.51782226563,66651.58282470703,0,67221336064,8589930496,2042888192,252059648
200,1727561530722,1100,1135,933,800,1100,800,1100,800,799,799,800,800,800,800,800,799,812,800,799,865,799,799,800,800,800,799,800,1018,2390,1249,1101,800,0,0,100,0,0,0,0,0,0,0,0,0,0,0,0,0,0,0,0,0,0,0,0,0,0,0,0,0,0,0,0,0,0,148469.93798828125,66660.31005859375,0,67221336064,8589930496,2042888192,252059648
200,1727561530922,1100,1135,933,800,1100,800,1100,800,799,799,800,800,800,800,800,799,812,800,799,865,799,799,800,800,800,799,800,1018,2390,1249,1101,800,0,0,100,0,0,0,0,0,0,0,0,0,0,0,0,0,0,0,0,0,0,0,0,0,0,0,0,0,0,0,0,0,0,148480.4764404297,66669.1528930664,0,67221336064,8589930496,2042888192,252059648
200,1727561531122,1100,1135,933,800,1100,800,1100,800,799,799,800,800,800,800,800,799,812,800,799,865,799,799,800,800,800,799,800,1018,2390,1249,1101,800,0,0,100,0,0,0,0,0,0,0,0,0,0,0,0,0,0,0,0,0,0,0,0,0,0,0,0,0,0,0,0,0,0,148490.94036865234,66677.92559814453,0,67221336064,8589930496,2037436416,252059648
200,1727561531322,1100,1135,933,800,1100,800,1100,800,799,799,800,800,800,800,800,799,812,800,799,865,799,799,800,800,800,799,800,1018,2390,1249,1101,800,0,0,100,0,0,0,0,0,0,0,0,0,0,0,0,0,0,0,0,0,0,0,0,0,0,0,0,0,0,0,0,0,0,148501.45751953125,66686.73474121094,0,67221336064,8589930496,2029506560,252059648
200,1727561531522,1100,1135,933,800,1100,800,1100,800,799,799,800,800,800,800,800,799,812,800,799,865,799,799,800,800,800,799,800,1018,2390,1249,1101,800,0,0,100,0,0,0,0,0,0,0,0,0,0,0,0,0,0,0,0,0,0,0,0,0,0,0,0,0,0,0,0,0,0,148511.87725830078,66695.45770263672,0,67221336064,8589930496,2037387264,252059648
200,1727561531722,1100,1135,933,800,1100,800,1100,800,799,799,800,800,800,800,800,799,812,800,799,865,799,799,800,800,800,799,800,1018,2390,1249,1101,800,0,0,100,0,0,0,0,0,0,0,0,0,0,0,0,0,0,0,0,0,0,0,0,0,0,0,0,0,0,0,0,0,0,148522.4344482422,66704.31127929688,0,67221336064,8589930496,2037387264,252059648
200,1727561531922,1100,1135,933,800,1100,800,1100,800,799,799,800,800,800,800,800,799,812,800,799,865,799,799,800,800,800,799,800,1018,2390,1249,1101,800,0,0,100,0,0,0,0,0,0,0,0,0,0,0,0,0,0,0,0,0,0,0,0,0,0,0,0,0,0,0,0,0,0,148532.89520263672,66713.0814819336,0,67221336064,8589930496,2037387264,252059648
200,1727561532122,1100,1135,933,800,1100,800,1100,800,799,799,800,800,800,800,800,799,812,800,799,865,799,799,800,800,800,799,800,1018,2390,1249,1101,800,0,0,100,0,0,0,0,0,0,0,0,0,0,0,0,0,0,0,0,0,0,0,0,0,0,0,0,0,0,0,0,0,0,148543.32611083984,66721.8179321289,0,67221336064,8589930496,2037387264,252059648
200,1727561532323,1100,1135,933,800,1100,800,1100,800,799,799,800,800,800,800,800,799,812,800,799,865,799,799,800,800,800,799,800,1018,2390,1249,1101,800,0,0,100,0,0,0,0,0,0,0,0,0,0,0,0,0,0,0,0,0,0,0,0,0,0,0,0,0,0,0,0,0,0,148553.81079101563,66730.607421875,0,67221336064,8589930496,2029457408,252059648
200,1727561532523,1100,1135,933,800,1100,800,1100,800,799,799,800,800,800,800,800,799,812,800,799,865,799,799,800,800,800,799,800,1018,2390,1249,1101,800,0,0,100,0,0,0,0,0,0,0,0,0,0,0,0,0,0,0,0,0,0,0,0,0,0,0,0,0,0,0,0,0,0,148564.22625732422,66739.3314819336,0,67221336064,8589930496,2037129216,252059648
200,1727561532723,1100,1135,933,800,1100,800,1100,800,799,799,800,800,800,800,800,799,812,800,799,865,799,799,800,800,800,799,800,1018,2390,1249,1101,800,0,0,100,0,0,0,0,0,0,0,0,0,0,0,0,0,0,0,0,0,0,0,0,0,0,0,0,0,0,0,0,0,0,148574.69451904297,66748.10327148438,0,67221336064,8589930496,2037129216,252059648
200,1727561532923,1100,1135,933,800,1100,800,1100,800,799,799,800,800,800,800,800,799,812,800,799,865,799,799,800,800,800,799,800,1018,2390,1249,1101,800,0,0,100,0,0,0,0,0,0,0,0,0,0,0,0,0,0,0,0,0,0,0,0,0,0,0,0,0,0,0,0,0,0,148585.16735839844,66756.87091064453,0,67221336064,8589930496,2037129216,252059648
200,1727561533123,1100,1135,933,800,1100,800,1100,800,799,799,800,800,800,800,800,799,812,800,799,865,799,799,800,800,800,799,800,1018,2390,1249,1101,800,0,0,100,0,0,0,0,0,0,0,0,0,0,0,0,0,0,0,0,0,0,0,0,0,0,0,0,0,0,0,0,0,0,148595.7642211914,66765.75183105469,0,67221336064,8589930496,2029199360,252059648
200,1727561533323,1100,1135,933,800,1100,800,1100,800,799,799,800,800,800,800,800,799,812,800,799,865,799,799,800,800,800,799,800,1018,2390,1249,1101,800,0,0,100,0,0,0,0,0,0,0,0,0,0,0,0,0,0,0,0,0,0,0,0,0,0,0,0,0,0,0,0,0,0,148606.41528320313,66774.69940185547,0,67221336064,8589930496,2036871168,252059648
200,1727561533523,1100,1135,933,800,1100,800,1100,800,799,799,800,800,800,800,800,799,812,800,799,865,799,799,800,800,800,799,800,1018,2390,1249,1101,800,0,0,100,0,0,0,0,0,0,0,0,0,0,0,0,0,0,0,0,0,0,0,0,0,0,0,0,0,0,0,0,0,0,148616.80987548828,66783.40240478516,0,67221336064,8589930496,2036871168,252059648
200,1727561533723,1100,1135,933,800,1100,800,1100,800,799,799,800,800,800,800,800,799,812,800,799,865,799,799,800,800,800,799,800,1018,2390,1249,1101,800,0,0,100,0,0,0,0,0,0,0,0,0,0,0,0,0,0,0,0,0,0,0,0,0,0,0,0,0,0,0,0,0,0,148627.39630126953,66792.2875366211,0,67221336064,8589930496,2036871168,252059648
200,1727561533923,1100,1135,933,800,1100,800,1100,800,799,799,800,800,800,800,800,799,812,800,799,865,799,799,800,800,800,799,800,1018,2390,1249,1101,800,0,0,100,0,0,0,0,0,0,0,0,0,0,0,0,0,0,0,0,0,0,0,0,0,0,0,0,0,0,0,0,0,0,148637.9169921875,66801.10852050781,0,67221336064,8589930496,2036871168,252059648
200,1727561534123,1100,1135,933,800,1100,800,1100,800,799,799,800,800,800,800,800,799,812,800,799,865,799,799,800,800,800,799,800,1018,2390,1249,1101,800,0,0,100,0,0,0,0,0,0,0,0,0,0,0,0,0,0,0,0,0,0,0,0,0,0,0,0,0,0,0,0,0,0,148648.4610595703,66809.95886230469,0,67221336064,8589930496,2020515840,252059648
200,1727561534324,1100,1135,933,800,1100,800,1100,800,799,799,800,800,800,800,800,799,812,800,799,865,799,799,800,800,800,799,800,1018,2390,1249,1101,800,0,0,100,0,0,0,0,0,0,0,0,0,0,0,0,0,0,0,0,0,0,0,0,0,0,0,0,0,0,0,0,0,0,148658.9457397461,66818.74731445313,0,67221336064,8589930496,2036613120,252059648
200,1727561534524,1100,1135,933,800,1100,800,1100,800,799,799,800,800,800,800,800,799,812,800,799,865,799,799,800,800,800,799,800,1018,2390,1249,1101,800,0,0,100,0,0,0,0,0,0,0,0,0,0,0,0,0,0,0,0,0,0,0,0,0,0,0,0,0,0,0,0,0,0,148669.36724853516,66827.47802734375,0,67221336064,8589930496,2036613120,252059648
200,1727561534724,1100,1135,933,800,1100,800,1100,800,799,799,800,800,800,800,800,799,812,800,799,865,799,799,800,800,800,799,800,1018,2390,1249,1101,800,0,0,100,0,0,0,0,0,0,0,0,0,0,0,0,0,0,0,0,0,0,0,0,0,0,0,0,0,0,0,0,0,0,148679.8614501953,66836.26763916016,0,67221336064,8589930496,2036613120,252059648
200,1727561534924,1100,1135,933,800,1100,800,1100,800,799,799,800,800,800,800,800,799,812,800,799,865,799,799,800,800,800,799,800,1018,2390,1249,1101,800,0,0,100,0,0,0,0,0,0,0,0,0,0,0,0,0,0,0,0,0,0,0,0,0,0,0,0,0,0,0,0,0,0,148690.2928466797,66845.00067138672,0,67221336064,8589930496,2036613120,252059648
200,1727561535124,1100,1135,933,800,1100,800,1100,800,799,799,800,800,800,800,800,799,812,800,799,865,799,799,800,800,800,799,800,1018,2390,1249,1101,800,0,0,100,0,0,0,0,0,0,0,0,0,0,0,0,0,0,0,0,0,0,0,0,0,0,0,0,0,0,0,0,0,0,148700.77868652344,66853.7816772461,0,67221336064,8589930496,2036613120,252059648
200,1727561535324,1100,1135,933,800,1100,800,1100,800,799,799,800,800,800,800,800,799,812,800,799,865,799,799,800,800,800,799,800,1018,2390,1249,1101,800,0,0,100,0,0,0,0,0,0,0,0,0,0,0,0,0,0,0,0,0,0,0,0,0,0,0,0,0,0,0,0,0,0,148711.380859375,66862.67175292969,0,67221336064,8589930496,2028683264,252059648
200,1727561535524,1100,1135,933,800,1100,800,1100,800,799,799,800,800,800,800,800,799,812,800,799,865,799,799,800,800,800,799,800,1018,2390,1249,1101,800,0,0,100,0,0,0,0,0,0,0,0,0,0,0,0,0,0,0,0,0,0,0,0,0,0,0,0,0,0,0,0,0,0,148721.82067871094,66871.42169189453,0,67221336064,8589930496,2036355072,252059648
200,1727561535724,1100,1135,933,800,1100,800,1100,800,799,799,800,800,800,800,800,799,812,800,799,865,799,799,800,800,800,799,800,1018,2390,1249,1101,800,0,0,100,0,0,0,0,0,0,0,0,0,0,0,0,0,0,0,0,0,0,0,0,0,0,0,0,0,0,0,0,0,0,148732.3779296875,66880.27661132813,0,67221336064,8589930496,2036355072,252059648
200,1727561535924,1100,1135,933,800,1100,800,1100,800,799,799,800,800,800,800,800,799,812,800,799,865,799,799,800,800,800,799,800,1018,2390,1249,1101,800,0,0,100,0,0,0,0,0,0,0,0,0,0,0,0,0,0,0,0,0,0,0,0,0,0,0,0,0,0,0,0,0,0,148742.87963867188,66889.07330322266,0,67221336064,8589930496,2036355072,252059648
200,1727561536124,1100,1135,933,800,1100,800,1100,800,799,799,800,800,800,800,800,799,812,800,799,865,799,799,800,800,800,799,800,1018,2390,1249,1101,800,0,0,100,0,0,0,0,0,0,0,0,0,0,0,0,0,0,0,0,0,0,0,0,0,0,0,0,0,0,0,0,0,0,148753.37280273438,66897.86083984375,0,67221336064,8589930496,2028425216,252059648
200,1727561536325,1100,1135,933,800,1100,800,1100,800,799,799,800,800,800,800,800,799,812,800,799,865,799,799,800,800,800,799,800,1018,2390,1249,1101,800,0,0,100,0,0,0,0,0,0,0,0,0,0,0,0,0,0,0,0,0,0,0,0,0,0,0,0,0,0,0,0,0,0,148763.84539794922,66906.630859375,0,67221336064,8589930496,2036097024,252059648
200,1727561536525,1100,1135,933,800,1100,800,1100,800,799,799,800,800,800,800,800,799,812,800,799,865,799,799,800,800,800,799,800,1018,2390,1249,1101,800,0,0,100,0,0,0,0,0,0,0,0,0,0,0,0,0,0,0,0,0,0,0,0,0,0,0,0,0,0,0,0,0,0,148774.3358154297,66915.41729736328,0,67221336064,8589930496,2036097024,252059648
200,1727561536725,1100,1135,933,800,1100,800,1100,800,799,799,800,800,800,800,800,799,812,800,799,865,799,799,800,800,800,799,800,1018,2390,1249,1101,800,0,0,100,0,0,0,0,0,0,0,0,0,0,0,0,0,0,0,0,0,0,0,0,0,0,0,0,0,0,0,0,0,0,148784.76556396484,66924.1478881836,0,67221336064,8589930496,2036097024,252059648
200,1727561536925,1100,1135,933,800,1100,800,1100,800,799,799,800,800,800,800,800,799,812,800,799,865,799,799,800,800,800,799,800,1018,2390,1249,1101,800,0,0,100,0,0,0,0,0,0,0,0,0,0,0,0,0,0,0,0,0,0,0,0,0,0,0,0,0,0,0,0,0,0,148795.22344970703,66932.91064453125,0,67221336064,8589930496,2036097024,252059648
200,1727561537125,1100,1135,933,800,1100,800,1100,800,799,799,800,800,800,800,800,799,812,800,799,865,799,799,800,800,800,799,800,1018,2390,1249,1101,800,0,0,100,0,0,0,0,0,0,0,0,0,0,0,0,0,0,0,0,0,0,0,0,0,0,0,0,0,0,0,0,0,0,148805.68743896484,66941.6724243164,0,67221336064,8589930496,2028167168,252059648
200,1727561537325,1100,1135,933,800,1100,800,1100,800,799,799,800,800,800,800,800,799,812,800,799,865,799,799,800,800,800,799,800,1018,2390,1249,1101,800,0,0,100,0,0,0,0,0,0,0,0,0,0,0,0,0,0,0,0,0,0,0,0,0,0,0,0,0,0,0,0,0,0,148816.14892578125,66950.43267822266,0,67221336064,8589930496,2035838976,252059648
200,1727561537525,1100,1135,933,800,1100,800,1100,800,799,799,800,800,800,800,800,799,812,800,799,865,799,799,800,800,800,799,800,1018,2390,1249,1101,800,0,0,100,0,0,0,0,0,0,0,0,0,0,0,0,0,0,0,0,0,0,0,0,0,0,0,0,0,0,0,0,0,0,148826.77368164063,66959.3609008789,0,67221336064,8589930496,2035834880,252059648
200,1727561537725,1100,1135,933,800,1100,800,1100,800,799,799,800,800,800,800,800,799,812,800,799,865,799,799,800,800,800,799,800,1018,2390,1249,1101,800,0,0,100,0,0,0,0,0,0,0,0,0,0,0,0,0,0,0,0,0,0,0,0,0,0,0,0,0,0,0,0,0,0,148837.28100585938,66968.1714477539,0,67221336064,8589930496,2035834880,252059648
200,1727561537925,1100,1135,933,800,1100,800,1100,800,799,799,800,800,800,800,800,799,812,800,799,865,799,799,800,800,800,799,800,1018,2390,1249,1101,800,0,0,100,0,0,0,0,0,0,0,0,0,0,0,0,0,0,0,0,0,0,0,0,0,0,0,0,0,0,0,0,0,0,148847.81018066406,66976.99938964844,0,67221336064,8589930496,2035834880,252059648
200,1727561538125,1100,1135,933,800,1100,800,1100,800,799,799,800,800,800,800,800,799,812,800,799,865,799,799,800,800,800,799,800,1018,2390,1249,1101,800,0,0,100,0,0,0,0,0,0,0,0,0,0,0,0,0,0,0,0,0,0,0,0,0,0,0,0,0,0,0,0,0,0,148858.2724609375,66985.76055908203,0,67221336064,8589930496,2035834880,252059648
200,1727561538326,1100,1135,933,800,1100,800,1100,800,799,799,800,800,800,800,800,799,812,800,799,865,799,799,800,800,800,799,800,1018,2390,1249,1101,800,0,0,100,0,0,0,0,0,0,0,0,0,0,0,0,0,0,0,0,0,0,0,0,0,0,0,0,0,0,0,0,0,0,148868.7388305664,66994.52893066406,0,67221336064,8589930496,2019479552,252059648
200,1727561538526,1100,1135,933,800,1100,800,1100,800,799,799,800,800,800,800,800,799,812,800,799,865,799,799,800,800,800,799,800,1018,2390,1249,1101,800,0,0,100,0,0,0,0,0,0,0,0,0,0,0,0,0,0,0,0,0,0,0,0,0,0,0,0,0,0,0,0,0,0,148879.17999267578,67003.275390625,0,67221336064,8589930496,2035576832,252059648
200,1727561538726,1100,1135,933,800,1100,800,1100,800,799,799,800,800,800,800,800,799,812,800,799,865,799,799,800,800,800,799,800,1018,2390,1249,1101,800,0,0,100,0,0,0,0,0,0,0,0,0,0,0,0,0,0,0,0,0,0,0,0,0,0,0,0,0,0,0,0,0,0,148889.63702392578,67012.04473876953,0,67221336064,8589930496,2035576832,252059648
200,1727561538926,1100,1135,933,800,1100,800,1100,800,799,799,800,800,800,800,800,799,812,800,799,865,799,799,800,800,800,799,800,1018,2390,1249,1101,800,0,0,100,0,0,0,0,0,0,0,0,0,0,0,0,0,0,0,0,0,0,0,0,0,0,0,0,0,0,0,0,0,0,148900.0552368164,67020.7788696289,0,67221336064,8589930496,2035576832,252059648
200,1727561539126,1100,1135,933,800,1100,800,1100,800,799,799,800,800,800,800,800,799,812,800,799,865,799,799,800,800,800,799,800,1018,2390,1249,1101,800,0,0,100,0,0,0,0,0,0,0,0,0,0,0,0,0,0,0,0,0,0,0,0,0,0,0,0,0,0,0,0,0,0,148910.53100585938,67029.56555175781,0,67221336064,8589930496,2027646976,252059648
200,1727561539326,1100,1135,933,800,1100,800,1100,800,799,799,800,800,800,800,800,799,812,800,799,865,799,799,800,800,800,799,800,1018,2390,1249,1101,800,0,0,100,0,0,0,0,0,0,0,0,0,0,0,0,0,0,0,0,0,0,0,0,0,0,0,0,0,0,0,0,0,0,148921.13720703125,67038.4779663086,0,67221336064,8589930496,2035318784,252059648
200,1727561539526,1100,1135,933,800,1100,800,1100,800,799,799,800,800,800,800,800,799,812,800,799,865,799,799,800,800,800,799,800,1018,2390,1249,1101,800,0,0,100,0,0,0,0,0,0,0,0,0,0,0,0,0,0,0,0,0,0,0,0,0,0,0,0,0,0,0,0,0,0,148931.64776611328,67047.29956054688,0,67221336064,8589930496,2035318784,252059648
200,1727561539726,1100,1135,933,800,1100,800,1100,800,799,799,800,800,800,800,800,799,812,800,799,865,799,799,800,800,800,799,800,1018,2390,1249,1101,800,0,0,100,0,0,0,0,0,0,0,0,0,0,0,0,0,0,0,0,0,0,0,0,0,0,0,0,0,0,0,0,0,0,148942.2371826172,67056.18908691406,0,67221336064,8589930496,2035318784,252059648
200,1727561539926,1100,1135,933,800,1100,800,1100,800,799,799,800,800,800,800,800,799,812,800,799,865,799,799,800,800,800,799,800,1018,2390,1249,1101,800,0,0,100,0,0,0,0,0,0,0,0,0,0,0,0,0,0,0,0,0,0,0,0,0,0,0,0,0,0,0,0,0,0,148952.66235351563,67064.9185180664,0,67221336064,8589930496,2035318784,252059648
200,1727561540126,1100,1135,933,800,1100,800,1100,800,799,799,800,800,800,800,800,799,812,800,799,865,799,799,800,800,800,799,800,1018,2390,1249,1101,800,0,0,100,0,0,0,0,0,0,0,0,0,0,0,0,0,0,0,0,0,0,0,0,0,0,0,0,0,0,0,0,0,0,148963.0845336914,67073.65759277344,0,67221336064,8589930496,2027388928,252059648
200,1727561540327,1100,1135,933,800,1100,800,1100,800,799,799,800,800,800,800,800,799,812,800,799,865,799,799,800,800,800,799,800,1018,2390,1249,1101,800,0,0,100,0,0,0,0,0,0,0,0,0,0,0,0,0,0,0,0,0,0,0,0,0,0,0,0,0,0,0,0,0,0,148973.5302734375,67082.41162109375,0,67221336064,8589930496,2035060736,252059648
200,1727561540527,1100,1135,933,800,1100,800,1100,800,799,799,800,800,800,800,800,799,812,800,799,865,799,799,800,800,800,799,800,1018,2390,1249,1101,800,0,0,100,0,0,0,0,0,0,0,0,0,0,0,0,0,0,0,0,0,0,0,0,0,0,0,0,0,0,0,0,0,0,148983.93774414063,67091.13330078125,0,67221336064,8589930496,2035060736,252059648
200,1727561540727,1100,1135,933,800,1100,800,1100,800,799,799,800,800,800,800,800,799,812,800,799,865,799,799,800,800,800,799,800,1018,2390,1249,1101,800,0,0,100,0,0,0,0,0,0,0,0,0,0,0,0,0,0,0,0,0,0,0,0,0,0,0,0,0,0,0,0,0,0,148994.36907958984,67099.88006591797,0,67221336064,8589930496,2035060736,252059648
200,1727561540927,1100,1135,933,800,1100,800,1100,800,799,799,800,800,800,800,800,799,812,800,799,865,799,799,800,800,800,799,800,1018,2390,1249,1101,800,0,0,100,0,0,0,0,0,0,0,0,0,0,0,0,0,0,0,0,0,0,0,0,0,0,0,0,0,0,0,0,0,0,149004.7733154297,67108.59716796875,0,67221336064,8589930496,2035060736,252059648
200,1727561541127,1100,1135,933,800,1100,800,1100,800,799,799,800,800,800,800,800,799,812,800,799,865,799,799,800,800,800,799,800,1018,2390,1249,1101,800,0,0,100,0,0,0,0,0,0,0,0,0,0,0,0,0,0,0,0,0,0,0,0,0,0,0,0,0,0,0,0,0,0,149015.3634033203,67117.48028564453,0,67221336064,8589930496,2035060736,252059648
200,1727561541327,1100,1135,933,800,1100,800,1100,800,799,799,800,800,800,800,800,799,812,800,799,865,799,799,800,800,800,799,800,1018,2390,1249,1101,800,0,0,100,0,0,0,0,0,0,0,0,0,0,0,0,0,0,4.761904716491699,0,0,0,0,0,0,0,0,0,0,0,0,0,0,0,149026.0753173828,67126.46105957031,0,67221336064,8589930496,2027130880,252059648
200,1727561541527,1100,1135,933,800,1100,800,1100,800,799,799,800,800,800,800,800,799,812,800,799,865,799,799,800,800,800,799,800,1018,2390,1249,1101,800,4.761904716491699,0,100,0,0,0,0,0,0,0,0,0,0,0,0,0,0,0,0,0,0,0,0,0,0,0,0,0,0,0,0,0,0,149036.61407470703,67135.30157470703,0,67221336064,8589930496,2034802688,252059648
200,1727561541727,1100,1135,933,800,1100,800,1100,800,799,799,800,800,800,800,800,799,812,800,799,865,799,799,800,800,800,799,800,1018,2390,1249,1101,800,0,0,100,0,0,0,0,0,0,0,0,0,0,0,0,0,0,0,0,0,0,0,0,0,0,0,0,0,0,0,0,0,0,149047.1644897461,67144.15301513672,0,67221336064,8589930496,2034802688,252059648
200,1727561541927,1100,1135,933,800,1100,800,1100,800,799,799,800,800,800,800,800,799,812,800,799,865,799,799,800,800,800,799,800,1018,2390,1249,1101,800,0,0,100,0,0,0,0,0,0,0,0,0,0,0,0,0,0,0,0,0,0,0,0,0,0,0,0,0,0,0,0,0,0,149057.68145751953,67152.9794921875,0,67221336064,8589930496,2034802688,252059648
199,1727561542128,1100,1135,933,800,1100,800,1100,800,799,799,800,800,800,800,800,799,812,800,799,865,799,799,800,800,800,799,800,1018,2390,1249,1101,800,0,0,100,0,0,0,0,0,0,0,0,0,0,0,0,0,0,0,0,0,0,0,0,0,0,0,0,0,0,0,0,0,0,149068.20526123047,67161.81329345703,0,67221336064,8589930496,2026872832,252059648
200,1727561542328,1100,1135,933,800,1100,800,1100,800,799,799,800,800,800,800,800,799,812,800,799,865,799,799,800,800,800,799,800,1018,2390,1249,1101,800,0,0,100,0,0,0,0,0,0,0,0,0,0,0,0,0,0,0,0,0,0,0,0,0,0,0,0,0,0,0,0,0,0,149078.60748291016,67170.52899169922,0,67221336064,8589930496,2042802176,252059648
200,1727561542528,1100,1135,933,800,1100,800,1100,800,799,799,800,800,800,800,800,799,812,800,799,865,799,799,800,800,800,799,800,1018,2390,1249,1101,800,0,0,100,0,0,0,0,0,0,0,0,0,0,0,0,0,0,0,0,0,0,0,0,0,0,0,0,0,0,0,0,0,0,149089.12188720703,67179.36096191406,0,67221336064,8589930496,2042802176,252059648
200,1727561542728,1100,1135,933,800,1100,800,1100,800,799,799,800,800,800,800,800,799,812,800,799,865,799,799,800,800,800,799,800,1018,2390,1249,1101,800,0,0,100,0,0,0,0,0,0,0,0,0,0,0,0,0,0,0,0,0,0,0,0,0,0,0,0,0,0,0,0,0,0,149099.69885253906,67188.24432373047,0,67221336064,8589930496,2042802176,252059648
200,1727561542928,1100,1135,933,800,1100,800,1100,800,799,799,800,800,800,800,800,799,812,800,799,865,799,799,800,800,800,799,800,1018,2390,1249,1101,800,0,0,100,0,0,0,0,0,0,0,0,0,0,0,0,0,0,0,0,0,0,0,0,0,0,0,0,0,0,0,0,0,0,149110.11114501953,67196.97387695313,0,67221336064,8589930496,2042802176,252059648
200,1727561543128,1100,1135,933,800,1100,800,1100,800,799,799,800,800,800,800,800,799,812,800,799,865,799,799,800,800,800,799,800,1018,2390,1249,1101,800,0,0,100,0,0,0,0,0,0,0,0,0,0,0,0,0,0,0,0,0,0,0,0,0,0,0,0,0,0,0,0,0,0,149120.51135253906,67205.68859863281,0,67221336064,8589930496,2026446848,252059648
200,1727561543328,1100,1135,933,800,1100,800,1100,800,799,799,800,800,800,800,800,799,812,800,799,865,799,799,800,800,800,799,800,1018,2390,1249,1101,800,0,0,100,0,0,0,0,0,0,0,0,0,0,0,0,0,0,0,0,0,0,0,0,0,0,0,0,0,0,0,0,0,0,149130.99780273438,67214.48364257813,0,67221336064,8589930496,2042544128,252059648
200,1727561543528,1100,1135,933,800,1100,800,1100,800,799,799,800,800,800,800,800,799,812,800,799,865,799,799,800,800,800,799,800,1018,2390,1249,1101,800,0,0,100,0,0,0,0,0,0,0,0,0,0,0,0,0,0,0,0,0,0,0,0,0,0,0,0,0,0,0,0,0,0,149141.51245117188,67223.3081665039,0,67221336064,8589930496,2042544128,252059648
200,1727561543728,1100,1135,933,800,1100,800,1100,800,799,799,800,800,800,800,800,799,812,800,799,865,799,799,800,800,800,799,800,1018,2390,1249,1101,800,0,0,100,0,0,0,0,0,0,0,0,0,0,0,0,0,0,0,0,0,0,0,0,0,0,0,0,0,0,0,0,0,0,149152.02014160156,67232.12225341797,0,67221336064,8589930496,2042544128,252059648
200,1727561543928,1100,1135,933,800,1100,800,1100,800,799,799,800,800,800,800,800,799,812,800,799,865,799,799,800,800,800,799,800,1018,2390,1249,1101,800,0,0,100,0,0,0,0,0,0,0,0,0,0,0,0,0,0,0,0,0,0,0,0,0,0,0,0,0,0,0,0,0,0,149162.50323486328,67240.91943359375,0,67221336064,8589930496,2042544128,252059648
200,1727561544129,1100,1135,933,800,1100,800,1100,800,799,799,800,800,800,800,800,799,812,800,799,865,799,799,800,800,800,799,800,1018,2390,1249,1101,800,0,0,100,0,0,0,0,0,0,0,0,0,0,0,0,0,0,0,0,0,0,0,0,0,0,0,0,0,0,0,0,0,0,149173.0118408203,67249.73602294922,0,67221336064,8589930496,2042544128,252059648
200,1727561544329,1100,1135,933,800,1100,800,1100,800,799,799,800,800,800,800,800,799,812,800,799,865,799,799,800,800,800,799,800,1018,2390,1249,1101,800,0,0,100,0,0,0,0,0,0,0,0,0,0,0,0,0,0,0,0,0,0,0,0,0,0,0,0,0,0,0,0,0,0,149183.43267822266,67258.47094726563,0,67221336064,8589930496,2034614272,252059648
200,1727561544529,1100,1135,933,800,1100,800,1100,800,799,799,800,800,800,800,800,799,812,800,799,865,799,799,800,800,800,799,800,1018,2390,1249,1101,800,0,0,100,0,0,0,0,0,0,0,0,0,0,0,0,0,0,0,0,0,0,0,0,0,0,0,0,0,0,0,0,0,0,149193.8916015625,67267.24334716797,0,67221336064,8589930496,2034614272,252059648
200,1727561544729,1100,1135,933,800,1100,800,1100,800,799,799,800,800,800,800,800,799,812,800,799,865,799,799,800,800,800,799,800,1018,2390,1249,1101,800,0,0,100,0,0,0,0,0,0,0,0,0,0,0,0,0,0,0,0,0,0,0,0,0,0,0,0,0,0,0,0,0,0,149204.26684570313,67275.93280029297,0,67221336064,8589930496,2034614272,252059648
200,1727561544929,1100,1135,933,800,1100,800,1100,800,799,799,800,800,800,800,800,799,812,800,799,865,799,799,800,800,800,799,800,1018,2390,1249,1101,800,0,0,100,0,0,0,0,0,0,0,0,0,0,0,0,0,0,0,0,0,0,0,0,0,0,0,0,0,0,0,0,0,0,149214.77545166016,67284.75598144531,0,67221336064,8589930496,2034614272,252059648
200,1727561545129,1100,1135,933,800,1100,800,1100,800,799,799,800,800,800,800,800,799,812,800,799,865,799,799,800,800,800,799,800,1018,2390,1249,1101,800,0,0,100,0,0,0,0,0,0,0,0,0,0,0,0,0,0,0,0,0,0,0,0,0,0,0,0,0,0,0,0,0,0,149225.25506591797,67293.55053710938,0,67221336064,8589930496,2027130880,252059648
200,1727561545329,1100,1135,933,800,1100,800,1100,800,799,799,800,800,800,800,800,799,812,800,799,865,799,799,800,800,800,799,800,1018,2390,1249,1101,800,0,0,100,0,0,0,0,0,0,0,0,0,0,0,0,0,0,0,0,0,0,0,0,0,0,0,0,0,0,0,0,0,0,149235.8203125,67302.42993164063,0,67221336064,8589930496,2034802688,252059648
200,1727561545529,1100,1135,933,800,1100,800,1100,800,799,799,800,800,800,800,800,799,812,800,799,865,799,799,800,800,800,799,800,1018,2390,1249,1101,800,4.761904716491699,0,100,0,0,0,0,0,0,0,0,0,0,0,0,0,0,0,0,0,0,0,0,0,0,0,0,0,0,0,0,0,0,149246.1987915039,67311.11608886719,0,67221336064,8589930496,2034802688,252059648
200,1727561545729,1100,1135,933,800,1100,800,1100,800,799,799,800,800,800,800,800,799,812,800,799,865,799,799,800,800,800,799,800,1018,2390,1249,1101,800,0,0,100,0,0,0,0,0,0,0,0,0,0,0,0,0,0,0,0,0,0,0,0,0,0,0,0,0,0,0,0,0,0,149256.74951171875,67319.97900390625,0,67221336064,8589930496,2034802688,252059648
200,1727561545929,1100,1135,933,800,1100,800,1100,800,799,799,800,800,800,800,800,799,812,800,799,865,799,799,800,800,800,799,800,1018,2390,1249,1101,800,0,0,100,0,0,0,0,0,0,0,0,0,0,0,0,0,0,0,0,0,0,0,0,0,0,0,0,0,0,0,0,0,0,149267.18627929688,67328.73291015625,0,67221336064,8589930496,2034802688,252059648
200,1727561546129,1100,1135,933,800,1100,800,1100,800,799,799,800,800,800,800,800,799,812,800,799,865,799,799,800,800,800,799,800,1018,2390,1249,1101,800,0,0,100,0,0,0,0,0,0,0,0,0,0,0,0,0,0,0,0,0,0,0,0,0,0,0,0,0,0,0,0,0,0,149277.66625976563,67337.51477050781,0,67221336064,8589930496,2026872832,252059648
200,1727561546330,1100,1135,933,800,1100,800,1100,800,799,799,800,800,800,800,800,799,812,800,799,865,799,799,800,800,800,799,800,1018,2390,1249,1101,800,0,0,100,0,0,0,0,0,0,0,0,0,4.761904716491699,0,0,0,0,0,0,0,0,0,0,0,0,0,0,0,0,0,0,0,0,149288.19165039063,67346.34832763672,0,67221336064,8589930496,2042802176,252059648
200,1727561546530,1100,1135,933,800,1100,800,1100,800,799,799,800,800,800,800,800,799,812,800,799,865,799,799,800,800,800,799,800,1018,2390,1249,1101,800,0,0,100,0,0,0,0,0,0,0,0,0,0,0,0,0,0,0,0,0,0,0,0,0,0,0,0,0,0,0,0,0,0,149298.62469482422,67355.09680175781,0,67221336064,8589930496,2042802176,252059648
200,1727561546730,1100,1135,933,800,1100,800,1100,800,799,799,800,800,800,800,800,799,812,800,799,865,799,799,800,800,800,799,800,1018,2390,1249,1101,800,0,0,100,0,0,0,0,0,0,0,0,0,0,0,0,0,0,0,0,0,0,0,0,0,0,0,0,0,0,0,0,0,0,149309.0347290039,67363.82427978516,0,67221336064,8589930496,2042802176,252059648
200,1727561546930,1100,1135,933,800,1100,800,1100,800,799,799,800,800,800,800,800,799,812,800,799,865,799,799,800,800,800,799,800,1018,2390,1249,1101,800,0,0,100,0,0,0,0,0,0,0,0,0,0,0,0,0,0,0,0,0,0,0,0,0,0,0,0,0,0,0,0,0,0,149319.40075683594,67372.50720214844,0,67221336064,8589930496,2042802176,252059648
200,1727561547130,1100,1135,933,800,1100,800,1100,800,799,799,800,800,800,800,800,799,812,800,799,865,799,799,800,800,800,799,800,1018,2390,1249,1101,800,0,0,100,0,0,0,0,0,0,0,0,0,0,0,0,0,0,0,0,0,0,0,0,0,0,0,0,0,0,0,0,0,0,149329.8133544922,67381.23828125,0,67221336064,8589930496,2042802176,252059648
200,1727561547330,1100,1135,933,800,1100,800,1100,800,799,799,800,800,800,800,800,799,812,800,799,865,799,799,800,800,800,799,800,1018,2390,1249,1101,800,0,0,100,0,0,0,0,0,0,0,0,0,0,0,0,0,0,0,0,0,0,0,0,0,0,0,0,0,0,0,0,0,0,149340.18359375,67389.92681884766,0,67221336064,8589930496,2026446848,252059648
200,1727561547530,1100,1135,933,800,1100,800,1100,800,799,799,800,800,800,800,800,799,812,800,799,865,799,799,800,800,800,799,800,1018,2390,1249,1101,800,0,0,100,0,0,0,0,0,0,0,0,0,0,0,0,0,0,0,0,0,0,0,0,0,0,0,0,0,0,0,0,0,0,149350.65295410156,67398.70556640625,0,67221336064,8589930496,2042544128,252059648
200,1727561547730,1100,1135,933,800,1100,800,1100,800,799,799,800,800,800,800,800,799,812,800,799,865,799,799,800,800,800,799,800,1018,2390,1249,1101,800,0,0,100,0,0,0,0,0,0,0,0,0,0,0,0,0,0,0,0,0,0,0,0,0,0,0,0,0,0,0,0,0,0,149361.1480102539,67407.50506591797,0,67221336064,8589930496,2042544128,252059648
200,1727561547930,1100,1135,933,800,1100,800,1100,800,799,799,800,800,800,800,800,799,812,800,799,865,799,799,800,800,800,799,800,1018,2390,1249,1101,800,0,0,100,0,0,0,0,0,0,0,0,0,0,0,0,0,0,0,0,0,0,0,0,0,0,0,0,0,0,0,0,0,0,149371.57385253906,67416.23498535156,0,67221336064,8589930496,2042544128,252059648
200,1727561548131,1100,1135,933,800,1100,800,1100,800,799,799,800,800,800,800,800,799,812,800,799,865,799,799,800,800,800,799,800,1018,2390,1249,1101,800,0,0,100,0,0,0,0,0,0,0,0,0,0,0,0,0,0,0,0,0,0,0,0,0,0,0,0,0,0,0,0,0,0,149382.26641845703,67425.23413085938,0,67221336064,8589930496,2034614272,252059648
200,1727561548331,1100,1135,933,800,1100,800,1100,800,799,799,800,800,800,800,800,799,812,800,799,865,799,799,800,800,800,799,800,1018,2390,1249,1101,800,0,0,100,0,0,0,0,0,0,0,0,0,0,0,0,0,0,0,0,0,0,0,0,0,0,0,0,0,0,0,0,0,0,149392.62713623047,67433.91162109375,0,67221336064,8589930496,2034614272,252059648
200,1727561548531,1100,1135,933,800,1100,800,1100,800,799,799,800,800,800,800,800,799,812,800,799,865,799,799,800,800,800,799,800,1018,2390,1249,1101,800,0,0,100,0,0,0,0,0,0,0,0,0,0,0,0,0,0,0,0,0,0,0,0,0,0,0,0,0,0,0,0,0,0,149403.12561035156,67442.71490478516,0,67221336064,8589930496,2034614272,252059648
200,1727561548731,1100,1135,933,800,1100,800,1100,800,799,799,800,800,800,800,800,799,812,800,799,865,799,799,800,800,800,799,800,1018,2390,1249,1101,800,0,0,100,0,0,0,0,0,0,0,0,0,0,0,0,0,0,0,0,0,0,0,0,0,0,0,0,0,0,0,0,0,0,149413.49603271484,67451.4013671875,0,67221336064,8589930496,2034614272,252059648
200,1727561548931,1100,1135,933,800,1100,800,1100,800,799,799,800,800,800,800,800,799,812,800,799,865,799,799,800,800,800,799,800,1018,2390,1249,1101,800,0,0,100,0,0,0,0,0,0,0,0,0,0,0,0,0,0,0,0,0,0,0,0,0,0,0,0,0,0,0,0,0,0,149423.92755126953,67460.1469116211,0,67221336064,8589930496,2034614272,252059648
200,1727561549131,1100,1135,933,800,1100,800,1100,800,799,799,800,800,800,800,800,799,812,800,799,865,799,799,800,800,800,799,800,1018,2390,1249,1101,800,0,0,100,0,0,0,0,0,0,0,0,0,0,0,0,0,0,0,0,0,0,0,0,0,0,0,0,0,0,0,0,0,0,149434.3243408203,67468.8609008789,0,67221336064,8589930496,2027130880,252059648
200,1727561549331,1100,1135,933,800,1100,800,1100,800,799,799,800,800,800,800,800,799,812,800,799,865,799,799,800,800,800,799,800,1018,2390,1249,1101,800,0,0,100,0,0,0,0,0,0,0,0,0,0,0,0,0,0,0,0,0,0,0,0,0,0,0,0,0,0,0,0,0,0,149444.7149658203,67477.56475830078,0,67221336064,8589930496,2034802688,252059648
200,1727561549531,1100,1135,933,800,1100,800,1100,800,799,799,800,800,800,800,800,799,812,800,799,865,799,799,800,800,800,799,800,1018,2390,1249,1101,800,0,0,100,0,0,0,0,0,0,0,0,0,0,0,0,0,0,0,0,0,0,0,0,0,0,0,0,0,0,0,0,0,0,149455.17846679688,67486.3472290039,0,67221336064,8589930496,2035060736,252059648
200,1727561549731,1100,1135,933,800,1100,800,1100,800,799,799,800,800,800,800,800,799,812,800,799,865,799,799,800,800,800,799,800,1018,2390,1249,1101,800,0,0,100,0,0,0,0,0,0,0,0,0,0,0,0,0,0,0,0,0,0,0,0,0,0,0,0,0,0,0,0,0,0,149465.62042236328,67495.099609375,0,67221336064,8589930496,2035060736,252059648
200,1727561549931,1100,1135,933,800,1100,800,1100,800,799,799,800,800,800,800,800,799,812,800,799,865,799,799,800,800,800,799,800,1018,2390,1249,1101,800,0,0,100,0,0,0,0,0,0,0,0,0,0,0,0,0,0,0,0,0,0,0,0,0,0,0,0,0,0,0,0,0,0,149476.10675048828,67503.9019165039,0,67221336064,8589930496,2035060736,252059648
200,1727561550132,1100,1135,933,800,1100,800,1100,800,799,799,800,800,800,800,800,799,812,800,799,865,799,799,800,800,800,799,800,1018,2390,1249,1101,800,0,0,100,0,0,0,0,0,0,0,0,0,0,0,0,0,0,0,0,0,0,0,0,0,0,0,0,0,0,0,0,0,0,149486.5126953125,67512.62145996094,0,67221336064,8589930496,2027130880,252059648
200,1727561550332,1100,1135,933,800,1100,800,1100,800,799,799,800,800,800,800,800,799,812,800,799,865,799,799,800,800,800,799,800,1018,2390,1249,1101,800,0,0,100,0,0,0,0,0,0,0,0,0,0,0,0,0,0,0,0,0,0,0,0,0,0,0,0,0,0,0,0,0,0,149496.9903564453,67521.4174194336,0,67221336064,8589930496,2043060224,252059648
200,1727561550532,1100,1135,933,800,1100,800,1100,800,799,799,800,800,800,800,800,799,812,800,799,865,799,799,800,800,800,799,800,1018,2390,1249,1101,800,0,0,100,0,0,0,0,0,0,0,0,0,0,0,0,0,0,0,0,0,0,0,0,0,0,0,0,0,0,0,0,0,0,149507.36645507813,67530.11206054688,0,67221336064,8589930496,2043060224,252059648
200,1727561550732,1100,1135,933,800,1100,800,1100,800,799,799,800,800,800,800,800,799,812,800,799,865,799,799,800,800,800,799,800,1018,2390,1249,1101,800,0,0,100,0,0,0,0,0,0,0,0,0,0,0,0,0,0,0,0,0,0,0,0,0,0,0,0,0,0,0,0,0,0,149517.75958251953,67538.81848144531,0,67221336064,8589930496,2043060224,252059648
200,1727561550932,1100,1135,933,800,1100,800,1100,800,799,799,800,800,800,800,800,799,812,800,799,865,799,799,800,800,800,799,800,1018,2390,1249,1101,800,0,0,100,0,0,0,0,0,0,0,0,0,0,0,0,0,0,0,0,0,0,0,0,0,0,0,0,0,0,0,0,0,0,149528.16571044922,67547.54217529297,0,67221336064,8589930496,2043060224,252059648
200,1727561551132,1100,1135,933,800,1100,800,1100,800,799,799,800,800,800,800,800,799,812,800,799,865,799,799,800,800,800,799,800,1018,2390,1249,1101,800,0,0,100,0,0,0,0,0,0,0,0,0,0,0,0,0,0,0,0,0,0,0,0,0,0,0,0,0,0,0,0,0,0,149538.55963134766,67556.24591064453,0,67221336064,8589930496,2026704896,252059648
200,1727561551332,1100,1135,933,800,1100,800,1100,800,799,799,800,800,800,800,800,799,812,800,799,865,799,799,800,800,800,799,800,1018,2390,1249,1101,800,0,0,100,0,0,0,0,0,0,0,0,0,0,0,0,0,0,0,0,0,0,0,0,0,0,0,0,0,0,0,0,0,0,149548.99993896484,67564.99383544922,0,67221336064,8589930496,2042802176,252059648
200,1727561551532,1100,1135,933,800,1100,800,1100,800,799,799,800,800,800,800,800,799,812,800,799,865,799,799,800,800,800,799,800,1018,2390,1249,1101,800,0,0,100,0,0,0,0,0,0,0,0,0,0,0,0,0,0,0,0,0,0,0,0,0,0,0,0,0,0,0,0,0,0,149559.4566040039,67573.76556396484,0,67221336064,8589930496,2042802176,252059648
200,1727561551732,1100,1135,933,800,1100,800,1100,800,799,799,800,800,800,800,800,799,812,800,799,865,799,799,800,800,800,799,800,1018,2390,1249,1101,800,0,0,100,0,0,0,0,0,0,0,0,0,0,0,0,0,0,0,0,0,0,0,0,0,0,0,0,0,0,0,0,0,0,149569.8643798828,67582.49145507813,0,67221336064,8589930496,2042802176,252059648
200,1727561551932,1100,1135,933,800,1100,800,1100,800,799,799,800,800,800,800,800,799,812,800,799,865,799,799,800,800,800,799,800,1018,2390,1249,1101,800,0,0,100,0,0,0,0,0,0,0,0,0,0,0,0,0,0,0,0,0,0,0,0,0,0,0,0,0,0,0,0,0,0,149580.2977294922,67591.23443603516,0,67221336064,8589930496,2042802176,252059648
200,1727561552133,1100,1135,933,800,1100,800,1100,800,799,799,800,800,800,800,800,799,812,800,799,865,799,799,800,800,800,799,800,1018,2390,1249,1101,800,0,0,100,0,0,0,0,0,0,0,0,0,0,0,0,0,0,0,0,0,0,0,0,0,0,0,0,0,0,0,0,0,0,149590.69952392578,67599.9546508789,0,67221336064,8589930496,2034872320,252059648
200,1727561552333,1100,1135,933,800,1100,800,1100,800,799,799,800,800,800,800,800,799,812,800,799,865,799,799,800,800,800,799,800,1018,2390,1249,1101,800,0,0,100,0,0,0,0,0,0,0,0,0,0,0,0,0,0,0,0,0,0,0,0,0,0,0,0,0,0,0,0,0,0,149601.19140625,67608.76470947266,0,67221336064,8589930496,2034872320,252059648
200,1727561552533,1100,1135,933,800,1100,800,1100,800,799,799,800,800,800,800,800,799,812,800,799,865,799,799,800,800,800,799,800,1018,2390,1249,1101,800,0,0,100,0,0,0,0,0,0,0,0,0,0,0,0,0,0,0,0,0,0,0,0,0,0,0,0,0,0,0,0,0,0,149611.58416748047,67617.47265625,0,67221336064,8589930496,2034872320,252059648
200,1727561552733,1100,1135,933,800,1100,800,1100,800,799,799,800,800,800,800,800,799,812,800,799,865,799,799,800,800,800,799,800,1018,2390,1249,1101,800,0,0,100,0,0,0,0,0,0,0,0,0,0,0,0,0,0,0,0,0,0,0,0,0,0,0,0,0,0,0,0,0,0,149622.02685546875,67626.22448730469,0,67221336064,8589930496,2034872320,252059648
200,1727561552933,1100,1135,933,800,1100,800,1100,800,799,799,800,800,800,800,800,799,812,800,799,865,799,799,800,800,800,799,800,1018,2390,1249,1101,800,0,0,100,0,0,0,0,0,0,0,0,0,0,0,0,0,0,0,0,0,0,0,0,0,0,0,0,0,0,0,0,0,0,149632.3768310547,67634.89477539063,0,67221336064,8589930496,2034872320,252059648
200,1727561553133,1100,1135,933,800,1100,800,1100,800,799,799,800,800,800,800,800,799,812,800,799,865,799,799,800,800,800,799,800,1018,2390,1249,1101,800,0,0,100,0,0,0,0,0,0,0,0,0,0,0,0,0,0,0,0,0,0,0,0,0,0,0,0,0,0,0,0,0,0,149642.81854248047,67643.6498413086,0,67221336064,8589930496,2027388928,252059648
200,1727561553333,1100,1135,933,800,1100,800,1100,800,799,799,800,800,800,800,800,799,812,800,799,865,799,799,800,800,800,799,800,1018,2390,1249,1101,800,0,0,100,0,0,0,0,0,0,0,0,0,0,0,0,0,0,0,0,0,0,0,0,0,0,0,0,0,0,0,0,0,0,149653.1812133789,67652.3314819336,0,67221336064,8589930496,2035060736,252059648
200,1727561553533,1100,1135,933,800,1100,800,1100,800,799,799,800,800,800,800,800,799,812,800,799,865,799,799,800,800,800,799,800,1018,2390,1249,1101,800,0,0,100,0,0,0,0,0,0,0,0,0,0,0,0,0,0,0,0,0,0,0,0,0,0,0,0,0,0,0,0,0,0,149663.64013671875,67661.10650634766,0,67221336064,8589930496,2035032064,252059648
200,1727561553733,1100,1135,933,800,1100,800,1100,800,799,799,800,800,800,800,800,799,812,800,799,865,799,799,800,800,800,799,800,1018,2390,1249,1101,800,0,0,100,0,0,0,0,0,0,0,0,0,0,0,0,0,0,0,0,0,0,0,0,0,0,0,0,0,0,0,0,0,0,149673.99493408203,67669.78131103516,0,67221336064,8589930496,2035032064,252059648
200,1727561553933,1100,1135,933,800,1100,800,1100,800,799,799,800,800,800,800,800,799,812,800,799,865,799,799,800,800,800,799,800,1018,2390,1249,1101,800,0,0,100,0,0,0,0,0,0,0,0,0,0,0,0,0,0,0,0,0,0,0,0,0,0,0,0,0,0,0,0,0,0,149684.42749023438,67678.52221679688,0,67221336064,8589930496,2035032064,252059648
200,1727561554134,1100,1135,933,800,1100,800,1100,800,799,799,800,800,800,800,800,799,812,800,799,865,799,799,800,800,800,799,800,1018,2390,1249,1101,800,0,0,100,0,0,0,0,0,0,0,0,0,0,0,0,0,0,0,0,0,0,0,0,0,0,0,0,0,0,0,0,0,0,149694.8582763672,67687.26159667969,0,67221336064,8589930496,2018676736,252059648
200,1727561554334,1100,1135,933,800,1100,800,1100,800,799,799,800,800,800,800,800,799,812,800,799,865,799,799,800,800,800,799,800,1018,2390,1249,1101,800,0,0,100,0,0,0,0,0,0,0,0,0,0,0,0,0,0,0,0,0,0,0,0,0,0,0,0,0,0,0,0,0,0,149705.23461914063,67695.95416259766,0,67221336064,8589930496,2043031552,252059648
200,1727561554534,1100,1135,933,800,1100,800,1100,800,799,799,800,800,800,800,800,799,812,800,799,865,799,799,800,800,800,799,800,1018,2390,1249,1101,800,0,0,100,0,0,0,0,0,0,0,0,0,0,0,0,0,0,0,0,0,0,0,0,0,0,0,0,0,0,0,0,0,0,149715.70892333984,67704.7427368164,0,67221336064,8589930496,2043031552,252059648
200,1727561554734,1100,1135,933,800,1100,800,1100,800,799,799,800,800,800,800,800,799,812,800,799,865,799,799,800,800,800,799,800,1018,2390,1249,1101,800,0,0,100,0,0,0,0,0,0,0,0,0,0,0,0,0,0,0,0,0,0,0,0,0,0,0,0,0,0,0,0,0,0,149726.16119384766,67713.50848388672,0,67221336064,8589930496,2043031552,252059648
200,1727561554934,1100,1135,933,800,1100,800,1100,800,799,799,800,800,800,800,800,799,812,800,799,865,799,799,800,800,800,799,800,1018,2390,1249,1101,800,0,0,100,0,0,0,0,0,0,0,0,0,0,0,0,0,0,0,0,0,0,0,0,0,0,0,0,0,0,0,0,0,0,149736.59143066406,67722.2495727539,0,67221336064,8589930496,2043031552,252059648
200,1727561555134,1100,1135,933,800,1100,800,1100,800,799,799,800,800,800,800,800,799,812,800,799,865,799,799,800,800,800,799,800,1018,2390,1249,1101,800,0,0,100,0,0,0,0,0,0,0,0,0,0,0,0,0,0,0,0,0,0,0,0,0,0,0,0,0,0,0,0,0,0,149747.0574951172,67731.02947998047,0,67221336064,8589930496,2035101696,252059648
200,1727561555334,1100,1135,933,800,1100,800,1100,800,799,799,800,800,800,800,800,799,812,800,799,865,799,799,800,800,800,799,800,1018,2390,1249,1101,800,0,0,100,0,0,0,0,0,0,0,0,0,0,0,0,0,0,0,0,0,0,0,0,0,0,0,0,0,0,0,0,0,0,149757.4974975586,67739.78308105469,0,67221336064,8589930496,2035101696,252059648
200,1727561555534,1100,1135,933,800,1100,800,1100,800,799,799,800,800,800,800,800,799,812,800,799,865,799,799,800,800,800,799,800,1018,2390,1249,1101,800,0,0,100,0,0,0,0,0,0,0,0,0,0,0,0,0,0,0,0,0,0,0,0,0,0,0,0,0,0,0,0,0,0,149767.9507446289,67748.55450439453,0,67221336064,8589930496,2035101696,252059648
200,1727561555734,1100,1135,933,800,1100,800,1100,800,799,799,800,800,800,800,800,799,812,800,799,865,799,799,800,800,800,799,800,1018,2390,1249,1101,800,0,0,100,0,0,0,0,0,0,0,0,0,0,0,0,0,0,0,0,0,0,0,0,0,0,0,0,0,0,0,0,0,0,149778.32525634766,67757.24621582031,0,67221336064,8589930496,2035101696,252059648
200,1727561555934,1100,1135,933,800,1100,800,1100,800,799,799,800,800,800,800,800,799,812,800,799,865,799,799,800,800,800,799,800,1018,2390,1249,1101,800,0,0,100,0,0,0,0,0,0,0,0,0,0,0,0,0,0,0,0,0,0,0,0,0,0,0,0,0,0,0,0,0,0,149788.80017089844,67766.02313232422,0,67221336064,8589930496,2035101696,252059648
200,1727561556135,1100,1135,933,800,1100,800,1100,800,799,799,800,800,800,800,800,799,812,800,799,865,799,799,800,800,800,799,800,1018,2390,1249,1101,800,0,0,100,0,0,0,0,0,0,0,0,0,0,0,0,0,0,0,0,0,0,0,0,0,0,0,0,0,0,0,0,0,0,149799.28973388672,67774.83135986328,0,67221336064,8589930496,2027102208,252059648
200,1727561556335,1100,1135,933,800,1100,800,1100,800,799,799,800,800,800,800,800,799,812,800,799,865,799,799,800,800,800,799,800,1018,2390,1249,1101,800,0,0,100,0,0,0,0,0,0,0,0,0,0,0,0,0,0,0,0,0,0,0,0,0,0,0,0,0,0,0,0,0,0,149809.8638305664,67783.71362304688,0,67221336064,8589930496,2043031552,252059648
200,1727561556535,1100,1135,933,800,1100,800,1100,800,799,799,800,800,800,800,800,799,812,800,799,865,799,799,800,800,800,799,800,1018,2390,1249,1101,800,0,0,100,0,0,0,0,0,0,0,0,0,0,0,0,0,0,0,0,0,0,0,0,0,0,0,0,0,0,0,0,0,0,149820.27838134766,67792.44567871094,0,67221336064,8589930496,2043031552,252059648
200,1727561556735,1100,1135,933,800,1100,800,1100,800,799,799,800,800,800,800,800,799,812,800,799,865,799,799,800,800,800,799,800,1018,2390,1249,1101,800,0,0,100,0,0,0,0,0,0,0,0,0,0,0,0,0,0,0,0,0,0,0,0,0,0,0,0,0,0,0,0,0,0,149830.7085571289,67801.1879272461,0,67221336064,8589930496,2043031552,252059648
200,1727561556935,1100,1135,933,800,1100,800,1100,800,799,799,800,800,800,800,800,799,812,800,799,865,799,799,800,800,800,799,800,1018,2390,1249,1101,800,0,0,100,0,0,0,0,0,0,0,0,0,0,0,0,0,0,0,0,0,0,0,0,0,0,0,0,0,0,0,0,0,0,149841.13330078125,67809.92614746094,0,67221336064,8589930496,2043031552,252059648
200,1727561557135,1100,1135,933,800,1100,800,1100,800,799,799,800,800,800,800,800,799,812,800,799,865,799,799,800,800,800,799,800,1018,2390,1249,1101,800,0,0,100,0,0,0,0,0,0,0,0,0,0,0,0,0,0,0,0,0,0,0,0,0,0,0,0,0,0,0,0,0,0,149851.50817871094,67818.6146850586,0,67221336064,8589930496,2035101696,252059648
200,1727561557335,1100,1135,933,800,1100,800,1100,800,799,799,800,800,800,800,800,799,812,800,799,865,799,799,800,800,800,799,800,1018,2390,1249,1101,800,0,0,100,0,0,0,0,0,0,0,0,0,0,0,0,0,0,0,0,0,0,0,0,0,0,0,0,0,0,0,0,0,0,149862.09765625,67827.52026367188,0,67221336064,8589930496,2035101696,252059648
200,1727561557535,1100,1135,933,800,1100,800,1100,800,799,799,800,800,800,800,800,799,812,800,799,865,799,799,800,800,800,799,800,1018,2390,1249,1101,800,0,0,100,0,0,0,0,0,0,0,0,0,0,0,0,0,0,0,0,0,0,0,0,0,0,0,0,0,0,0,0,0,0,149872.51629638672,67836.2573852539,0,67221336064,8589930496,2035093504,252059648
200,1727561557735,1100,1135,933,800,1100,800,1100,800,799,799,800,800,800,800,800,799,812,800,799,865,799,799,800,800,800,799,800,1018,2390,1249,1101,800,0,0,100,0,0,0,0,0,0,0,0,0,0,0,0,0,0,0,0,0,0,0,0,0,0,0,0,0,0,0,0,0,0,149883.00439453125,67845.06024169922,0,67221336064,8589930496,2035093504,252059648
200,1727561557935,1100,1135,933,800,1100,800,1100,800,799,799,800,800,800,800,800,799,812,800,799,865,799,799,800,800,800,799,800,1018,2390,1249,1101,800,0,0,100,0,0,0,0,0,0,0,0,0,0,0,0,0,0,0,0,0,0,0,0,0,0,0,0,0,0,0,0,0,0,149893.42645263672,67853.79211425781,0,67221336064,8589930496,2035023872,252059648
200,1727561558136,1100,1135,933,800,1100,800,1100,800,799,799,800,800,800,800,800,799,812,800,799,865,799,799,800,800,800,799,800,1018,2390,1249,1101,800,0,0,100,0,0,0,0,0,0,0,0,0,0,0,0,0,0,0,0,0,0,0,0,0,0,0,0,0,0,0,0,0,0,149903.82873535156,67862.51251220703,0,67221336064,8589930496,2018668544,252059648
200,1727561558336,1100,1135,933,800,1100,800,1100,800,799,799,800,800,800,800,800,799,812,800,799,865,799,799,800,800,800,799,800,1018,2390,1249,1101,800,0,0,100,0,0,0,0,0,0,0,0,0,0,0,0,0,0,0,0,0,0,0,0,0,0,0,0,0,0,0,0,0,0,149914.25720214844,67871.25598144531,0,67221336064,8589930496,2043023360,252059648
200,1727561558536,1100,1135,933,800,1100,800,1100,800,799,799,800,800,800,800,800,799,812,800,799,865,799,799,800,800,800,799,800,1018,2390,1249,1101,800,0,0,100,0,0,0,0,0,0,0,0,0,0,0,0,0,0,0,0,0,0,0,0,0,0,0,0,0,0,0,0,0,0,149924.63067626953,67879.94537353516,0,67221336064,8589930496,2043023360,252059648
200,1727561558736,1100,1135,933,800,1100,800,1100,800,799,799,800,800,800,800,800,799,812,800,799,865,799,799,800,800,800,799,800,1018,2390,1249,1101,800,0,0,100,0,0,0,0,0,0,0,0,0,0,0,0,0,0,0,0,0,0,0,0,0,0,0,0,0,0,0,0,0,0,149935.04235839844,67888.67175292969,0,67221336064,8589930496,2043023360,252059648
200,1727561558936,1100,1135,933,800,1100,800,1100,800,799,799,800,800,800,800,800,799,812,800,799,865,799,799,800,800,800,799,800,1018,2390,1249,1101,800,0,0,100,0,0,0,0,0,0,0,0,0,0,0,0,0,0,0,0,0,0,0,0,0,0,0,0,0,0,0,0,0,0,149945.47271728516,67897.4105834961,0,67221336064,8589930496,2043023360,252059648
200,1727561559136,1100,1135,933,800,1100,800,1100,800,799,799,800,800,800,800,800,799,812,800,799,865,799,799,800,800,800,799,800,1018,2390,1249,1101,800,0,0,100,0,0,0,0,0,0,0,0,0,0,0,0,0,0,0,0,0,0,0,0,0,0,0,0,0,0,0,0,0,0,149956.0382080078,67906.2890625,0,67221336064,8589930496,2039316480,252059648
200,1727561559336,1100,1135,933,800,1100,800,1100,800,799,799,800,800,800,800,800,799,812,800,799,865,799,799,800,800,800,799,800,1018,2390,1249,1101,800,0,0,100,0,0,0,0,0,0,0,0,0,0,0,0,0,0,0,0,0,0,0,0,0,0,0,0,0,0,0,0,0,0,149966.43725585938,67915.00341796875,0,67221336064,8589930496,2031386624,252059648
200,1727561559536,1100,1135,933,800,1100,800,1100,800,799,799,800,800,800,800,800,799,812,800,799,865,799,799,800,800,800,799,800,1018,2390,1249,1101,800,0,0,100,0,0,0,0,0,0,0,0,0,0,0,0,0,0,0,0,0,0,0,0,0,0,0,0,0,0,0,0,0,0,149976.91723632813,67923.79010009766,0,67221336064,8589930496,2039234560,252059648
200,1727561559736,1100,1135,933,800,1100,800,1100,800,799,799,800,800,800,800,800,799,812,800,799,865,799,799,800,800,800,799,800,1018,2390,1249,1101,800,0,0,100,0,0,0,0,0,0,0,0,0,0,0,0,0,0,0,0,0,0,0,0,0,0,0,0,0,0,0,0,0,0,149987.3871459961,67932.57348632813,0,67221336064,8589930496,2039234560,252059648
200,1727561559936,1100,1135,933,800,1100,800,1100,800,799,799,800,800,800,800,800,799,812,800,799,865,799,799,800,800,800,799,800,1018,2390,1249,1101,800,0,0,100,0,0,0,0,0,0,0,0,0,0,0,0,0,0,0,0,0,0,0,0,0,0,0,0,0,0,0,0,0,0,149997.73876953125,67941.24151611328,0,67221336064,8589930496,2039234560,252059648
200,1727561560136,1100,1135,933,800,1100,800,1100,800,799,799,800,800,800,800,800,799,812,800,799,865,799,799,800,800,800,799,800,1018,2390,1249,1101,800,0,0,100,0,0,0,0,0,0,0,0,0,0,0,0,0,0,0,0,0,0,0,0,0,0,0,0,0,0,0,0,0,0,150008.20806884766,67950.02551269531,0,67221336064,8589930496,2031304704,252059648
200,1727561560337,1100,1135,933,800,1100,800,1100,800,799,799,800,800,800,800,800,799,812,800,799,865,799,799,800,800,800,799,800,1018,2390,1249,1101,800,0,0,100,0,0,0,0,0,0,0,0,0,0,0,0,0,0,0,0,0,0,0,0,0,0,0,0,0,0,0,0,0,0,150018.59643554688,67958.72314453125,0,67221336064,8589930496,2038976512,252059648
200,1727561560537,1100,1135,933,800,1100,800,1100,800,799,799,800,800,800,800,800,799,812,800,799,865,799,799,800,800,800,799,800,1018,2390,1249,1101,800,0,0,100,0,0,0,0,0,0,0,0,0,0,0,0,0,0,0,0,0,0,0,0,0,0,0,0,0,0,0,0,0,0,150029.00830078125,67967.45166015625,0,67221336064,8589930496,2038976512,252059648
200,1727561560737,1100,1135,933,800,1100,800,1100,800,799,799,800,800,800,800,800,799,812,800,799,865,799,799,800,800,800,799,800,1018,2390,1249,1101,800,0,0,100,0,0,0,0,0,0,0,0,0,0,0,0,0,0,0,0,0,0,0,0,0,0,0,0,0,0,0,0,0,0,150039.37115478516,67976.12524414063,0,67221336064,8589930496,2038976512,252059648
200,1727561560937,1100,1135,933,800,1100,800,1100,800,799,799,800,800,800,800,800,799,812,800,799,865,799,799,800,800,800,799,800,1018,2390,1249,1101,800,0,0,100,0,0,0,0,0,0,0,0,0,0,0,0,0,0,0,0,0,0,0,0,0,0,0,0,0,0,0,0,0,0,150049.77935791016,67984.84582519531,0,67221336064,8589930496,2038976512,252059648
200,1727561561137,1100,1135,933,800,1100,800,1100,800,799,799,800,800,800,800,800,799,812,800,799,865,799,799,800,800,800,799,800,1018,2390,1249,1101,800,0,0,100,0,0,0,0,0,0,0,0,0,0,0,0,0,0,0,0,0,0,0,0,0,0,0,0,0,0,0,0,0,0,150060.1928100586,67993.57067871094,0,67221336064,8589930496,2031046656,252059648
200,1727561561337,1100,1135,933,800,1100,800,1100,800,799,799,800,800,800,800,800,799,812,800,799,865,799,799,800,800,800,799,800,1018,2390,1249,1101,800,0,0,100,0,0,0,0,0,0,0,0,0,0,0,0,0,0,0,0,0,0,0,0,0,0,0,0,0,0,0,0,0,0,150070.6395263672,68002.33471679688,0,67221336064,8589930496,2038718464,252059648
200,1727561561537,1100,1135,933,800,1100,800,1100,800,799,799,800,800,800,800,800,799,812,800,799,865,799,799,800,800,800,799,800,1018,2390,1249,1101,800,0,0,100,0,0,0,0,0,0,0,0,0,0,0,0,0,0,0,0,0,0,0,0,0,0,0,0,0,0,0,0,0,0,150081.12719726563,68011.13958740234,0,67221336064,8589930496,2038718464,252059648
200,1727561561737,1100,1135,933,800,1100,800,1100,800,799,799,800,800,800,800,800,799,812,800,799,865,799,799,800,800,800,799,800,1018,2390,1249,1101,800,0,0,100,0,0,0,0,0,0,0,0,0,0,0,0,0,0,0,0,0,0,0,0,0,0,0,0,0,0,0,0,0,0,150091.58953857422,68019.91943359375,0,67221336064,8589930496,2038718464,252059648
200,1727561561937,1100,1135,933,800,1100,800,1100,800,799,799,800,800,800,800,800,799,812,800,799,865,799,799,800,800,800,799,800,1018,2390,1249,1101,800,0,0,100,0,0,0,0,0,0,0,0,0,0,0,0,0,0,0,0,0,0,0,0,0,0,0,0,0,0,0,0,0,0,150102.04150390625,68028.68371582031,0,67221336064,8589930496,2038718464,252059648
200,1727561562137,1100,1135,933,800,1100,800,1100,800,799,799,800,800,800,800,800,799,812,800,799,865,799,799,800,800,800,799,800,1018,2390,1249,1101,800,0,0,100,0,0,0,0,0,0,0,0,0,0,0,0,0,0,0,0,0,0,0,0,0,0,0,0,0,0,0,0,0,0,150112.5073852539,68037.45166015625,0,67221336064,8589930496,2033266688,252059648
200,1727561562338,1100,1135,933,800,1100,800,1100,800,799,799,800,800,800,800,800,799,812,800,799,865,799,799,800,800,800,799,800,1018,2390,1249,1101,800,0,0,100,0,0,0,0,0,0,0,0,0,0,0,0,0,0,0,0,0,0,0,0,0,0,0,0,0,0,0,0,0,0,150122.9530029297,68046.21301269531,0,67221336064,8589930496,2028785664,252059648
200,1727561562538,1100,1135,933,800,1100,800,1100,800,799,799,800,800,800,800,800,799,812,800,799,865,799,799,800,800,800,799,800,1018,2390,1249,1101,800,0,0,100,0,0,0,0,0,0,0,0,0,0,0,0,0,0,0,0,0,0,0,0,0,0,0,0,0,0,0,0,0,0,150133.35052490234,68054.92767333984,0,67221336064,8589930496,2036457472,252059648
200,1727561562738,1100,1135,933,800,1100,800,1100,800,799,799,800,800,800,800,800,799,812,800,799,865,799,799,800,800,800,799,800,1018,2390,1249,1101,800,0,0,100,0,0,0,0,0,0,0,0,0,0,0,0,0,0,0,0,0,0,0,0,0,0,0,0,0,0,0,0,0,0,150143.7700805664,68063.66271972656,0,67221336064,8589930496,2036457472,252059648
200,1727561562938,1100,1135,933,800,1100,800,1100,800,799,799,800,800,800,800,800,799,812,800,799,865,799,799,800,800,800,799,800,1018,2390,1249,1101,800,0,0,100,0,0,0,0,0,0,0,0,0,0,0,0,0,0,0,0,0,0,0,0,0,0,0,0,0,0,0,0,0,0,150154.17724609375,68072.38842773438,0,67221336064,8589930496,2036457472,252059648
200,1727561563138,1100,1135,933,800,1100,800,1100,800,799,799,800,800,800,800,800,799,812,800,799,865,799,799,800,800,800,799,800,1018,2390,1249,1101,800,0,0,100,0,0,0,0,0,0,0,0,0,0,0,0,0,0,0,0,0,0,0,0,0,0,0,0,0,0,0,0,0,0,150164.689453125,68081.21356201172,0,67221336064,8589930496,2028519424,252059648
200,1727561563338,1100,1135,933,800,1100,800,1100,800,799,799,800,800,800,800,800,799,812,800,799,865,799,799,800,800,800,799,800,1018,2390,1249,1101,800,0,0,100,0,0,0,0,0,0,0,0,0,0,0,0,0,0,0,0,0,0,0,0,0,0,0,0,0,0,0,0,0,0,150175.2645263672,68090.10461425781,0,67221336064,8589930496,2036191232,252059648
200,1727561563538,1100,1135,933,800,1100,800,1100,800,799,799,800,800,800,800,800,799,812,800,799,865,799,799,800,800,800,799,800,1018,2390,1249,1101,800,0,0,100,0,0,0,0,0,0,0,0,0,0,0,0,0,0,0,0,0,0,0,0,0,0,0,0,0,0,0,0,0,0,150185.65393066406,68098.81024169922,0,67221336064,8589930496,2036191232,252059648
200,1727561563738,1100,1135,933,800,1100,800,1100,800,799,799,800,800,800,800,800,799,812,800,799,865,799,799,800,800,800,799,800,1018,2390,1249,1101,800,4.761904716491699,0,100,0,0,0,0,0,0,0,0,0,0,0,0,0,0,0,0,0,0,0,0,0,0,0,0,0,0,0,0,0,0,150196.09143066406,68107.56475830078,0,67221336064,8589930496,2036191232,252059648
200,1727561563938,1100,1135,933,800,1100,800,1100,800,799,799,800,800,800,800,800,799,812,800,799,865,799,799,800,800,800,799,800,1018,2390,1249,1101,800,0,0,100,0,0,0,0,0,0,0,0,0,0,0,0,0,0,0,0,0,0,0,0,0,0,0,0,0,0,0,0,0,0,150206.54010009766,68116.32806396484,0,67221336064,8589930496,2036191232,252059648
200,1727561564138,1100,1135,933,800,1100,800,1100,800,799,799,800,800,800,800,800,799,812,800,799,865,799,799,800,800,800,799,800,1018,2390,1249,1101,800,0,0,100,0,0,0,0,0,0,0,0,0,0,0,0,0,0,0,0,0,0,0,0,0,0,0,0,0,0,0,0,0,0,150216.92694091797,68125.03210449219,0,67221336064,8589930496,2028261376,252059648
200,1727561564339,1100,1135,933,800,1100,800,1100,800,799,799,800,800,800,800,800,799,812,800,799,865,799,799,800,800,800,799,800,1018,2390,1249,1101,800,0,0,100,0,0,0,0,0,0,0,0,0,0,0,0,0,0,0,0,0,0,0,0,0,0,0,0,0,0,0,0,0,0,150227.51068115234,68133.86810302734,0,67221336064,8589930496,2036191232,252059648
200,1727561564539,1100,1135,933,800,1100,800,1100,800,799,799,800,800,800,800,800,799,812,800,799,865,799,799,800,800,800,799,800,1018,2390,1249,1101,800,0,0,100,0,0,0,0,0,0,0,0,0,0,0,0,0,0,0,0,0,0,0,0,0,0,0,0,0,0,0,0,0,0,150237.8872680664,68142.61639404297,0,67221336064,8589930496,2036191232,252059648
200,1727561564739,1100,1135,933,800,1100,800,1100,800,799,799,800,800,800,800,800,799,812,800,799,865,799,799,800,800,800,799,800,1018,2390,1249,1101,800,0,0,100,0,0,0,0,0,0,0,0,0,0,0,0,0,0,0,0,0,0,0,0,0,0,0,0,0,0,0,0,0,0,150248.30633544922,68151.35552978516,0,67221336064,8589930496,2036191232,252059648
200,1727561564939,1100,1135,933,800,1100,800,1100,800,799,799,800,800,800,800,800,799,812,800,799,865,799,799,800,800,800,799,800,1018,2390,1249,1101,800,0,0,100,0,0,0,0,0,0,0,0,0,0,0,0,0,0,0,0,0,0,0,0,0,0,0,0,0,0,0,0,0,0,150258.7021484375,68160.06750488281,0,67221336064,8589930496,2036191232,252059648
200,1727561565139,1100,1135,933,800,1100,800,1100,800,799,799,800,800,800,800,800,799,812,800,799,865,799,799,800,800,800,799,800,1018,2390,1249,1101,800,0,0,100,0,0,0,0,0,0,0,0,0,0,0,0,0,0,0,0,0,0,0,0,0,0,0,0,0,0,0,0,0,0,150269.21185302734,68168.88830566406,0,67221336064,8589930496,2032226304,252059648
200,1727561565339,1100,1135,933,800,1100,800,1100,800,799,799,800,800,800,800,800,799,812,800,799,865,799,799,800,800,800,799,800,1018,2390,1249,1101,800,0,0,100,0,0,0,0,0,0,0,0,0,0,0,0,0,0,0,0,0,0,0,0,0,0,0,0,0,0,0,0,0,0,150279.6395263672,68177.62567138672,0,67221336064,8589930496,2027732992,252059648
200,1727561565539,1100,1135,933,800,1100,800,1100,800,799,799,800,800,800,800,800,799,812,800,799,865,799,799,800,800,800,799,800,1018,2390,1249,1101,800,0,0,100,0,0,0,0,0,0,0,0,0,0,0,0,0,0,0,0,0,0,0,0,0,0,0,0,0,0,0,0,0,0,150290.09381103516,68186.39611816406,0,67221336064,8589930496,2035404800,252059648
200,1727561565739,1100,1135,933,800,1100,800,1100,800,799,799,800,800,800,800,800,799,812,800,799,865,799,799,800,800,800,799,800,1018,2390,1249,1101,800,0,0,100,0,0,0,0,0,0,0,0,0,0,0,0,0,0,0,0,0,0,0,0,0,0,0,0,0,0,0,0,0,0,150300.55810546875,68195.17895507813,0,67221336064,8589930496,2035404800,252059648
200,1727561565939,1100,1135,933,800,1100,800,1100,800,799,799,800,800,800,800,800,799,812,800,799,865,799,799,800,800,800,799,800,1018,2390,1249,1101,800,0,0,100,0,0,0,0,0,0,0,0,0,0,5,0,0,0,0,0,0,0,0,0,0,0,0,0,0,0,0,0,0,0,150311.2265625,68204.1201171875,0,67221336064,8589930496,2035404800,252059648
200,1727561566139,1100,1135,933,800,1100,800,1100,800,799,799,800,800,800,800,800,799,812,800,799,865,799,799,800,800,800,799,800,1018,2390,1249,1101,800,0,0,100,0,5,0,0,0,0,0,0,0,0,0,0,0,0,0,0,0,0,0,0,0,0,0,0,0,0,0,0,0,0,150321.72802734375,68212.97473144531,0,67221336064,8589930496,2028220416,252059648
200,1727561566339,1100,1135,933,800,1100,800,1100,800,799,799,800,800,800,800,800,799,812,800,799,865,799,799,800,800,800,799,800,1018,2390,1249,1101,800,0,0,100,0,0,0,0,0,0,0,0,0,0,0,0,0,0,0,0,0,0,0,0,0,0,0,0,0,0,0,0,0,0,150332.18786621094,68221.74340820313,0,67221336064,8589930496,2035892224,252059648
200,1727561566540,1100,1135,933,800,1100,800,1100,800,799,799,800,800,800,800,800,799,812,800,799,865,799,799,800,800,800,799,800,1018,2390,1249,1101,800,0,0,100,0,0,0,0,0,0,0,0,0,0,0,0,0,0,0,0,0,0,0,0,0,0,0,0,0,0,0,0,0,0,150342.70239257813,68230.58074951172,0,67221336064,8589930496,2044145664,252059648
200,1727561566740,1100,1135,933,800,1100,800,1100,800,799,799,800,800,800,800,800,799,812,800,799,865,799,799,800,800,800,799,800,1018,2390,1249,1101,800,0,0,100,0,0,0,0,0,0,4.761904716491699,0,0,0,0,0,0,0,0,0,0,0,0,0,0,0,0,0,0,0,0,0,0,0,150353.33361816406,68239.50671386719,0,67221336064,8589930496,2044145664,252059648
200,1727561566940,1100,1135,933,800,1100,800,1100,800,799,799,800,800,800,800,800,799,812,800,799,865,799,799,800,800,800,799,800,1018,2390,1249,1101,800,0,0,100,0,0,0,0,0,0,0,0,0,0,0,0,0,0,0,0,0,0,0,0,0,0,0,0,0,0,0,0,0,0,150363.8794555664,68248.3564453125,0,67221336064,8589930496,2044919808,252059648
200,1727561567140,1100,1135,933,800,1100,800,1100,800,799,799,800,800,800,800,800,799,812,800,799,865,799,799,800,800,800,799,800,1018,2390,1249,1101,800,0,0,100,0,0,0,0,0,0,0,0,0,0,0,0,0,0,0,0,0,0,0,0,0,0,0,0,0,0,0,0,0,0,150374.29071044922,68257.08306884766,0,67221336064,8589930496,2036969472,252059648
200,1727561567340,1100,1135,933,800,1100,800,1100,800,799,799,800,800,800,800,800,799,812,800,799,865,799,799,800,800,800,799,800,1018,2390,1249,1101,800,0,0,100,0,0,0,0,0,0,0,0,0,0,0,0,0,0,0,0,0,0,0,0,0,0,0,0,0,0,0,0,0,0,150384.86987304688,68265.97863769531,0,67221336064,8589930496,2036969472,252059648
200,1727561567540,1100,1135,933,800,1100,800,1100,800,799,799,800,800,800,800,800,799,812,800,799,865,799,799,800,800,800,799,800,1018,2390,1249,1101,800,0,0,100,0,0,0,0,0,0,0,0,0,0,0,0,0,0,0,0,0,0,0,0,0,0,0,0,0,0,0,0,0,0,150395.29248046875,68274.71789550781,0,67221336064,8589930496,2036969472,252059648
200,1727561567740,1100,1135,933,800,1100,800,1100,800,799,799,800,800,800,800,800,799,812,800,799,865,799,799,800,800,800,799,800,1018,2390,1249,1101,800,0,0,100,0,0,0,0,0,0,0,0,0,0,0,0,0,0,0,0,0,0,0,0,0,0,0,0,0,0,0,0,0,0,150405.6763305664,68283.4169921875,0,67221336064,8589930496,2036969472,252059648
200,1727561567940,1100,1135,933,800,1100,800,1100,800,799,799,800,800,800,800,800,799,812,800,799,865,799,799,800,800,800,799,800,1018,2390,1249,1101,800,0,0,100,0,0,0,0,0,0,0,0,0,0,0,0,0,0,0,0,0,0,0,0,0,0,0,0,0,0,0,0,0,0,150416.23992919922,68292.29516601563,0,67221336064,8589930496,2036969472,252059648
200,1727561568140,1100,1135,933,800,1100,800,1100,800,799,799,800,800,800,800,800,799,812,800,799,865,799,799,800,800,800,799,800,1018,2390,1249,1101,800,0,0,100,0,0,0,0,0,0,0,0,0,0,0,0,0,0,0,0,0,0,0,0,0,0,0,0,0,0,0,0,0,0,150426.65203857422,68301.02362060547,0,67221336064,8589930496,2031448064,252059648
200,1727561568340,1100,1135,933,800,1100,800,1100,800,799,799,800,800,800,800,800,799,812,800,799,865,799,799,800,800,800,799,800,1018,2390,1249,1101,800,0,0,100,0,0,0,0,0,0,0,0,0,0,0,0,0,0,0,0,0,0,0,0,0,0,0,0,0,0,0,0,0,0,150437.08752441406,68309.77612304688,0,67221336064,8589930496,2031149056,252059648
200,1727561568541,1100,1135,933,800,1100,800,1100,800,799,799,800,800,800,800,800,799,812,800,799,865,799,799,800,800,800,799,800,1018,2390,1249,1101,800,0,0,100,0,0,0,0,0,0,0,0,0,0,0,0,0,0,0,0,0,0,0,0,0,0,0,0,0,0,0,0,0,0,150447.64324951172,68318.6351928711,0,67221336064,8589930496,2038820864,252059648
200,1727561568741,1100,1135,933,800,1100,800,1100,800,799,799,800,800,800,800,800,799,812,800,799,865,799,799,800,800,800,799,800,1018,2390,1249,1101,800,0,0,100,0,0,0,0,0,0,0,0,0,0,0,0,0,0,0,0,0,0,0,0,0,0,0,0,0,0,0,0,0,0,150458.04473876953,68327.353515625,0,67221336064,8589930496,2038820864,252059648
200,1727561568941,1100,1135,933,800,1100,800,1100,800,799,799,800,800,800,800,800,799,812,800,799,865,799,799,800,800,800,799,800,1018,2390,1249,1101,800,0,0,100,0,0,0,0,0,0,0,0,0,0,0,0,0,0,0,0,0,0,0,0,0,0,0,0,0,0,0,0,0,0,150468.45239257813,68336.07885742188,0,67221336064,8589930496,2038820864,252059648
200,1727561569141,1100,1135,933,800,1100,800,1100,800,799,799,800,800,800,800,800,799,812,800,799,865,799,799,800,800,800,799,800,1018,2390,1249,1101,800,0,0,100,0,0,0,0,0,0,0,0,0,0,0,0,0,0,0,0,0,0,0,0,0,0,0,0,0,0,0,0,0,0,150478.8257446289,68344.7681274414,0,67221336064,8589930496,2030891008,252059648
200,1727561569341,1100,1135,933,800,1100,800,1100,800,799,799,800,800,800,800,800,799,812,800,799,865,799,799,800,800,800,799,800,1018,2390,1249,1101,800,0,0,100,0,0,0,0,0,0,0,0,0,0,0,0,0,0,0,0,0,0,0,0,0,0,0,0,0,0,0,0,0,0,150489.267578125,68353.52801513672,0,67221336064,8589930496,2034434048,252059648
200,1727561569541,1100,1135,933,800,1100,800,1100,800,799,799,800,800,800,800,800,799,812,800,799,865,799,799,800,800,800,799,800,1018,2390,1249,1101,800,0,0,100,0,0,0,0,0,0,0,0,0,0,0,0,0,0,0,0,0,0,0,0,0,0,0,0,0,0,0,0,0,0,150499.64581298828,68362.22283935547,0,67221336064,8589930496,2038562816,252059648
200,1727561569741,1100,1135,933,800,1100,800,1100,800,799,799,800,800,800,800,800,799,812,800,799,865,799,799,800,800,800,799,800,1018,2390,1249,1101,800,0,0,100,0,0,0,0,0,0,0,0,0,0,0,0,0,0,0,0,0,0,0,0,0,0,0,0,0,0,0,0,0,0,150510.02856445313,68370.91668701172,0,67221336064,8589930496,2037071872,252059648
200,1727561569941,1100,1135,933,800,1100,800,1100,800,799,799,800,800,800,800,800,799,812,800,799,865,799,799,800,800,800,799,800,1018,2390,1249,1101,800,0,0,100,0,0,0,0,0,0,0,0,0,0,0,0,0,0,0,0,0,0,0,0,0,0,0,0,0,0,0,0,0,0,150520.51098632813,68379.7114868164,0,67221336064,8589930496,2037071872,252059648
200,1727561570141,1100,1135,933,800,1100,800,1100,800,799,799,800,800,800,800,800,799,812,800,799,865,799,799,800,800,800,799,800,1018,2390,1249,1101,800,0,0,100,0,0,0,0,0,0,0,0,0,0,0,0,0,0,0,0,0,0,0,0,0,0,0,0,0,0,0,0,0,0,150530.9122314453,68388.4302368164,0,67221336064,8589930496,2029142016,252059648
200,1727561570341,1100,1135,933,800,1100,800,1100,800,799,799,800,800,800,800,800,799,812,800,799,865,799,799,800,800,800,799,800,1018,2390,1249,1101,800,0,0,100,0,0,0,0,0,0,0,0,0,4.761904716491699,0,0,0,0,0,0,0,0,0,0,0,0,0,0,0,0,0,0,0,0,150541.63873291016,68397.4702758789,0,67221336064,8589930496,2036809728,252059648
200,1727561570541,1100,1135,933,800,1100,800,1100,800,799,799,800,800,800,800,800,799,812,800,799,865,799,799,800,800,800,799,800,1018,2390,1249,1101,800,0,0,100,0,0,0,0,0,0,0,0,0,0,0,0,0,4.761904716491699,0,0,0,0,0,0,0,0,0,0,0,0,0,0,0,0,150552.27374267578,68406.41827392578,0,67221336064,8589930496,2037571584,252059648
200,1727561570742,1100,1135,933,800,1100,800,1100,800,799,799,800,800,800,800,800,799,812,800,799,865,799,799,800,800,800,799,800,1018,2390,1249,1101,800,0,0,100,0,0,0,0,0,0,0,0,0,0,0,0,0,0,0,0,0,0,0,0,0,0,0,0,0,0,0,0,0,0,150562.72802734375,68415.16790771484,0,67221336064,8589930496,2036080640,252059648
200,1727561570942,1100,1135,933,800,1100,800,1100,800,799,799,800,800,800,800,800,799,812,800,799,865,799,799,800,800,800,799,800,1018,2390,1249,1101,800,0,0,100,0,0,0,0,0,0,0,0,0,0,0,0,0,0,0,0,0,0,0,0,0,0,0,0,0,0,0,0,0,0,150573.07598876953,68423.83325195313,0,67221336064,8589930496,2036080640,252059648
200,1727561571142,1100,1135,933,800,1100,800,1100,800,799,799,800,800,800,800,800,799,812,800,799,865,799,799,800,800,800,799,800,1018,2390,1249,1101,800,0,0,100,0,0,0,0,0,0,0,0,0,0,0,0,0,0,0,0,0,0,0,0,0,0,0,0,0,0,0,0,0,0,150583.5684814453,68432.64245605469,0,67221336064,8589930496,2029301760,252059648
200,1727561571342,1100,1135,933,800,1100,800,1100,800,799,799,800,800,800,800,800,799,812,800,799,865,799,799,800,800,800,799,800,1018,2390,1249,1101,800,0,0,100,0,0,0,0,0,0,0,0,0,0,0,0,0,0,0,0,0,0,0,0,0,0,0,0,0,0,0,0,0,0,150594.03747558594,68441.42767333984,0,67221336064,8589930496,2029015040,252059648
200,1727561571542,1100,1135,933,800,1100,800,1100,800,799,799,800,800,800,800,800,799,812,800,799,865,799,799,800,800,800,799,800,1018,2390,1249,1101,800,0,0,100,0,0,0,0,0,0,0,0,0,0,0,0,0,0,0,0,0,0,0,0,0,0,0,0,0,0,0,0,0,0,150604.54705810547,68450.2494506836,0,67221336064,8589930496,2036686848,252059648
200,1727561571742,1100,1135,933,800,1100,800,1100,800,799,799,800,800,800,800,800,799,812,800,799,865,799,799,800,800,800,799,800,1018,2390,1249,1101,800,0,0,100,0,0,0,0,0,0,0,0,0,0,0,0,0,0,0,0,0,0,0,0,0,0,0,0,0,0,0,0,0,0,150614.98596191406,68459.0025024414,0,67221336064,8589930496,2036686848,252059648
200,1727561571942,1100,1135,933,800,1100,800,1100,800,799,799,800,800,800,800,800,799,812,800,799,865,799,799,800,800,800,799,800,1018,2390,1249,1101,800,0,0,100,0,0,0,0,0,0,0,0,0,0,0,0,0,0,0,0,0,0,0,0,0,0,0,0,0,0,0,0,0,0,150625.54107666016,68467.86608886719,0,67221336064,8589930496,2036686848,252059648
200,1727561572142,1100,1135,933,800,1100,800,1100,800,799,799,800,800,800,800,800,799,812,800,799,865,799,799,800,800,800,799,800,1018,2390,1249,1101,800,0,0,100,0,0,0,0,0,0,0,0,0,0,0,0,0,0,0,0,0,0,0,0,0,0,0,0,4.761904716491699,0,0,0,0,0,150636.17358398438,68476.81359863281,0,67221336064,8589930496,2028756992,252059648
200,1727561572342,1100,1135,933,800,1100,800,1100,800,799,799,800,800,800,800,800,799,812,800,799,865,799,799,800,800,800,799,800,1018,2390,1249,1101,800,0,0,100,0,0,0,0,0,0,0,0,0,0,0,0,0,0,0,0,0,0,0,0,0,0,0,0,0,0,0,0,0,0,150646.60906982422,68485.56182861328,0,67221336064,8589930496,2028756992,252059648
200,1727561572542,1100,1135,933,800,1100,800,1100,800,799,799,800,800,800,800,800,799,812,800,799,865,799,799,800,800,800,799,800,1018,2390,1249,1101,800,0,0,100,0,0,0,0,0,0,0,0,0,0,0,0,0,0,0,0,0,0,0,0,0,0,0,0,0,0,0,0,0,0,150657.08880615234,68494.35180664063,0,67221336064,8589930496,2036428800,252059648
200,1727561572743,1100,1135,933,800,1100,800,1100,800,799,799,800,800,800,800,800,799,812,800,799,865,799,799,800,800,800,799,800,1018,2390,1249,1101,800,0,0,100,0,0,0,0,0,0,0,0,0,0,0,0,0,0,0,0,0,0,0,0,0,0,0,0,0,0,0,0,0,0,150667.49291992188,68503.01953125,0,67221336064,8589930496,2036428800,252059648
200,1727561572943,1100,1135,933,800,1100,800,1100,800,799,799,800,800,800,800,800,799,812,800,799,865,799,799,800,800,800,799,800,1018,2390,1249,1101,800,0,0,100,0,0,0,0,0,0,0,0,0,0,0,0,0,0,0,0,0,0,0,0,0,0,0,0,0,0,0,0,0,0,150677.9155883789,68511.80865478516,0,67221336064,8589930496,2036428800,252059648
200,1727561573143,1100,1135,933,800,1100,800,1100,800,799,799,800,800,800,800,800,799,812,800,799,865,799,799,800,800,800,799,800,1018,2390,1249,1101,800,0,0,100,0,0,0,0,0,0,0,0,0,0,0,0,0,0,0,0,0,0,0,0,0,0,0,0,0,0,0,0,0,0,150688.41912841797,68520.6293334961,0,67221336064,8589930496,2028498944,252059648
200,1727561573343,1100,1135,933,800,1100,800,1100,800,799,799,800,800,800,800,800,799,812,800,799,865,799,799,800,800,800,799,800,1018,2390,1249,1101,800,0,0,100,0,0,0,0,0,0,0,0,0,0,0,0,0,0,0,0,0,0,0,0,0,0,0,0,0,0,0,0,0,0,150698.90728759766,68529.43524169922,0,67221336064,8589930496,2036428800,252059648
200,1727561573543,1100,1135,933,800,1100,800,1100,800,799,799,800,800,800,800,800,799,812,800,799,865,799,799,800,800,800,799,800,1018,2390,1249,1101,800,0,0,100,0,0,0,0,0,0,0,0,0,0,0,0,0,0,0,0,0,0,0,0,0,0,0,0,0,0,0,0,0,0,150709.3485107422,68538.18127441406,0,67221336064,8589930496,2036428800,252059648
200,1727561573743,1100,1135,933,800,1100,800,1100,800,799,799,800,800,800,800,800,799,812,800,799,865,799,799,800,800,800,799,800,1018,2390,1249,1101,800,0,0,100,0,0,0,0,0,0,0,0,0,0,0,0,0,0,0,0,0,0,0,0,0,0,0,0,0,0,0,0,0,0,150719.82012939453,68546.96533203125,0,67221336064,8589930496,2036428800,252059648
200,1727561573943,1100,1135,933,800,1100,800,1100,800,799,799,800,800,800,800,800,799,812,800,799,865,799,799,800,800,800,799,800,1018,2390,1249,1101,800,0,0,100,0,0,0,0,0,0,0,0,0,0,0,0,0,0,0,0,0,0,0,0,0,0,0,0,0,0,0,0,0,0,150730.34210205078,68555.80279541016,0,67221336064,8589930496,2036428800,252059648
200,1727561574143,1100,1135,933,800,1100,800,1100,800,799,799,800,800,800,800,800,799,812,800,799,865,799,799,800,800,800,799,800,1018,2390,1249,1101,800,0,0,100,0,0,0,0,0,0,0,0,0,0,0,0,0,0,0,0,0,0,0,0,0,0,0,0,0,0,0,0,0,0,150740.87762451172,68564.65002441406,0,67221336064,8589930496,2028498944,252059648
200,1727561574343,1100,1135,933,800,1100,800,1100,800,799,799,800,800,800,800,800,799,812,800,799,865,799,799,800,800,800,799,800,1018,2390,1249,1101,800,0,0,100,0,0,0,0,0,0,0,0,0,0,0,0,0,0,0,0,0,0,0,0,0,0,0,0,0,0,0,0,0,0,150751.3148803711,68573.40130615234,0,67221336064,8589930496,2036170752,252059648
200,1727561574544,1100,1135,933,800,1100,800,1100,800,799,799,800,800,800,800,800,799,812,800,799,865,799,799,800,800,800,799,800,1018,2390,1249,1101,800,0,0,100,0,0,0,0,0,0,0,0,0,0,0,0,0,0,0,0,0,0,0,0,0,0,0,0,0,0,0,0,0,0,150761.72326660156,68582.12957763672,0,67221336064,8589930496,2036170752,252059648
200,1727561574744,1100,1135,933,800,1100,800,1100,800,799,799,800,800,800,800,800,799,812,800,799,865,799,799,800,800,800,799,800,1018,2390,1249,1101,800,0,0,100,0,0,0,0,0,0,0,0,0,0,0,0,0,0,0,0,0,0,0,0,0,0,0,0,0,0,0,0,0,0,150772.1962890625,68590.91064453125,0,67221336064,8589930496,2036170752,252059648
200,1727561574944,1100,1135,933,800,1100,800,1100,800,799,799,800,800,800,800,800,799,812,800,799,865,799,799,800,800,800,799,800,1018,2390,1249,1101,800,0,0,100,0,0,0,0,0,0,0,0,0,0,0,0,0,0,0,0,0,0,0,0,0,0,0,0,0,0,0,0,0,0,150782.6392211914,68599.66595458984,0,67221336064,8589930496,2036170752,252059648
200,1727561575144,1100,1135,933,800,1100,800,1100,800,799,799,800,800,800,800,800,799,812,800,799,865,799,799,800,800,800,799,800,1018,2390,1249,1101,800,0,0,100,0,0,0,4.761904716491699,0,0,0,0,0,0,0,0,0,0,0,0,0,0,0,0,0,0,0,0,0,0,0,0,0,0,150793.04864501953,68608.3920288086,0,67221336064,8589930496,2020065280,252059648
200,1727561575344,1100,1135,933,800,1100,800,1100,800,799,799,800,800,800,800,800,799,812,800,799,865,799,799,800,800,800,799,800,1018,2390,1249,1101,800,0,0,100,0,0,0,0,0,0,0,0,0,0,0,0,0,0,0,0,0,0,0,0,0,0,0,0,0,0,0,0,0,0,150803.5830078125,68617.24517822266,0,67221336064,8589930496,2027905024,252059648
200,1727561575544,1100,1135,933,800,1100,800,1100,800,799,799,800,800,800,800,800,799,812,800,799,865,799,799,800,800,800,799,800,1018,2390,1249,1101,800,0,0,100,0,0,0,0,0,0,0,0,0,0,0,0,0,0,0,0,0,0,0,0,0,0,0,0,0,0,0,0,0,0,150813.96270751953,68625.94152832031,0,67221336064,8589930496,2036162560,252059648
200,1727561575744,1100,1135,933,800,1100,800,1100,800,799,799,800,800,800,800,800,799,812,800,799,865,799,799,800,800,800,799,800,1018,2390,1249,1101,800,0,0,100,0,0,0,0,0,0,0,0,0,0,0,0,0,0,0,0,0,0,0,0,0,0,0,0,0,0,0,0,0,0,150824.3970336914,68634.69128417969,0,67221336064,8589930496,2036162560,252059648
200,1727561575944,1100,1135,933,800,1100,800,1100,800,799,799,800,800,800,800,800,799,812,800,799,865,799,799,800,800,800,799,800,1018,2390,1249,1101,800,0,0,100,0,0,0,0,0,0,0,0,0,0,0,0,0,0,0,0,0,0,0,0,0,0,0,0,0,0,0,0,0,0,150835.0477294922,68643.65716552734,0,67221336064,8589930496,2036162560,252059648
200,1727561576144,1100,1135,933,800,1100,800,1100,800,799,799,800,800,800,800,800,799,812,800,799,865,799,799,800,800,800,799,800,1018,2390,1249,1101,800,0,0,100,0,0,0,0,0,0,0,0,0,0,0,0,0,0,0,0,0,0,0,0,0,0,0,0,0,0,0,0,0,0,150845.47021484375,68652.39526367188,0,67221336064,8589930496,2028232704,252059648
200,1727561576344,1100,1135,933,800,1100,800,1100,800,799,799,800,800,800,800,800,799,812,800,799,865,799,799,800,800,800,799,800,1018,2390,1249,1101,800,0,0,100,0,0,0,0,0,0,0,0,0,0,0,0,0,0,0,0,0,0,0,0,0,0,0,0,0,0,0,0,0,0,150855.93231201172,68661.16271972656,0,67221336064,8589930496,2035904512,252059648
200,1727561576545,1100,1135,933,800,1100,800,1100,800,799,799,800,800,800,800,800,799,812,800,799,865,799,799,800,800,800,799,800,1018,2390,1249,1101,800,0,0,100,0,0,0,0,0,0,0,0,0,0,0,0,0,0,0,0,0,0,0,0,0,0,0,0,0,0,0,0,0,0,150866.38604736328,68669.91809082031,0,67221336064,8589930496,2035904512,252059648
200,1727561576745,1100,1135,933,800,1100,800,1100,800,799,799,800,800,800,800,800,799,812,800,799,865,799,799,800,800,800,799,800,1018,2390,1249,1101,800,0,0,100,0,0,0,0,0,0,0,0,0,0,0,0,0,0,0,0,0,0,0,0,0,0,0,0,0,0,0,0,0,0,150876.7728881836,68678.6314086914,0,67221336064,8589930496,2035904512,252059648
200,1727561576945,1100,1135,933,800,1100,800,1100,800,799,799,800,800,800,800,800,799,812,800,799,865,799,799,800,800,800,799,800,1018,2390,1249,1101,800,0,0,100,0,0,0,0,0,0,0,0,0,0,0,0,0,0,0,0,0,0,0,0,0,0,0,0,0,0,0,0,0,0,150887.15380859375,68687.32891845703,0,67221336064,8589930496,2035904512,252059648
200,1727561577145,1100,1135,933,800,1100,800,1100,800,799,799,800,800,800,800,800,799,812,800,799,865,799,799,800,800,800,799,800,1018,2390,1249,1101,800,0,0,100,0,0,0,0,0,0,0,0,0,0,0,0,0,0,0,0,0,0,0,0,0,0,0,0,0,0,0,0,0,0,150897.625,68696.1109008789,0,67221336064,8589930496,2027974656,252059648
200,1727561577345,1100,1135,933,800,1100,800,1100,800,799,799,800,800,800,800,800,799,812,800,799,865,799,799,800,800,800,799,800,1018,2390,1249,1101,800,0,0,100,0,0,0,0,0,0,0,0,0,0,0,0,0,0,0,0,0,0,0,0,0,0,0,0,0,0,0,0,0,0,150908.15167236328,68704.95422363281,0,67221336064,8589930496,2035904512,252059648
200,1727561577545,1100,1135,933,800,1100,800,1100,800,799,799,800,800,800,800,800,799,812,800,799,865,799,799,800,800,800,799,800,1018,2390,1249,1101,800,0,0,100,0,0,0,0,0,0,0,0,0,0,0,0,0,0,0,0,0,0,0,0,0,0,0,0,0,0,0,0,0,0,150918.56756591797,68713.68505859375,0,67221336064,8589930496,2035904512,252059648
200,1727561577745,1100,1135,933,800,1100,800,1100,800,799,799,800,800,800,800,800,799,812,800,799,865,799,799,800,800,800,799,800,1018,2390,1249,1101,800,0,0,100,0,0,0,0,0,0,0,0,0,0,0,0,0,0,0,0,0,0,0,0,0,0,0,0,0,0,0,0,0,0,150928.98944091797,68722.42596435547,0,67221336064,8589930496,2035904512,252059648
200,1727561577945,1100,1135,933,800,1100,800,1100,800,799,799,800,800,800,800,800,799,812,800,799,865,799,799,800,800,800,799,800,1018,2390,1249,1101,800,0,0,100,0,0,0,0,0,0,0,0,0,0,0,0,0,0,0,0,0,0,0,0,0,0,0,0,0,0,0,0,0,0,150939.46411132813,68731.21575927734,0,67221336064,8589930496,2035904512,252059648
200,1727561578145,1100,1135,933,800,1100,800,1100,800,799,799,800,800,800,800,800,799,812,800,799,865,799,799,800,800,800,799,800,1018,2390,1249,1101,800,0,0,100,0,0,0,0,0,0,0,0,0,0,0,0,0,0,0,0,0,0,0,0,0,0,0,0,0,0,0,0,0,0,150949.95666503906,68740.02520751953,0,67221336064,8589930496,2027974656,252059648
200,1727561578345,1100,1135,933,800,1100,800,1100,800,799,799,800,800,800,800,800,799,812,800,799,865,799,799,800,800,800,799,800,1018,2390,1249,1101,800,0,0,100,0,0,0,0,0,0,0,0,0,0,0,0,0,0,0,0,0,0,0,0,0,0,0,0,0,0,0,0,0,0,150960.40405273438,68748.78936767578,0,67221336064,8589930496,2027974656,252059648
200,1727561578546,1100,1135,933,800,1100,800,1100,800,799,799,800,800,800,800,800,799,812,800,799,865,799,799,800,800,800,799,800,1018,2390,1249,1101,800,0,0,100,0,0,0,0,0,0,0,0,0,0,0,0,0,0,0,0,0,0,0,0,0,0,0,0,0,0,0,0,0,0,150970.90368652344,68757.59930419922,0,67221336064,8589930496,2035634176,252059648
200,1727561578746,1100,1135,933,800,1100,800,1100,800,799,799,800,800,800,800,800,799,812,800,799,865,799,799,800,800,800,799,800,1018,2390,1249,1101,800,0,0,100,0,0,0,0,0,0,0,0,0,0,0,0,0,0,0,0,0,0,0,0,0,0,0,0,0,0,0,0,0,0,150981.24993896484,68766.26977539063,0,67221336064,8589930496,2035634176,252059648
200,1727561578946,1100,1135,933,800,1100,800,1100,800,799,799,800,800,800,800,800,799,812,800,799,865,799,799,800,800,800,799,800,1018,2390,1249,1101,800,0,0,100,0,0,0,0,0,0,0,0,0,0,0,0,0,0,0,0,0,0,0,0,0,0,0,0,0,0,0,0,0,0,150991.7177734375,68775.04034423828,0,67221336064,8589930496,2035634176,252059648
200,1727561579146,1100,1135,933,800,1100,800,1100,800,799,799,800,800,800,800,800,799,812,800,799,865,799,799,800,800,800,799,800,1018,2390,1249,1101,800,0,0,100,0,0,0,0,0,0,0,0,0,0,0,0,0,0,0,0,0,0,0,0,0,0,0,0,0,0,0,0,0,0,151002.2266845703,68783.86779785156,0,67221336064,8589930496,2027704320,252059648
200,1727561579346,1100,1135,933,800,1100,800,1100,800,799,799,800,800,800,800,800,799,812,800,799,865,799,799,800,800,800,799,800,1018,2390,1249,1101,800,0,0,100,0,0,0,0,0,0,0,0,0,0,0,0,0,0,0,0,0,0,0,0,0,0,0,0,0,0,0,0,0,0,151012.7417602539,68792.69818115234,0,67221336064,8589930496,2043633664,252059648
200,1727561579546,1100,1135,933,800,1100,800,1100,800,799,799,800,800,800,800,800,799,812,800,799,865,799,799,800,800,800,799,800,1018,2390,1249,1101,800,0,0,100,0,0,0,0,0,0,0,0,0,0,0,0,0,0,0,0,0,0,0,0,0,0,0,0,0,0,0,0,0,0,151023.16638183594,68801.44171142578,0,67221336064,8589930496,2043633664,252059648
200,1727561579746,1100,1135,933,800,1100,800,1100,800,799,799,800,800,800,800,800,799,812,800,799,865,799,799,800,800,800,799,800,1018,2390,1249,1101,800,4.761904716491699,0,100,0,0,0,0,0,0,0,0,0,0,0,0,0,0,0,0,0,0,0,0,0,0,0,0,0,0,0,0,0,0,151033.5272216797,68810.11651611328,0,67221336064,8589930496,2043633664,252059648
200,1727561579946,1100,1135,933,800,1100,800,1100,800,799,799,800,800,800,800,800,799,812,800,799,865,799,799,800,800,800,799,800,1018,2390,1249,1101,800,0,0,100,0,0,0,0,0,0,0,0,0,0,0,0,0,0,0,0,0,0,0,0,0,0,0,0,0,0,0,0,0,0,151044.0366821289,68818.94274902344,0,67221336064,8589930496,2043633664,252059648
200,1727561580146,1100,1135,933,800,1100,800,1100,800,799,799,800,800,800,800,800,799,812,800,799,865,799,799,800,800,800,799,800,1018,2390,1249,1101,800,0,0,100,0,0,0,0,0,0,0,0,0,0,0,0,0,0,0,0,0,0,0,0,0,0,0,0,0,0,0,0,0,0,151054.65545654297,68827.8755493164,0,67221336064,8589930496,2027278336,252059648
200,1727561580346,1100,1135,933,800,1100,800,1100,800,799,799,800,800,800,800,800,799,812,800,799,865,799,799,800,800,800,799,800,1018,2390,1249,1101,800,0,0,100,0,0,0,0,0,0,0,0,0,0,0,0,0,0,0,0,0,0,0,0,0,0,0,0,0,0,0,0,0,0,151065.16333007813,68836.69854736328,0,67221336064,8589930496,2043375616,252059648
200,1727561580547,1100,1135,933,800,1100,800,1100,800,799,799,800,800,800,800,800,799,812,800,799,865,799,799,800,800,800,799,800,1018,2390,1249,1101,800,0,0,100,0,0,0,0,0,0,0,0,0,0,0,0,0,0,0,0,0,0,0,0,0,0,0,0,0,0,0,0,0,0,151075.54864501953,68845.39990234375,0,67221336064,8589930496,2043375616,252059648
200,1727561580747,1100,1135,933,800,1100,800,1100,800,799,799,800,800,800,800,800,799,812,800,799,865,799,799,800,800,800,799,800,1018,2390,1249,1101,800,0,0,100,0,0,0,0,0,0,0,0,0,0,0,0,0,0,0,0,0,0,0,0,0,0,0,0,0,0,0,0,0,0,151085.9765625,68854.13177490234,0,67221336064,8589930496,2043375616,252059648
200,1727561580947,1100,1135,933,800,1100,800,1100,800,799,799,800,800,800,800,800,799,812,800,799,865,799,799,800,800,800,799,800,1018,2390,1249,1101,800,0,0,100,0,0,0,0,0,0,0,0,0,0,0,0,0,0,0,0,0,0,0,0,0,0,0,0,0,0,0,0,0,0,151096.42376708984,68862.8920288086,0,67221336064,8589930496,2043375616,252059648
200,1727561581147,1100,1135,933,800,1100,800,1100,800,799,799,800,800,800,800,800,799,812,800,799,865,799,799,800,800,800,799,800,1018,2390,1249,1101,800,0,0,100,0,0,0,0,0,0,0,0,0,0,0,0,0,0,0,0,0,0,0,0,0,0,0,0,0,0,0,0,0,0,151106.83270263672,68871.6138305664,0,67221336064,8589930496,2035445760,252059648
200,1727561581347,1100,1135,933,800,1100,800,1100,800,799,799,800,800,800,800,800,799,812,800,799,865,799,799,800,800,800,799,800,1018,2390,1249,1101,800,0,0,100,0,0,0,0,0,0,0,0,0,0,0,0,0,0,0,0,0,0,0,0,0,0,0,0,0,0,0,0,0,0,151117.2666015625,68880.3677368164,0,67221336064,8589930496,2035445760,252059648
200,1727561581547,1100,1135,933,800,1100,800,1100,800,799,799,800,800,800,800,800,799,812,800,799,865,799,799,800,800,800,799,800,1018,2390,1249,1101,800,0,0,100,0,0,0,0,0,0,0,0,0,0,0,0,0,0,0,0,0,0,0,0,0,0,0,0,0,0,0,0,0,0,151127.64294433594,68889.06048583984,0,67221336064,8589930496,2035445760,252059648
200,1727561581747,1100,1135,933,800,1100,800,1100,800,799,799,800,800,800,800,800,799,812,800,799,865,799,799,800,800,800,799,800,1018,2390,1249,1101,800,0,0,100,0,0,0,0,0,0,0,0,0,0,0,0,0,0,0,0,0,0,0,0,0,0,0,0,0,0,0,0,0,0,151138.12841796875,68897.85626220703,0,67221336064,8589930496,2035445760,252059648
200,1727561581947,1100,1135,933,800,1100,800,1100,800,799,799,800,800,800,800,800,799,812,800,799,865,799,799,800,800,800,799,800,1018,2390,1249,1101,800,0,0,100,0,0,0,0,0,0,0,0,0,0,0,0,0,0,0,0,0,0,0,0,0,0,0,0,0,0,0,0,0,0,151148.53411865234,68906.57360839844,0,67221336064,8589930496,2035892224,252059648
200,1727561582147,1100,1135,933,800,1100,800,1100,800,799,799,800,800,800,800,800,799,812,800,799,865,799,799,800,800,800,799,800,1018,2390,1249,1101,800,0,0,100,0,0,0,0,0,0,0,0,0,0,0,0,0,0,0,0,0,0,0,0,0,0,0,0,0,0,0,0,0,0,151158.89837646484,68915.25598144531,0,67221336064,8589930496,2027962368,252059648
200,1727561582348,1100,1135,933,800,1100,800,1100,800,799,799,800,800,800,800,800,799,812,800,799,865,799,799,800,800,800,799,800,1018,2390,1249,1101,800,0,0,100,0,0,0,0,0,0,0,0,0,0,0,0,0,0,0,0,0,0,0,0,0,0,0,0,0,0,0,0,0,0,151169.41619873047,68924.08990478516,0,67221336064,8589930496,2035634176,252059648
200,1727561582548,1100,1135,933,800,1100,800,1100,800,799,799,800,800,800,800,800,799,812,800,799,865,799,799,800,800,800,799,800,1018,2390,1249,1101,800,0,0,100,0,0,0,0,0,0,0,0,0,0,0,0,0,0,0,0,0,0,0,0,0,0,0,0,0,0,0,0,0,0,151179.79852294922,68932.78009033203,0,67221336064,8589930496,2035630080,252059648
200,1727561582748,1100,1135,933,800,1100,800,1100,800,799,799,800,800,800,800,800,799,812,800,799,865,799,799,800,800,800,799,800,1018,2390,1249,1101,800,0,0,100,0,0,0,0,0,0,0,0,0,0,0,0,0,0,0,0,0,0,0,0,0,0,0,0,0,0,0,0,0,0,151190.27612304688,68941.568359375,0,67221336064,8589930496,2035630080,252059648
200,1727561582948,1100,1135,933,800,1100,800,1100,800,799,799,800,800,800,800,800,799,812,800,799,865,799,799,800,800,800,799,800,1018,2390,1249,1101,800,0,0,100,0,0,0,0,0,0,0,0,0,0,0,0,0,0,0,0,0,0,0,0,0,0,0,0,0,0,0,0,0,0,151200.65216064453,68950.26263427734,0,67221336064,8589930496,2035630080,252059648
200,1727561583148,1100,1135,933,800,1100,800,1100,800,799,799,800,800,800,800,800,799,812,800,799,865,799,799,800,800,800,799,800,1018,2390,1249,1101,800,0,0,100,0,0,0,0,0,0,0,0,0,0,0,0,0,0,0,0,0,0,0,0,0,0,0,0,0,0,0,0,0,0,151211.0874633789,68959.00964355469,0,67221336064,8589930496,2027700224,252059648
200,1727561583348,1100,1135,933,800,1100,800,1100,800,799,799,800,800,800,800,800,799,812,800,799,865,799,799,800,800,800,799,800,1018,2390,1249,1101,800,0,0,100,0,0,0,0,0,0,0,0,0,0,0,0,0,0,0,0,0,0,0,0,0,0,0,0,0,0,0,0,0,0,151221.5079345703,68967.74108886719,0,67221336064,8589930496,2043629568,252059648
200,1727561583548,1100,1135,933,800,1100,800,1100,800,799,799,800,800,800,800,800,799,812,800,799,865,799,799,800,800,800,799,800,1018,2390,1249,1101,800,0,0,100,0,0,0,0,0,0,0,0,0,0,0,0,0,0,0,0,0,0,0,0,0,0,0,0,0,0,0,0,0,0,151231.8857421875,68976.4380493164,0,67221336064,8589930496,2043629568,252059648
200,1727561583748,1100,1135,933,800,1100,800,1100,800,799,799,800,800,800,800,800,799,812,800,799,865,799,799,800,800,800,799,800,1018,2390,1249,1101,800,0,0,100,0,0,0,0,0,0,0,0,0,0,0,0,0,0,0,0,0,0,0,0,0,0,0,0,0,0,0,0,0,0,151242.39654541016,68985.2650756836,0,67221336064,8589930496,2043629568,252059648
200,1727561583948,1100,1135,933,800,1100,800,1100,800,799,799,800,800,800,800,800,799,812,800,799,865,799,799,800,800,800,799,800,1018,2390,1249,1101,800,0,0,100,0,0,0,0,0,0,0,0,0,0,0,0,0,0,0,0,0,0,0,0,0,0,0,0,0,0,0,0,0,0,151252.77923583984,68993.96746826172,0,67221336064,8589930496,2043629568,252059648
200,1727561584148,1100,1135,933,800,1100,800,1100,800,799,799,800,800,800,800,800,799,812,800,799,865,799,799,800,800,800,799,800,1018,2390,1249,1101,800,0,0,100,0,0,0,0,0,0,0,0,0,0,0,0,0,0,0,0,0,0,0,0,0,0,0,0,0,0,0,0,0,0,151263.24237060547,69002.74493408203,0,67221336064,8589930496,2043625472,252059648
200,1727561584349,1100,1135,933,800,1100,800,1100,800,799,799,800,800,800,800,800,799,812,800,799,865,799,799,800,800,800,799,800,1018,2390,1249,1101,800,0,0,100,0,0,0,0,0,0,0,0,0,0,0,0,0,0,0,0,0,0,0,0,0,0,0,0,0,0,0,0,0,0,151273.70538330078,69011.5054321289,0,67221336064,8589930496,2027270144,252059648
200,1727561584549,1100,1135,933,800,1100,800,1100,800,799,799,800,800,800,800,800,799,812,800,799,865,799,799,800,800,800,799,800,1018,2390,1249,1101,800,0,0,100,0,0,0,0,0,0,0,0,0,0,0,0,0,0,0,0,0,0,0,0,0,0,0,0,0,0,0,0,0,0,151284.08465576172,69020.21026611328,0,67221336064,8589930496,2043367424,252059648
200,1727561584749,1100,1135,933,800,1100,800,1100,800,799,799,800,800,800,800,800,799,812,800,799,865,799,799,800,800,800,799,800,1018,2390,1249,1101,800,0,0,100,0,0,0,0,0,0,0,0,0,0,0,0,0,0,0,0,0,0,0,0,0,0,0,0,0,0,0,0,0,0,151294.54248046875,69028.97576904297,0,67221336064,8589930496,2043367424,252059648
200,1727561584949,1100,1135,933,800,1100,800,1100,800,799,799,800,800,800,800,800,799,812,800,799,865,799,799,800,800,800,799,800,1018,2390,1249,1101,800,0,0,100,0,0,0,0,0,0,0,0,0,0,0,0,0,0,0,0,0,0,0,0,0,0,0,0,0,0,0,0,0,0,151304.92993164063,69037.67700195313,0,67221336064,8589930496,2043367424,252059648
200,1727561585149,1100,1135,933,800,1100,800,1100,800,799,799,800,800,800,800,800,799,812,800,799,865,799,799,800,800,800,799,800,1018,2390,1249,1101,800,0,0,100,0,0,0,0,0,0,0,0,0,0,0,0,0,0,0,0,0,0,0,0,0,0,0,0,0,0,0,0,0,0,151315.33990478516,69046.40539550781,0,67221336064,8589930496,2035437568,252059648
200,1727561585349,1100,1135,933,800,1100,800,1100,800,799,799,800,800,800,800,800,799,812,800,799,865,799,799,800,800,800,799,800,1018,2390,1249,1101,800,0,0,100,0,0,0,0,0,0,0,0,0,0,0,0,0,0,0,0,0,0,0,0,0,0,0,0,0,0,0,0,0,0,151325.79443359375,69055.1753540039,0,67221336064,8589930496,2035437568,252059648
200,1727561585549,1100,1135,933,800,1100,800,1100,800,799,799,800,800,800,800,800,799,812,800,799,865,799,799,800,800,800,799,800,1018,2390,1249,1101,800,0,0,100,0,0,0,0,0,0,0,0,0,0,0,0,0,0,0,0,0,0,0,0,0,0,0,0,0,0,0,0,0,0,151336.3159790039,69064.0140991211,0,67221336064,8589930496,2035953664,252059648
200,1727561585749,1100,1135,933,800,1100,800,1100,800,799,799,800,800,800,800,800,799,812,800,799,865,799,799,800,800,800,799,800,1018,2390,1249,1101,800,0,0,100,0,0,0,0,0,0,0,0,0,0,0,0,0,0,0,0,0,0,0,0,0,0,0,0,0,0,0,0,0,0,151346.73376464844,69072.75146484375,0,67221336064,8589930496,2035953664,252059648
200,1727561585949,1100,1135,933,800,1100,800,1100,800,799,799,800,800,800,800,800,799,812,800,799,865,799,799,800,800,800,799,800,1018,2390,1249,1101,800,0,0,100,0,0,0,0,0,0,0,0,0,0,0,0,0,0,0,0,0,0,0,0,0,0,0,0,0,0,0,0,0,0,151357.1801147461,69081.5014038086,0,67221336064,8589930496,2035953664,252059648
200,1727561586150,1100,1135,933,800,1100,800,1100,800,799,799,800,800,800,800,800,799,812,800,799,865,799,799,800,800,800,799,800,1018,2390,1249,1101,800,0,0,100,0,0,0,0,0,0,0,0,0,0,0,0,0,0,0,0,0,0,0,0,0,0,0,0,0,0,0,0,0,0,151367.6414794922,69090.2759399414,0,67221336064,8589930496,2028470272,252059648
200,1727561586350,1100,1135,933,800,1100,800,1100,800,799,799,800,800,800,800,800,799,812,800,799,865,799,799,800,800,800,799,800,1018,2390,1249,1101,800,0,0,100,0,0,0,0,0,0,0,0,0,4.761904716491699,0,0,0,0,0,0,0,0,0,0,0,0,0,0,0,0,0,0,0,0,151378.1590576172,69099.10180664063,0,67221336064,8589930496,2036142080,252059648
200,1727561586550,1100,1135,933,800,1100,800,1100,800,799,799,800,800,800,800,800,799,812,800,799,865,799,799,800,800,800,799,800,1018,2390,1249,1101,800,0,0,100,0,0,0,0,0,0,0,0,0,0,0,0,0,0,0,0,0,0,0,0,0,0,0,0,0,0,0,0,0,0,151388.5184326172,69107.77960205078,0,67221336064,8589930496,2036142080,252059648
200,1727561586750,1100,1135,933,800,1100,800,1100,800,799,799,800,800,800,800,800,799,812,800,799,865,799,799,800,800,800,799,800,1018,2390,1249,1101,800,0,0,100,0,0,0,0,0,0,0,0,0,0,0,0,0,0,0,0,0,0,0,0,0,0,0,0,0,0,0,0,0,0,151398.94897460938,69116.51300048828,0,67221336064,8589930496,2036142080,252059648
200,1727561586950,1100,1135,933,800,1100,800,1100,800,799,799,800,800,800,800,800,799,812,800,799,865,799,799,800,800,800,799,800,1018,2390,1249,1101,800,0,0,100,0,0,0,0,0,0,0,0,0,0,0,0,0,0,0,0,0,0,0,0,0,0,0,0,0,0,0,0,0,0,151409.35150146484,69125.23406982422,0,67221336064,8589930496,2036142080,252059648
200,1727561587150,1100,1135,933,800,1100,800,1100,800,799,799,800,800,800,800,800,799,812,800,799,865,799,799,800,800,800,799,800,1018,2390,1249,1101,800,0,0,100,0,0,0,0,0,0,0,0,0,0,0,0,0,0,0,0,0,0,0,0,0,0,0,0,0,0,0,0,0,0,151419.82568359375,69134.0219116211,0,67221336064,8589930496,2036142080,252059648
200,1727561587350,1100,1135,933,800,1100,800,1100,800,799,799,800,800,800,800,800,799,812,800,799,865,799,799,800,800,800,799,800,1018,2390,1249,1101,800,0,0,100,0,0,0,0,0,0,0,0,0,0,0,0,0,0,0,0,0,0,0,0,0,0,0,0,0,0,0,0,0,0,151430.322265625,69142.83013916016,0,67221336064,8589930496,2028212224,252059648
200,1727561587550,1100,1135,933,800,1100,800,1100,800,799,799,800,800,800,800,800,799,812,800,799,865,799,799,800,800,800,799,800,1018,2390,1249,1101,800,0,0,100,0,0,0,0,0,0,0,0,0,0,0,0,0,0,0,0,0,0,0,0,0,0,0,0,0,0,0,0,0,0,151440.76696777344,69151.59118652344,0,67221336064,8589930496,2044141568,252059648
200,1727561587750,1100,1135,933,800,1100,800,1100,800,799,799,800,800,800,800,800,799,812,800,799,865,799,799,800,800,800,799,800,1018,2390,1249,1101,800,0,0,100,0,0,0,0,0,0,0,0,0,0,0,0,0,0,0,0,0,0,0,0,0,0,0,0,0,0,0,0,0,0,151451.24383544922,69160.38568115234,0,67221336064,8589930496,2044141568,252059648
200,1727561587950,1100,1135,933,800,1100,800,1100,800,799,799,800,800,800,800,800,799,812,800,799,865,799,799,800,800,800,799,800,1018,2390,1249,1101,800,0,0,100,0,0,0,0,0,0,0,0,0,0,0,0,0,0,0,0,0,0,0,0,0,0,0,0,0,0,0,0,0,0,151461.85717773438,69169.31610107422,0,67221336064,8589930496,2044141568,252059648
200,1727561588151,1100,1135,933,800,1100,800,1100,800,799,799,800,800,800,800,800,799,812,800,799,865,799,799,800,800,800,799,800,1018,2390,1249,1101,800,0,0,100,0,0,0,0,0,0,0,0,0,0,0,0,0,0,0,0,0,0,0,0,0,0,0,0,0,0,0,0,0,0,151472.48657226563,69178.2621459961,0,67221336064,8589930496,2027786240,252059648
200,1727561588351,1100,1135,933,800,1100,800,1100,800,799,799,800,800,800,800,800,799,812,800,799,865,799,799,800,800,800,799,800,1018,2390,1249,1101,800,0,0,100,0,0,0,0,0,0,0,0,0,0,0,0,0,0,0,0,0,0,0,0,0,0,0,0,0,0,0,0,0,0,151482.94110107422,69187.0269165039,0,67221336064,8589930496,2043883520,252059648
200,1727561588551,1100,1135,933,800,1100,800,1100,800,799,799,800,800,800,800,800,799,812,800,799,865,799,799,800,800,800,799,800,1018,2390,1249,1101,800,0,0,100,0,0,0,0,0,0,0,0,0,0,0,0,0,0,0,0,0,0,0,0,0,0,0,0,0,0,0,0,0,0,151493.29833984375,69195.7025756836,0,67221336064,8589930496,2043883520,252059648
200,1727561588751,1100,1135,933,800,1100,800,1100,800,799,799,800,800,800,800,800,799,812,800,799,865,799,799,800,800,800,799,800,1018,2390,1249,1101,800,0,0,100,0,0,0,0,0,0,0,0,0,0,0,0,0,0,0,0,0,0,0,0,0,0,0,0,0,0,0,0,0,0,151503.77905273438,69204.49987792969,0,67221336064,8589930496,2043883520,252059648
200,1727561588951,1100,1135,933,800,1100,800,1100,800,799,799,800,800,800,800,800,799,812,800,799,865,799,799,800,800,800,799,800,1018,2390,1249,1101,800,0,0,100,0,0,0,0,0,0,0,0,0,0,0,0,0,0,0,0,0,0,0,0,0,0,0,0,0,0,0,0,0,0,151514.23205566406,69213.25646972656,0,67221336064,8589930496,2043883520,252059648
200,1727561589151,1100,1135,933,800,1100,800,1100,800,799,799,800,800,800,800,800,799,812,800,799,865,799,799,800,800,800,799,800,1018,2390,1249,1101,800,0,0,100,0,0,0,0,0,0,0,0,0,0,0,0,0,0,0,0,0,0,0,0,0,0,0,0,0,0,0,0,0,0,151524.73504638672,69222.0737915039,0,67221336064,8589930496,2035953664,252059648
200,1727561589351,1100,1135,933,800,1100,800,1100,800,799,799,800,800,800,800,800,799,812,800,799,865,799,799,800,800,800,799,800,1018,2390,1249,1101,800,0,0,100,0,0,0,0,0,0,0,0,0,0,0,0,0,0,0,0,0,0,0,0,0,0,0,0,0,0,0,0,0,0,151535.1259765625,69230.78344726563,0,67221336064,8589930496,2035953664,252059648
200,1727561589551,1100,1135,933,800,1100,800,1100,800,799,799,800,800,800,800,800,799,812,800,799,865,799,799,800,800,800,799,800,1018,2390,1249,1101,800,5,0,100,0,0,0,0,0,0,0,0,0,0,0,0,0,0,0,0,0,0,0,0,0,0,0,0,0,0,0,0,0,0,151545.68621826172,69239.6607055664,0,67221336064,8589930496,2035953664,252059648
200,1727561589751,1100,1135,933,800,1100,800,1100,800,799,799,800,800,800,800,800,799,812,800,799,865,799,799,800,800,800,799,800,1018,2390,1249,1101,800,0,0,100,0,0,0,0,0,0,0,0,0,0,0,0,0,0,0,0,0,0,0,0,0,0,0,0,0,0,0,0,0,0,151556.19561767578,69248.48840332031,0,67221336064,8589930496,2035953664,252059648
200,1727561589951,1100,1135,933,800,1100,800,1100,800,799,799,800,800,800,800,800,799,812,800,799,865,799,799,800,800,800,799,800,1018,2390,1249,1101,800,0,0,100,0,5,0,0,0,0,0,0,0,0,0,0,0,0,0,0,0,0,0,0,0,0,0,0,0,0,0,0,0,0,151566.70672607422,69257.31072998047,0,67221336064,8589930496,2030452736,252059648
200,1727561590151,1100,1135,933,800,1100,800,1100,800,799,799,800,800,800,800,800,799,812,800,799,865,799,799,800,800,800,799,800,1018,2390,1249,1101,800,0,0,100,0,0,0,0,0,0,0,0,0,0,0,0,0,0,0,0,0,0,0,0,0,0,0,0,0,0,0,0,0,0,151577.17053222656,69266.08569335938,0,67221336064,8589930496,2038185984,252059648
200,1727561590352,1100,1135,933,800,1100,800,1100,800,799,799,800,800,800,800,800,799,812,800,799,865,799,799,800,800,800,799,800,1018,2390,1249,1101,800,0,0,100,0,0,0,0,0,0,0,0,0,0,0,0,0,0,0,0,0,0,0,0,0,0,0,0,0,0,0,0,0,0,151587.62799072266,69274.8550415039,0,67221336064,8589930496,2030256128,252059648
200,1727561590552,1100,1135,933,800,1100,800,1100,800,799,799,800,800,800,800,800,799,812,800,799,865,799,799,800,800,800,799,800,1018,2390,1249,1101,800,0,0,100,0,0,0,0,0,0,0,0,0,0,0,0,0,0,0,0,0,0,0,0,0,0,0,0,0,0,0,0,0,0,151598.11346435547,69283.6488647461,0,67221336064,8589930496,2037927936,252059648
200,1727561590752,1100,1135,933,800,1100,800,1100,800,799,799,800,800,800,800,800,799,812,800,799,865,799,799,800,800,800,799,800,1018,2390,1249,1101,800,0,0,100,0,0,0,0,0,0,0,0,0,0,0,0,0,0,0,0,0,0,0,0,0,0,0,0,0,0,0,0,0,0,151608.50854492188,69292.36151123047,0,67221336064,8589930496,2037927936,252059648
200,1727561590952,1100,1135,933,800,1100,800,1100,800,799,799,800,800,800,800,800,799,812,800,799,865,799,799,800,800,800,799,800,1018,2390,1249,1101,800,0,0,100,0,0,0,0,0,0,0,0,0,0,0,0,0,0,0,0,0,0,0,0,0,0,0,0,0,0,0,0,0,0,151619.16735839844,69301.33557128906,0,67221336064,8589930496,2037927936,252059648
200,1727561591152,1100,1135,933,800,1100,800,1100,800,799,799,800,800,800,800,800,799,812,800,799,865,799,799,800,800,800,799,800,1018,2390,1249,1101,800,0,0,100,0,0,0,0,0,0,0,0,0,0,0,0,0,0,0,0,0,0,0,0,0,0,0,0,0,0,0,0,0,0,151630.05737304688,69310.53826904297,0,67221336064,8589930496,2029998080,252059648
200,1727561591352,1100,1135,933,800,1100,800,1100,800,799,799,800,800,800,800,800,799,812,800,799,865,799,799,800,800,800,799,800,1018,2390,1249,1101,800,0,0,100,0,0,0,0,0,0,0,0,0,0,0,0,0,0,0,0,0,0,0,0,0,0,0,0,0,0,0,0,0,0,151640.4755859375,69319.27227783203,0,67221336064,8589930496,2037669888,252059648
200,1727561591552,1100,1135,933,800,1100,800,1100,800,799,799,800,800,800,800,800,799,812,800,799,865,799,799,800,800,800,799,800,1018,2390,1249,1101,800,0,0,100,0,0,0,0,0,0,0,0,0,0,0,0,0,0,0,0,0,0,0,0,0,0,0,0,0,0,0,0,0,0,151650.9676513672,69328.08459472656,0,67221336064,8589930496,2037669888,252059648
200,1727561591752,1100,1135,933,800,1100,800,1100,800,799,799,800,800,800,800,800,799,812,800,799,865,799,799,800,800,800,799,800,1018,2390,1249,1101,800,0,0,100,0,0,0,0,0,0,0,0,0,0,0,0,0,0,0,0,0,0,0,0,0,0,0,0,0,0,0,0,0,0,151661.41827392578,69336.85284423828,0,67221336064,8589930496,2037669888,252059648
200,1727561591952,1100,1135,933,800,1100,800,1100,800,799,799,800,800,800,800,800,799,812,800,799,865,799,799,800,800,800,799,800,1018,2390,1249,1101,800,0,0,100,0,0,0,0,0,0,0,0,0,0,0,0,0,0,0,0,0,0,0,0,0,0,0,0,0,0,0,0,0,0,151671.8397216797,69345.59204101563,0,67221336064,8589930496,2037669888,252059648
200,1727561592152,1100,1135,933,800,1100,800,1100,800,799,799,800,800,800,800,800,799,812,800,799,865,799,799,800,800,800,799,800,1018,2390,1249,1101,800,0,0,100,0,0,0,0,0,0,0,0,0,0,0,0,0,0,0,0,0,0,0,0,0,0,0,0,0,0,0,0,0,0,151682.23504638672,69354.30432128906,0,67221336064,8589930496,2029740032,252059648
200,1727561592353,1100,1135,933,800,1100,800,1100,800,799,799,800,800,800,800,800,799,812,800,799,865,799,799,800,800,800,799,800,1018,2390,1249,1101,800,0,0,100,0,0,0,0,0,0,0,0,0,0,0,0,0,0,0,0,0,0,0,0,0,0,0,0,0,0,0,0,0,0,151692.65771484375,69363.04278564453,0,67221336064,8589930496,2037411840,252059648
200,1727561592553,1100,1135,933,800,1100,800,1100,800,799,799,800,800,800,800,800,799,812,800,799,865,799,799,800,800,800,799,800,1018,2390,1249,1101,800,0,0,100,0,0,0,0,0,0,0,0,0,0,0,0,0,0,0,0,0,0,0,0,0,0,0,0,0,0,0,0,0,0,151703.07849121094,69371.77667236328,0,67221336064,8589930496,2037411840,252059648
200,1727561592753,1100,1135,933,800,1100,800,1100,800,799,799,800,800,800,800,800,799,812,800,799,865,799,799,800,800,800,799,800,1018,2390,1249,1101,800,0,0,100,0,0,0,0,0,0,0,0,0,0,0,0,0,0,0,0,0,0,0,0,0,0,0,0,0,0,0,0,0,0,151713.478515625,69380.48553466797,0,67221336064,8589930496,2037411840,252059648
200,1727561592953,1100,1135,933,800,1100,800,1100,800,799,799,800,800,800,800,800,799,812,800,799,865,799,799,800,800,800,799,800,1018,2390,1249,1101,800,0,0,100,0,0,0,0,0,0,0,0,0,0,0,0,0,0,0,0,0,0,0,0,0,0,0,0,0,0,0,0,0,0,151723.94268798828,69389.26098632813,0,67221336064,8589930496,2032951296,252059648
200,1727561593153,1100,1135,933,800,1100,800,1100,800,799,799,800,800,800,800,800,799,812,800,799,865,799,799,800,800,800,799,800,1018,2390,1249,1101,800,0,0,100,0,0,0,0,0,0,0,0,0,0,0,0,0,0,0,0,0,0,0,0,0,0,0,0,0,0,0,0,0,0,151733.7674560547,69397.39514160156,0,67221336064,8589930496,2032951296,252059648
200,1727561593353,1100,1135,933,800,1100,800,1100,800,799,799,800,800,800,800,800,799,812,800,799,865,799,799,800,800,800,799,800,1018,2390,1249,1101,800,0,0,100,0,0,0,0,0,0,0,0,0,0,0,0,0,0,0,0,0,0,0,0,0,0,0,0,0,0,0,0,0,0,151743.23126220703,69405.17767333984,0,67221336064,8589930496,2028818432,252059648
200,1727561593553,1100,1135,933,800,1100,800,1100,800,799,799,800,800,800,800,800,799,812,800,799,865,799,799,800,800,800,799,800,1018,2390,1249,1101,800,0,0,100,0,0,0,0,0,0,0,0,0,0,0,0,0,0,0,0,0,0,0,0,0,0,0,0,0,0,0,0,0,0,151752.65258789063,69412.91766357422,0,67221336064,8589930496,2036490240,252059648
200,1727561593753,1100,1135,933,800,1100,800,1100,800,799,799,800,800,800,800,800,799,812,800,799,865,799,799,800,800,800,799,800,1018,2390,1249,1101,800,0,0,100,0,0,0,0,0,0,0,0,0,0,0,0,0,0,0,0,0,0,0,0,0,0,0,0,0,0,0,0,0,0,151762.85723876953,69421.43450927734,0,67221336064,8589930496,2036490240,252059648
200,1727561593953,1100,1135,933,800,1100,800,1100,800,799,799,800,800,800,800,800,799,812,800,799,865,799,799,800,800,800,799,800,1018,2390,1249,1101,800,0,0,100,0,0,0,0,0,0,0,0,0,0,0,0,0,0,0,0,0,0,0,0,0,0,0,0,0,0,0,0,0,0,151773.39697265625,69430.29010009766,0,67221336064,8589930496,2036490240,252059648
200,1727561594153,1100,1135,933,800,1100,800,1100,800,799,799,800,800,800,800,800,799,812,800,799,865,799,799,800,800,800,799,800,1018,2390,1249,1101,800,0,0,100,0,0,0,0,0,0,0,0,0,0,0,0,0,0,0,0,0,0,0,0,0,0,0,0,0,0,0,0,0,0,151783.8021850586,69439.00598144531,0,67221336064,8589930496,2028560384,252059648
200,1727561594353,1100,1135,933,800,1100,800,1100,800,799,799,800,800,800,800,800,799,812,800,799,865,799,799,800,800,800,799,800,1018,2390,1249,1101,800,0,0,100,0,0,0,0,0,0,0,0,0,0,0,0,0,0,0,0,0,0,0,0,0,0,0,0,0,0,0,0,0,0,151794.34790039063,69447.86730957031,0,67221336064,8589930496,2036232192,252059648
200,1727561594554,1100,1135,933,800,1100,800,1100,800,799,799,800,800,800,800,800,799,812,800,799,865,799,799,800,800,800,799,800,1018,2390,1249,1101,800,0,0,100,0,0,0,0,0,0,0,0,0,0,0,0,0,0,0,0,0,0,0,0,0,0,0,0,0,0,0,0,0,0,151804.73651123047,69456.5712890625,0,67221336064,8589930496,2036232192,252059648
200,1727561594754,1100,1135,933,800,1100,800,1100,800,799,799,800,800,800,800,800,799,812,800,799,865,799,799,800,800,800,799,800,1018,2390,1249,1101,800,0,0,100,0,0,0,0,0,0,0,0,0,0,0,0,0,0,0,0,0,0,0,0,0,0,0,0,0,0,0,0,0,0,151815.15954589844,69465.31311035156,0,67221336064,8589930496,2036232192,252059648
200,1727561594954,1100,1135,933,800,1100,800,1100,800,799,799,800,800,800,800,800,799,812,800,799,865,799,799,800,800,800,799,800,1018,2390,1249,1101,800,0,0,100,0,0,0,0,0,0,0,0,0,0,0,0,0,0,0,0,0,0,0,0,0,0,0,0,0,0,0,0,0,0,151825.54956054688,69474.02038574219,0,67221336064,8589930496,2036232192,252059648
200,1727561595154,1100,1135,933,800,1100,800,1100,800,799,799,800,800,800,800,800,799,812,800,799,865,799,799,800,800,800,799,800,1018,2390,1249,1101,800,0,0,100,0,0,0,0,0,0,0,0,0,0,0,0,0,0,0,0,0,0,0,0,0,0,0,0,0,0,0,0,0,0,151835.9603881836,69482.74731445313,0,67221336064,8589930496,2028302336,252059648
200,1727561595354,1100,1135,933,800,1100,800,1100,800,799,799,800,800,800,800,800,799,812,800,799,865,799,799,800,800,800,799,800,1018,2390,1249,1101,800,0,0,100,0,0,0,0,0,0,0,0,0,0,0,0,0,0,0,0,0,0,0,0,0,0,0,0,0,0,0,0,0,0,151846.41876220703,69491.51416015625,0,67221336064,8589930496,2044231680,252059648
200,1727561595554,1100,1135,933,800,1100,800,1100,800,799,799,800,800,800,800,800,799,812,800,799,865,799,799,800,800,800,799,800,1018,2390,1249,1101,800,0,0,100,0,0,0,0,0,0,0,0,0,0,0,0,0,0,0,0,0,0,0,0,0,0,0,0,0,0,0,0,0,0,151856.80114746094,69500.2085571289,0,67221336064,8589930496,2044231680,252059648
200,1727561595754,1100,1135,933,800,1100,800,1100,800,799,799,800,800,800,800,800,799,812,800,799,865,799,799,800,800,800,799,800,1018,2390,1249,1101,800,0,0,100,0,0,0,0,0,0,0,0,0,0,0,0,0,0,0,0,0,0,0,0,0,0,0,0,0,0,0,0,0,0,151867.30590820313,69509.02630615234,0,67221336064,8589930496,2044231680,252059648
200,1727561595954,1100,1135,933,800,1100,800,1100,800,799,799,800,800,800,800,800,799,812,800,799,865,799,799,800,800,800,799,800,1018,2390,1249,1101,800,0,0,100,0,0,0,0,0,0,0,0,0,0,0,0,0,0,0,0,0,0,0,0,0,0,0,0,0,0,0,0,0,0,151877.76763916016,69517.80047607422,0,67221336064,8589930496,2044231680,252059648
200,1727561596154,1100,1135,933,800,1100,800,1100,800,799,799,800,800,800,800,800,799,812,800,799,865,799,799,800,800,800,799,800,1018,2390,1249,1101,800,0,0,100,0,0,0,0,0,0,0,0,0,0,0,0,0,0,0,0,0,0,0,0,0,0,0,0,0,0,0,0,0,0,151888.1993408203,69526.54473876953,0,67221336064,8589930496,2027876352,252059648
200,1727561596354,1100,1135,933,800,1100,800,1100,800,799,799,800,800,800,800,800,799,812,800,799,865,799,799,800,800,800,799,800,1018,2390,1249,1101,800,0,0,100,0,0,0,0,0,0,0,0,0,0,0,0,0,0,0,0,0,0,0,0,0,0,0,0,0,0,0,0,0,0,151898.5986328125,69535.2622680664,0,67221336064,8589930496,2043973632,252059648
200,1727561596555,1100,1135,933,800,1100,800,1100,800,799,799,800,800,800,800,800,799,812,800,799,865,799,799,800,800,800,799,800,1018,2390,1249,1101,800,0,0,100,0,0,0,0,0,0,0,0,0,0,0,0,0,0,0,0,0,0,0,0,0,0,0,0,0,0,0,0,0,0,151909.02276611328,69543.99792480469,0,67221336064,8589930496,2043973632,252059648
200,1727561596755,1100,1135,933,800,1100,800,1100,800,799,799,800,800,800,800,800,799,812,800,799,865,799,799,800,800,800,799,800,1018,2390,1249,1101,800,0,0,100,0,0,0,0,0,0,0,0,0,0,0,0,0,0,0,0,0,0,0,0,0,0,0,0,0,0,0,0,0,0,151919.5625,69552.8529663086,0,67221336064,8589930496,2043957248,252059648
200,1727561596955,1100,1135,933,800,1100,800,1100,800,799,799,800,800,800,800,800,799,812,800,799,865,799,799,800,800,800,799,800,1018,2390,1249,1101,800,0,0,100,0,0,0,0,0,0,0,0,0,0,0,0,0,0,0,0,0,0,0,0,0,0,0,0,0,0,0,0,0,0,151929.95001220703,69561.56036376953,0,67221336064,8589930496,2043957248,252059648
200,1727561597155,1100,1135,933,800,1100,800,1100,800,799,799,800,800,800,800,800,799,812,800,799,865,799,799,800,800,800,799,800,1018,2390,1249,1101,800,0,0,100,0,0,0,0,0,0,0,0,0,0,0,0,0,0,0,0,0,0,0,0,0,0,0,0,0,0,0,0,0,0,151940.38122558594,69570.30834960938,0,67221336064,8589930496,2036027392,252059648
200,1727561597355,1100,1135,933,800,1100,800,1100,800,799,799,800,800,800,800,800,799,812,800,799,865,799,799,800,800,800,799,800,1018,2390,1249,1101,800,0,0,100,0,0,0,0,0,0,0,0,0,0,0,0,0,0,0,0,0,0,0,0,0,0,0,0,0,0,0,0,0,0,151950.79064941406,69579.02734375,0,67221336064,8589930496,2036027392,252059648
200,1727561597555,1100,1135,933,800,1100,800,1100,800,799,799,800,800,800,800,800,799,812,800,799,865,799,799,800,800,800,799,800,1018,2390,1249,1101,800,0,0,100,0,0,0,0,0,0,0,0,0,0,0,0,0,0,0,0,0,0,0,0,0,0,0,0,0,0,0,0,0,0,151961.2230834961,69587.77764892578,0,67221336064,8589930496,2036027392,252059648
200,1727561597755,1100,1135,933,800,1100,800,1100,800,799,799,800,800,800,800,800,799,812,800,799,865,799,799,800,800,800,799,800,1018,2390,1249,1101,800,0,0,100,0,0,0,0,0,0,0,0,0,0,0,0,0,0,0,0,0,0,0,0,0,0,0,0,0,0,0,0,0,0,151971.78192138672,69596.6527709961,0,67221336064,8589930496,2036027392,252059648
200,1727561597955,1100,1135,933,800,1100,800,1100,800,799,799,800,800,800,800,800,799,812,800,799,865,799,799,800,800,800,799,800,1018,2390,1249,1101,800,0,0,100,0,0,0,0,0,0,0,0,0,0,0,0,0,0,0,0,0,0,0,0,0,0,0,0,0,0,0,0,0,0,151982.32861328125,69605.51721191406,0,67221336064,8589930496,2036473856,252059648
200,1727561598155,1100,1135,933,800,1100,800,1100,800,799,799,800,800,800,800,800,799,812,800,799,865,799,799,800,800,800,799,800,1018,2390,1249,1101,800,0,0,100,0,0,0,0,0,0,0,0,0,0,0,0,0,0,0,0,0,0,0,0,0,0,0,0,0,0,0,0,0,0,151992.8330078125,69614.33911132813,0,67221336064,8589930496,2028544000,252059648
200,1727561598355,1100,1135,933,800,1100,800,1100,800,799,799,800,800,800,800,800,799,812,800,799,865,799,799,800,800,800,799,800,1018,2390,1249,1101,800,0,0,100,0,0,0,0,0,0,0,0,0,0,0,0,0,0,0,0,0,0,0,0,0,0,0,0,0,0,0,0,0,0,152003.32305908203,69623.14038085938,0,67221336064,8589930496,2036215808,252059648
200,1727561598556,1100,1135,933,800,1100,800,1100,800,799,799,800,800,800,800,800,799,812,800,799,865,799,799,800,800,800,799,800,1018,2390,1249,1101,800,0,0,100,0,0,0,0,0,0,0,0,0,0,0,0,0,0,0,0,0,0,0,0,0,0,0,0,0,0,0,0,0,0,152013.75579833984,69631.88848876953,0,67221336064,8589930496,2036215808,252059648
200,1727561598756,1100,1135,933,800,1100,800,1100,800,799,799,800,800,800,800,800,799,812,800,799,865,799,799,800,800,800,799,800,1018,2390,1249,1101,800,0,0,100,0,0,0,0,0,0,0,0,0,0,0,0,0,0,0,0,0,0,0,0,0,0,0,0,0,0,0,0,0,0,152024.14959716797,69640.59985351563,0,67221336064,8589930496,2036215808,252059648
200,1727561598956,1100,1135,933,800,1100,800,1100,800,799,799,800,800,800,800,800,799,812,800,799,865,799,799,800,800,800,799,800,1018,2390,1249,1101,800,0,0,100,0,0,0,0,0,0,0,0,0,0,0,0,0,0,0,0,0,0,0,0,0,0,0,0,0,0,0,0,0,0,152034.6146850586,69649.380859375,0,67221336064,8589930496,2036215808,252059648
200,1727561599156,1100,1135,933,800,1100,800,1100,800,799,799,800,800,800,800,800,799,812,800,799,865,799,799,800,800,800,799,800,1018,2390,1249,1101,800,0,0,100,0,0,0,0,0,0,0,0,0,0,0,0,0,0,0,0,0,0,0,0,0,0,0,0,0,0,0,0,0,0,152044.96270751953,69658.04821777344,0,67221336064,8589930496,2028285952,252059648
200,1727561599356,1100,1135,933,800,1100,800,1100,800,799,799,800,800,800,800,800,799,812,800,799,865,799,799,800,800,800,799,800,1018,2390,1249,1101,800,0,0,100,0,0,0,0,0,0,0,0,0,0,0,0,0,0,0,0,0,0,0,0,0,0,0,0,0,0,0,0,0,0,152055.46252441406,69666.8539428711,0,67221336064,8589930496,2044215296,252059648
200,1727561599556,1100,1135,933,800,1100,800,1100,800,799,799,800,800,800,800,800,799,812,800,799,865,799,799,800,800,800,799,800,1018,2390,1249,1101,800,0,0,100,0,0,0,0,0,0,0,0,0,0,0,0,0,0,0,0,0,0,0,0,0,0,0,0,0,0,0,0,0,0,152065.8589477539,69675.56622314453,0,67221336064,8589930496,2044215296,252059648
200,1727561599756,1100,1135,933,800,1100,800,1100,800,799,799,800,800,800,800,800,799,812,800,799,865,799,799,800,800,800,799,800,1018,2390,1249,1101,800,0,0,100,0,0,0,0,0,0,0,0,0,0,0,0,0,0,0,0,0,0,0,0,0,0,0,0,0,0,0,0,0,0,152076.32623291016,69684.35278320313,0,67221336064,8589930496,2044215296,252059648
200,1727561599956,1100,1135,933,800,1100,800,1100,800,799,799,800,800,800,800,800,799,812,800,799,865,799,799,800,800,800,799,800,1018,2390,1249,1101,800,0,0,100,0,0,0,0,0,0,0,0,0,0,0,0,0,0,0,0,0,0,0,0,0,0,0,0,0,0,0,0,0,0,152086.7459716797,69693.09057617188,0,67221336064,8589930496,2044215296,252059648
200,1727561600156,1100,1135,933,800,1100,800,1100,800,799,799,800,800,800,800,800,799,812,800,799,865,799,799,800,800,800,799,800,1018,2390,1249,1101,800,0,0,100,0,0,0,0,0,0,0,0,0,0,0,0,0,0,0,0,0,0,0,0,0,0,0,0,0,0,0,0,0,0,152097.1544189453,69701.8148803711,0,67221336064,8589930496,2027859968,252059648
200,1727561600357,1100,1135,933,800,1100,800,1100,800,799,799,800,800,800,800,800,799,812,800,799,865,799,799,800,800,800,799,800,1018,2390,1249,1101,800,0,0,100,0,0,0,0,0,0,0,0,0,0,0,0,0,0,0,0,0,0,0,0,0,0,0,0,0,0,0,0,0,0,152107.66149902344,69710.64013671875,0,67221336064,8589930496,2043957248,252059648
200,1727561600557,1100,1135,933,800,1100,800,1100,800,799,799,800,800,800,800,800,799,812,800,799,865,799,799,800,800,800,799,800,1018,2390,1249,1101,800,0,0,100,0,0,0,0,0,0,0,0,0,0,0,0,0,0,0,0,0,0,0,0,0,0,0,0,0,0,0,0,0,0,152118.04852294922,69719.33996582031,0,67221336064,8589930496,2043957248,252059648
200,1727561600757,1100,1135,933,800,1100,800,1100,800,799,799,800,800,800,800,800,799,812,800,799,865,799,799,800,800,800,799,800,1018,2390,1249,1101,800,0,0,100,0,0,0,0,0,0,0,0,0,0,0,0,0,0,0,0,0,0,0,0,0,0,0,0,0,0,0,0,0,0,152128.5225830078,69728.12109375,0,67221336064,8589930496,2043957248,252059648
200,1727561600957,1100,1135,933,800,1100,800,1100,800,799,799,800,800,800,800,800,799,812,800,799,865,799,799,800,800,800,799,800,1018,2390,1249,1101,800,0,0,100,0,0,0,0,0,0,0,0,0,0,0,0,0,0,0,0,0,0,0,0,0,0,0,0,0,0,0,0,0,0,152138.86492919922,69736.78839111328,0,67221336064,8589930496,2043957248,252059648
200,1727561601157,1100,1135,933,800,1100,800,1100,800,799,799,800,800,800,800,800,799,812,800,799,865,799,799,800,800,800,799,800,1018,2390,1249,1101,800,0,0,100,0,0,0,0,0,0,0,0,0,0,0,0,0,0,0,0,0,0,0,0,0,0,0,0,0,0,0,0,0,0,152149.85272216797,69746.083984375,0,67221336064,8589930496,2036019200,252059648
200,1727561601357,1100,1135,933,800,1100,800,1100,800,799,799,800,800,800,800,800,799,812,800,799,865,799,799,800,800,800,799,800,1018,2390,1249,1101,800,0,0,100,0,0,0,0,0,0,0,0,0,0,0,0,0,0,0,0,0,0,0,0,0,0,0,0,0,0,0,0,0,0,152160.78118896484,69755.3349609375,0,67221336064,8589930496,2036019200,252059648
200,1727561601557,1100,1135,933,800,1100,800,1100,800,799,799,800,800,800,800,800,799,812,800,799,865,799,799,800,800,800,799,800,1018,2390,1249,1101,800,0,0,100,0,0,0,0,0,0,0,0,0,0,0,0,0,0,0,0,0,0,0,0,0,0,0,0,0,0,0,0,0,0,152171.26306152344,69764.12646484375,0,67221336064,8589930496,2036019200,252059648
200,1727561601757,1100,1135,933,800,1100,800,1100,800,799,799,800,800,800,800,800,799,812,800,799,865,799,799,800,800,800,799,800,1018,2390,1249,1101,800,0,0,100,0,0,0,0,0,0,0,0,0,0,0,0,0,0,0,0,0,0,0,0,0,0,0,0,0,0,0,0,0,0,152181.7666015625,69772.94744873047,0,67221336064,8589930496,2036019200,252059648
200,1727561601957,1100,1135,933,800,1100,800,1100,800,799,799,800,800,800,800,800,799,812,800,799,865,799,799,800,800,800,799,800,1018,2390,1249,1101,800,0,0,100,0,0,0,0,0,0,0,0,0,0,0,0,0,0,0,0,0,0,0,0,0,0,0,0,0,0,0,0,0,0,152192.15185546875,69781.64343261719,0,67221336064,8589930496,2036019200,252059648
200,1727561602157,1100,1135,933,800,1100,800,1100,800,799,799,800,800,800,800,800,799,812,800,799,865,799,799,800,800,800,799,800,1018,2390,1249,1101,800,0,0,100,0,0,0,0,0,0,0,0,0,0,0,0,0,0,0,0,0,0,0,0,0,0,0,0,0,0,0,0,0,0,152202.6685180664,69790.47534179688,0,67221336064,8589930496,2028535808,252059648
200,1727561602358,1100,1135,933,800,1100,800,1100,800,799,799,800,800,800,800,800,799,812,800,799,865,799,799,800,800,800,799,800,1018,2390,1249,1101,800,0,0,100,0,0,0,0,0,0,0,0,0,0,0,0,0,0,0,0,0,0,0,0,0,0,0,0,0,0,0,0,0,0,152213.17163085938,69799.2944946289,0,67221336064,8589930496,2036207616,252059648
200,1727561602558,1100,1135,933,800,1100,800,1100,800,799,799,800,800,800,800,800,799,812,800,799,865,799,799,800,800,800,799,800,1018,2390,1249,1101,800,0,0,100,0,0,0,0,0,0,0,0,0,0,0,0,0,0,0,0,0,0,0,0,0,0,0,0,0,0,0,0,0,0,152223.59826660156,69808.03704833984,0,67221336064,8589930496,2036207616,252059648
200,1727561602758,1100,1135,933,800,1100,800,1100,800,799,799,800,800,800,800,800,799,812,800,799,865,799,799,800,800,800,799,800,1018,2390,1249,1101,800,0,0,100,0,0,0,0,0,0,0,0,0,0,0,0,0,0,0,0,0,0,0,0,0,0,0,0,0,0,0,0,0,0,152234.04229736328,69816.78662109375,0,67221336064,8589930496,2036207616,252059648
200,1727561602958,1100,1135,933,800,1100,800,1100,800,799,799,800,800,800,800,800,799,812,800,799,865,799,799,800,800,800,799,800,1018,2390,1249,1101,800,0,0,100,0,0,0,0,0,0,0,0,0,0,0,0,0,0,0,0,0,0,0,0,0,0,0,0,0,0,0,0,0,0,152244.4949951172,69825.54986572266,0,67221336064,8589930496,2036207616,252059648
200,1727561603158,1100,1135,933,800,1100,800,1100,800,799,799,800,800,800,800,800,799,812,800,799,865,799,799,800,800,800,799,800,1018,2390,1249,1101,800,0,0,100,0,0,0,0,0,0,0,0,0,0,0,0,0,0,0,0,0,0,0,0,0,0,0,0,0,0,0,0,0,0,152254.93969726563,69834.30834960938,0,67221336064,8589930496,2028277760,252059648
200,1727561603358,1100,1135,933,800,1100,800,1100,800,799,799,800,800,800,800,800,799,812,800,799,865,799,799,800,800,800,799,800,1018,2390,1249,1101,800,0,0,100,0,0,0,0,0,0,0,0,0,0,0,0,0,0,0,0,0,0,0,0,0,0,0,0,0,0,0,0,0,0,152265.42822265625,69843.095703125,0,67221336064,8589930496,2044207104,252059648
200,1727561603558,1100,1135,933,800,1100,800,1100,800,799,799,800,800,800,800,800,799,812,800,799,865,799,799,800,800,800,799,800,1018,2390,1249,1101,800,0,0,100,0,0,0,0,0,0,0,0,0,0,0,0,0,0,0,0,0,0,0,0,0,0,0,0,0,0,0,0,0,0,152275.8648071289,69851.85064697266,0,67221336064,8589930496,2044207104,252059648
200,1727561603758,1100,1135,933,800,1100,800,1100,800,799,799,800,800,800,800,800,799,812,800,799,865,799,799,800,800,800,799,800,1018,2390,1249,1101,800,0,0,100,0,0,0,0,0,0,0,0,0,0,0,0,0,0,0,0,0,0,0,0,0,0,0,0,0,0,0,0,0,0,152286.29815673828,69860.60314941406,0,67221336064,8589930496,2044207104,252059648
200,1727561603958,1100,1135,933,800,1100,800,1100,800,799,799,800,800,800,800,800,799,812,800,799,865,799,799,800,800,800,799,800,1018,2390,1249,1101,800,0,0,100,0,0,0,0,0,0,0,0,0,0,0,0,0,0,0,0,0,0,0,0,0,0,0,0,0,0,0,0,0,0,152296.71063232422,69869.33221435547,0,67221336064,8589930496,2044207104,252059648
200,1727561604158,1100,1135,933,800,1100,800,1100,800,799,799,800,800,800,800,800,799,812,800,799,865,799,799,800,800,800,799,800,1018,2390,1249,1101,800,0,0,100,0,0,0,0,0,0,0,0,0,0,0,0,0,0,0,0,0,0,0,0,0,0,0,0,0,0,0,0,0,0,152307.2615966797,69878.19720458984,0,67221336064,8589930496,2027847680,252059648
200,1727561604359,1100,1135,933,800,1100,800,1100,800,799,799,800,800,800,800,800,799,812,800,799,865,799,799,800,800,800,799,800,1018,2390,1249,1101,800,0,0,100,0,0,0,0,0,0,0,0,0,0,0,0,0,0,0,0,0,0,0,0,0,0,0,0,0,0,0,0,0,0,152317.68786621094,69886.94134521484,0,67221336064,8589930496,2043944960,252059648
200,1727561604559,1100,1135,933,800,1100,800,1100,800,799,799,800,800,800,800,800,799,812,800,799,865,799,799,800,800,800,799,800,1018,2390,1249,1101,800,0,0,100,0,0,0,0,0,0,0,0,0,0,0,0,0,0,0,0,0,0,0,0,0,0,0,0,0,0,0,0,0,0,152328.11010742188,69895.68353271484,0,67221336064,8589930496,2043944960,252059648
200,1727561604759,1100,1135,933,800,1100,800,1100,800,799,799,800,800,800,800,800,799,812,800,799,865,799,799,800,800,800,799,800,1018,2390,1249,1101,800,0,0,100,0,0,0,0,0,0,0,0,0,0,0,0,0,0,0,0,0,0,0,0,0,0,0,0,0,0,0,0,0,0,152338.48748779297,69904.37603759766,0,67221336064,8589930496,2043944960,252059648
200,1727561604959,1100,1135,933,800,1100,800,1100,800,799,799,800,800,800,800,800,799,812,800,799,865,799,799,800,800,800,799,800,1018,2390,1249,1101,800,0,0,100,0,0,0,0,0,0,0,0,0,0,0,0,0,0,0,0,0,0,0,0,0,0,0,0,0,0,0,0,0,0,152349.04809570313,69913.24780273438,0,67221336064,8589930496,2043944960,252059648
200,1727561605159,1100,1135,933,800,1100,800,1100,800,799,799,800,800,800,800,800,799,812,800,799,865,799,799,800,800,800,799,800,1018,2390,1249,1101,800,0,0,100,0,0,0,0,0,0,0,0,0,0,0,0,0,0,0,0,0,0,0,0,0,0,0,0,0,0,0,0,0,0,152359.42419433594,69921.9341430664,0,67221336064,8589930496,2039484416,252059648
200,1727561605359,1100,1135,933,800,1100,800,1100,800,799,799,800,800,800,800,800,799,812,800,799,865,799,799,800,800,800,799,800,1018,2390,1249,1101,800,0,0,100,0,0,0,0,0,0,0,0,0,0,0,0,0,0,0,0,0,0,0,0,0,0,0,0,0,0,0,0,0,0,152369.93627929688,69930.74243164063,0,67221336064,8589930496,2031554560,252059648
200,1727561605559,1100,1135,933,800,1100,800,1100,800,799,799,800,800,800,800,800,799,812,800,799,865,799,799,800,800,800,799,800,1018,2390,1249,1101,800,0,0,100,0,0,0,0,0,0,0,0,0,0,0,0,0,0,0,0,0,0,0,0,0,0,0,0,0,0,0,0,0,0,152380.40209960938,69939.52819824219,0,67221336064,8589930496,2039291904,252059648
200,1727561605759,1100,1135,933,800,1100,800,1100,800,799,799,800,800,800,800,800,799,812,800,799,865,799,799,800,800,800,799,800,1018,2390,1249,1101,800,0,0,100,0,0,0,0,0,0,0,0,0,0,0,0,0,0,0,0,0,0,0,0,0,0,0,0,0,0,0,0,0,0,152390.85400390625,69948.28894042969,0,67221336064,8589930496,2039291904,252059648
200,1727561605959,1100,1135,933,800,1100,800,1100,800,799,799,800,800,800,800,800,799,812,800,799,865,799,799,800,800,800,799,800,1018,2390,1249,1101,800,0,0,100,0,0,0,0,0,0,0,0,0,0,0,0,0,0,0,0,0,0,0,0,0,0,0,0,0,0,0,0,0,0,152401.5668334961,69957.30206298828,0,67221336064,8589930496,2039291904,252059648
200,1727561606160,1100,1135,933,800,1100,800,1100,800,799,799,800,800,800,800,800,799,812,800,799,865,799,799,800,800,800,799,800,1018,2390,1249,1101,800,0,0,100,0,0,0,0,0,0,0,0,0,0,0,0,0,0,0,0,0,0,0,0,0,0,0,0,0,0,0,0,0,0,152412.08416748047,69966.134765625,0,67221336064,8589930496,2031362048,252059648
200,1727561606360,1100,1135,933,800,1100,800,1100,800,799,799,800,800,800,800,800,799,812,800,799,865,799,799,800,800,800,799,800,1018,2390,1249,1101,800,0,0,100,0,0,0,0,0,0,0,0,0,0,0,0,0,0,0,0,0,0,0,0,0,0,0,0,0,0,0,0,0,0,152422.6107788086,69974.97393798828,0,67221336064,8589930496,2039033856,252059648
200,1727561606560,1100,1135,933,800,1100,800,1100,800,799,799,800,800,800,800,800,799,812,800,799,865,799,799,800,800,800,799,800,1018,2390,1249,1101,800,0,0,100,0,0,0,0,0,0,0,0,0,0,0,0,0,0,0,0,0,0,0,0,0,0,0,0,0,0,0,0,0,0,152433.00482177734,69983.685546875,0,67221336064,8589930496,2039033856,252059648
200,1727561606760,1100,1135,933,800,1100,800,1100,800,799,799,800,800,800,800,800,799,812,800,799,865,799,799,800,800,800,799,800,1018,2390,1249,1101,800,0,0,100,0,0,0,0,0,0,0,0,0,0,0,0,0,0,0,0,0,0,0,0,0,0,0,0,0,0,0,0,0,0,152443.48388671875,69992.4740600586,0,67221336064,8589930496,2039033856,252059648
200,1727561606960,1100,1135,933,800,1100,800,1100,800,799,799,800,800,800,800,800,799,812,800,799,865,799,799,800,800,800,799,800,1018,2390,1249,1101,800,0,0,100,0,0,0,0,0,0,0,0,0,0,0,0,0,0,0,0,0,0,0,0,0,0,0,0,0,0,0,0,0,0,152453.8890991211,70001.19641113281,0,67221336064,8589930496,2039033856,252059648
200,1727561607160,1100,1135,933,800,1100,800,1100,800,799,799,800,800,800,800,800,799,812,800,799,865,799,799,800,800,800,799,800,1018,2390,1249,1101,800,0,0,100,0,0,0,0,0,0,0,0,0,0,0,0,0,0,0,0,0,0,0,0,0,0,0,0,0,0,0,0,0,0,152464.2928466797,70009.9183959961,0,67221336064,8589930496,2031104000,252059648
200,1727561607360,1100,1135,933,800,1100,800,1100,800,799,799,800,800,800,800,800,799,812,800,799,865,799,799,800,800,800,799,800,1018,2390,1249,1101,800,0,0,100,0,0,0,0,0,0,0,0,0,0,0,0,0,0,0,0,0,0,0,0,0,0,0,0,0,0,0,0,0,0,152474.7318725586,70018.666015625,0,67221336064,8589930496,2038775808,252059648
200,1727561607560,1100,1135,933,800,1100,800,1100,800,799,799,800,800,800,800,800,799,812,800,799,865,799,799,800,800,800,799,800,1018,2390,1249,1101,800,0,0,100,0,0,0,0,0,0,0,0,0,0,0,0,0,0,0,0,0,0,0,0,0,0,0,0,0,0,0,0,0,0,152485.25341796875,70027.49169921875,0,67221336064,8589930496,2038775808,252059648
200,1727561607760,1100,1135,933,800,1100,800,1100,800,799,799,800,800,800,800,800,799,812,800,799,865,799,799,800,800,800,799,800,1018,2390,1249,1101,800,0,0,100,0,0,0,0,0,0,0,0,0,0,0,0,0,0,0,0,0,0,0,0,0,0,0,0,0,0,0,0,0,0,152495.70196533203,70036.2568359375,0,67221336064,8589930496,2038775808,252059648
199,1727561607960,1100,1135,933,800,1100,800,1100,800,799,799,800,800,800,800,800,799,812,800,799,865,799,799,800,800,800,799,800,1018,2390,1249,1101,800,0,0,100,0,0,0,0,0,0,0,0,0,0,0,0,0,0,0,0,0,0,0,0,0,0,0,0,0,0,0,0,0,0,152506.0916748047,70044.9663696289,0,67221336064,8589930496,2038775808,252059648
200,1727561608160,1100,1135,933,800,1100,800,1100,800,799,799,800,800,800,800,800,799,812,800,799,865,799,799,800,800,800,799,800,1018,2390,1249,1101,800,0,0,100,0,0,0,0,0,0,0,0,0,0,0,0,0,0,0,0,0,0,0,0,0,0,0,0,0,0,0,0,0,0,152516.16229248047,70053.35089111328,0,67221336064,8589930496,2033819648,252059648
200,1727561608361,1100,1135,933,800,1100,800,1100,800,799,799,800,800,800,800,800,799,812,800,799,865,799,799,800,800,800,799,800,1018,2390,1249,1101,800,0,0,100,0,0,0,0,0,0,0,0,0,0,0,0,0,0,0,0,0,0,0,0,0,0,0,0,0,0,0,0,0,0,152526.66290283203,70062.16687011719,0,67221336064,8589930496,2029543424,252059648
200,1727561608561,1100,1135,933,800,1100,800,1100,800,799,799,800,800,800,800,800,799,812,800,799,865,799,799,800,800,800,799,800,1018,2390,1249,1101,800,0,0,100,0,0,0,0,0,0,0,0,0,0,0,0,0,0,0,0,0,4.761904716491699,0,0,0,0,0,0,0,0,0,0,0,0,152537.1460571289,70070.96173095703,0,67221336064,8589930496,2037215232,252059648
200,1727561608761,1100,1135,933,800,1100,800,1100,800,799,799,800,800,800,800,800,799,812,800,799,865,799,799,800,800,800,799,800,1018,2390,1249,1101,800,0,0,100,0,0,0,0,0,0,0,0,0,0,0,0,0,0,0,0,0,0,0,0,0,0,0,0,0,0,0,0,0,0,152547.62811279297,70079.75988769531,0,67221336064,8589930496,2037215232,252059648
200,1727561608961,1100,1135,933,800,1100,800,1100,800,799,799,800,800,800,800,800,799,812,800,799,865,799,799,800,800,800,799,800,1018,2390,1249,1101,800,0,0,100,0,0,0,0,0,0,0,0,0,0,0,0,0,0,0,0,0,0,0,0,0,0,0,0,0,0,0,0,0,0,152558.10418701172,70088.55285644531,0,67221336064,8589930496,2037960704,252059648
200,1727561609161,1100,1135,933,800,1100,800,1100,800,799,799,800,800,800,800,800,799,812,800,799,865,799,799,800,800,800,799,800,1018,2390,1249,1101,800,0,0,100,0,0,0,0,0,0,0,0,0,4.761904716491699,0,0,0,0,0,0,0,0,0,0,0,0,0,0,0,0,0,0,0,0,152568.6270751953,70097.38037109375,0,67221336064,8589930496,2030796800,252059648
200,1727561609361,1100,1135,933,800,1100,800,1100,800,799,799,800,800,800,800,800,799,812,800,799,865,799,799,800,800,800,799,800,1018,2390,1249,1101,800,0,0,100,0,0,0,0,0,0,0,0,0,0,0,0,0,0,0,0,0,0,0,0,0,0,0,0,0,0,0,0,0,0,152579.59759521484,70106.66748046875,0,67221336064,8589930496,2038468608,252059648
200,1727561609561,1100,1135,933,800,1100,800,1100,800,799,799,800,800,800,800,800,799,812,800,799,865,799,799,800,800,800,799,800,1018,2390,1249,1101,800,4.761904716491699,0,100,0,0,0,0,0,0,0,0,0,0,0,0,0,0,0,0,0,0,0,0,0,0,0,0,0,0,0,0,0,0,152590.62817382813,70116.01483154297,0,67221336064,8589930496,2038468608,252059648
200,1727561609761,1100,1135,933,800,1100,800,1100,800,799,799,800,800,800,800,800,799,812,800,799,865,799,799,800,800,800,799,800,1018,2390,1249,1101,800,0,0,100,0,0,0,0,0,0,0,0,0,0,0,0,0,0,0,0,0,0,0,0,0,0,0,0,0,0,0,0,0,0,152601.4825439453,70125.18524169922,0,67221336064,8589930496,2038468608,252059648
200,1727561609961,1100,1135,933,800,1100,800,1100,800,799,799,800,800,800,800,800,799,812,800,799,865,799,799,800,800,800,799,800,1018,2390,1249,1101,800,0,0,100,0,0,0,0,0,0,0,0,0,0,0,0,0,0,0,0,0,0,0,0,0,0,0,0,0,0,0,0,0,0,152612.50714111328,70134.52380371094,0,67221336064,8589930496,2038468608,252059648
200,1727561610161,1100,1135,933,800,1100,800,1100,800,799,799,800,800,800,800,800,799,812,800,799,865,799,799,800,800,800,799,800,1018,2390,1249,1101,800,0,0,100,0,0,0,0,0,0,0,0,0,0,0,0,0,0,0,0,0,0,0,0,0,0,0,0,0,0,0,0,0,0,152623.21746826172,70143.55340576172,0,67221336064,8589930496,2030538752,252059648
200,1727561610361,1100,1135,933,800,1100,800,1100,800,799,799,800,800,800,800,800,799,812,800,799,865,799,799,800,800,800,799,800,1018,2390,1249,1101,800,0,0,100,0,0,0,0,0,0,0,0,0,0,0,0,0,0,0,0,0,0,0,0,0,0,0,0,0,0,0,0,0,0,152633.9228515625,70152.57495117188,0,67221336064,8589930496,2038210560,252059648
200,1727561610562,1100,1135,933,800,1100,800,1100,800,799,799,800,800,800,800,800,799,812,800,799,865,799,799,800,800,800,799,800,1018,2390,1249,1101,800,0,0,100,0,0,0,0,0,0,0,0,0,0,0,0,0,0,0,0,0,0,0,0,0,0,0,0,0,0,0,0,0,0,152644.95330810547,70161.91900634766,0,67221336064,8589930496,2038210560,252059648
200,1727561610762,1100,1135,933,800,1100,800,1100,800,799,799,800,800,800,800,800,799,812,800,799,865,799,799,800,800,800,799,800,1018,2390,1249,1101,800,0,0,100,0,0,0,0,0,0,0,0,0,0,0,0,0,0,0,0,0,0,0,0,0,0,0,0,0,0,0,0,0,0,152655.939453125,70171.224609375,0,67221336064,8589930496,2038210560,252059648
200,1727561610962,1100,1135,933,800,1100,800,1100,800,799,799,800,800,800,800,800,799,812,800,799,865,799,799,800,800,800,799,800,1018,2390,1249,1101,800,0,0,100,0,0,0,0,0,0,0,0,0,0,0,0,0,0,0,0,0,0,0,0,0,0,0,0,0,0,0,0,0,0,152666.98876953125,70180.5903930664,0,67221336064,8589930496,2038210560,252059648
200,1727561611162,1100,1135,933,800,1100,800,1100,800,799,799,800,800,800,800,800,799,812,800,799,865,799,799,800,800,800,799,800,1018,2390,1249,1101,800,0,0,100,0,0,0,0,0,0,0,0,0,0,0,0,0,0,0,0,0,0,0,0,0,0,0,0,0,0,0,0,0,0,152678.00341796875,70189.91967773438,0,67221336064,8589930496,2030280704,252059648
200,1727561611362,1100,1135,933,800,1100,800,1100,800,799,799,800,800,800,800,800,799,812,800,799,865,799,799,800,800,800,799,800,1018,2390,1249,1101,800,0,0,100,0,0,0,0,0,0,0,0,0,0,0,0,0,0,0,0,0,0,0,0,0,0,0,0,0,0,0,0,0,0,152689.0106201172,70199.2455444336,0,67221336064,8589930496,2037948416,252059648
200,1727561611562,1100,1135,933,800,1100,800,1100,800,799,799,800,800,800,800,800,799,812,800,799,865,799,799,800,800,800,799,800,1018,2390,1249,1101,800,0,0,100,0,0,0,0,0,0,0,0,0,0,0,0,0,0,0,0,0,0,0,0,0,0,0,0,0,0,0,0,0,0,152699.51025390625,70208.05334472656,0,67221336064,8589930496,2037948416,252059648
200,1727561611762,1100,1135,933,800,1100,800,1100,800,799,799,800,800,800,800,800,799,812,800,799,865,799,799,800,800,800,799,800,1018,2390,1249,1101,800,0,0,100,0,0,0,0,0,0,0,0,0,0,0,0,0,0,0,0,0,0,0,0,0,0,0,0,0,0,0,0,0,0,152710.07196044922,70216.93347167969,0,67221336064,8589930496,2037948416,252059648
200,1727561611962,1100,1135,933,800,1100,800,1100,800,799,799,800,800,800,800,800,799,812,800,799,865,799,799,800,800,800,799,800,1018,2390,1249,1101,800,0,0,100,0,0,0,0,0,0,0,0,0,0,0,0,0,0,0,0,0,0,0,0,0,0,0,0,0,0,0,0,0,0,152720.5903930664,70225.75280761719,0,67221336064,8589930496,2037948416,252059648
200,1727561612162,1100,1135,933,800,1100,800,1100,800,799,799,800,800,800,800,800,799,812,800,799,865,799,799,800,800,800,799,800,1018,2390,1249,1101,800,0,0,100,0,0,0,0,0,0,0,0,0,0,0,0,0,0,0,0,0,0,0,0,0,0,0,0,0,0,0,0,0,0,152731.00073242188,70234.47833251953,0,67221336064,8589930496,2021593088,252059648
200,1727561612363,1100,1135,933,800,1100,800,1100,800,799,799,800,800,800,800,800,799,812,800,799,865,799,799,800,800,800,799,800,1018,2390,1249,1101,800,0,0,100,0,0,0,0,0,0,0,0,0,0,0,0,0,0,0,0,0,0,0,0,0,0,0,0,0,0,0,0,0,0,152741.5311279297,70243.32629394531,0,67221336064,8589930496,2037690368,252059648
200,1727561612563,1100,1135,933,800,1100,800,1100,800,799,799,800,800,800,800,800,799,812,800,799,865,799,799,800,800,800,799,800,1018,2390,1249,1101,800,0,0,100,0,0,0,0,0,0,0,0,0,0,0,0,0,0,0,0,0,0,0,0,0,0,0,0,0,0,0,0,0,0,152751.94854736328,70252.06091308594,0,67221336064,8589930496,2037690368,252059648
200,1727561612763,1100,1135,933,800,1100,800,1100,800,799,799,800,800,800,800,800,799,812,800,799,865,799,799,800,800,800,799,800,1018,2390,1249,1101,800,0,0,100,0,0,0,0,0,0,0,0,0,0,0,0,0,0,0,0,0,0,0,0,0,0,0,0,0,0,0,0,0,0,152762.3995361328,70260.82873535156,0,67221336064,8589930496,2037690368,252059648
200,1727561612963,1100,1135,933,800,1100,800,1100,800,799,799,800,800,800,800,800,799,812,800,799,865,799,799,800,800,800,799,800,1018,2390,1249,1101,800,0,0,100,0,0,0,0,0,0,0,0,0,0,0,0,0,0,0,0,0,0,0,0,0,0,0,0,0,0,0,0,0,0,152772.8193359375,70269.56237792969,0,67221336064,8589930496,2037690368,252059648
200,1727561613163,1100,1135,933,800,1100,800,1100,800,799,799,800,800,800,800,800,799,812,800,799,865,799,799,800,800,800,799,800,1018,2390,1249,1101,800,0,0,100,0,0,0,0,0,0,0,0,0,0,0,0,0,0,0,0,0,0,0,0,0,0,0,0,0,0,0,0,0,0,152783.23571777344,70278.29681396484,0,67221336064,8589930496,2029760512,252059648
200,1727561613363,1100,1135,933,800,1100,800,1100,800,799,799,800,800,800,800,800,799,812,800,799,865,799,799,800,800,800,799,800,1018,2390,1249,1101,800,0,0,100,0,0,0,0,0,0,0,0,0,0,0,0,0,0,0,0,0,0,0,0,0,0,0,0,0,0,0,0,0,0,152793.78344726563,70287.15625,0,67221336064,8589930496,2045689856,252059648
200,1727561613563,1100,1135,933,800,1100,800,1100,800,799,799,800,800,800,800,800,799,812,800,799,865,799,799,800,800,800,799,800,1018,2390,1249,1101,800,0,0,100,0,0,0,0,0,0,0,0,0,0,0,0,0,0,0,0,0,0,0,0,0,0,0,0,0,0,0,0,0,0,152804.2967529297,70295.97570800781,0,67221336064,8589930496,2045689856,252059648
199,1727561613763,1100,1135,933,800,1100,800,1100,800,799,799,800,800,800,800,800,799,812,800,799,865,799,799,800,800,800,799,800,1018,2390,1249,1101,800,0,0,100,0,0,0,0,0,0,0,0,0,0,0,0,0,0,0,0,0,0,0,0,0,0,0,0,0,0,0,0,0,0,152814.81286621094,70304.79760742188,0,67221336064,8589930496,2045689856,252059648
200,1727561613963,1100,1135,933,800,1100,800,1100,800,799,799,800,800,800,800,800,799,812,800,799,865,799,799,800,800,800,799,800,1018,2390,1249,1101,800,0,0,100,0,0,0,0,0,0,0,0,0,0,0,0,0,0,0,0,0,0,0,0,0,0,0,0,0,0,0,0,0,0,152825.2041015625,70313.50634765625,0,67221336064,8589930496,2045689856,252059648
200,1727561614163,1100,1135,933,800,1100,800,1100,800,799,799,800,800,800,800,800,799,812,800,799,865,799,799,800,800,800,799,800,1018,2390,1249,1101,800,0,0,100,0,0,0,0,0,0,0,0,0,0,0,0,0,0,0,0,0,0,0,0,0,0,0,0,0,0,0,0,0,0,152835.82537841797,70322.43481445313,0,67221336064,8589930496,2038013952,252059648
200,1727561614363,1100,1135,933,800,1100,800,1100,800,799,799,800,800,800,800,800,799,812,800,799,865,799,799,800,800,800,799,800,1018,2390,1249,1101,800,0,0,100,0,0,0,0,0,0,0,0,0,4.761904716491699,0,0,0,0,0,0,0,0,0,0,0,0,0,0,0,0,0,0,0,0,152846.28289794922,70331.19165039063,0,67221336064,8589930496,2038013952,252059648
200,1727561614564,1100,1135,933,800,1100,800,1100,800,799,799,800,800,800,800,800,799,812,800,799,865,799,799,800,800,800,799,800,1018,2390,1249,1101,800,0,0,100,0,0,0,0,0,0,0,0,0,0,0,0,0,0,0,0,0,0,0,0,0,0,0,0,0,0,0,0,0,0,152856.76623535156,70339.99353027344,0,67221336064,8589930496,2038013952,252059648
200,1727561614764,1100,1135,933,800,1100,800,1100,800,799,799,800,800,800,800,800,799,812,800,799,865,799,799,800,800,800,799,800,1018,2390,1249,1101,800,0,0,100,0,0,0,0,0,0,0,0,0,0,0,0,0,0,0,0,0,0,0,0,0,0,0,0,0,0,0,0,0,0,152867.18914794922,70348.73059082031,0,67221336064,8589930496,2038013952,252059648
200,1727561614964,1100,1135,933,800,1100,800,1100,800,799,799,800,800,800,800,800,799,812,800,799,865,799,799,800,800,800,799,800,1018,2390,1249,1101,800,0,0,100,0,0,0,0,0,0,0,0,0,0,0,0,0,0,0,0,0,0,0,0,0,0,0,0,0,0,0,0,0,0,152877.5828857422,70357.44073486328,0,67221336064,8589930496,2037944320,252059648
200,1727561615164,1100,1135,933,800,1100,800,1100,800,799,799,800,800,800,800,800,799,812,800,799,865,799,799,800,800,800,799,800,1018,2390,1249,1101,800,0,0,100,0,0,0,0,0,0,0,0,0,0,0,0,0,0,0,0,0,0,0,0,0,0,0,0,0,0,0,0,0,0,152888.02587890625,70366.1996459961,0,67221336064,8589930496,2030014464,252059648
200,1727561615364,1100,1135,933,800,1100,800,1100,800,799,799,800,800,800,800,800,799,812,800,799,865,799,799,800,800,800,799,800,1018,2390,1249,1101,800,0,0,100,0,0,0,0,0,0,0,0,0,0,0,0,0,0,0,0,0,0,0,0,0,0,0,0,0,0,0,0,0,0,152898.44177246094,70374.92651367188,0,67221336064,8589930496,2033557504,252059648
200,1727561615564,1100,1135,933,800,1100,800,1100,800,799,799,800,800,800,800,800,799,812,800,799,865,799,799,800,800,800,799,800,1018,2390,1249,1101,800,0,0,100,0,0,0,0,0,0,0,0,0,0,0,0,0,0,0,0,0,0,0,0,0,0,0,0,0,0,0,0,0,0,152908.86505126953,70383.66735839844,0,67221336064,8589930496,2045943808,252059648
200,1727561615764,1100,1135,933,800,1100,800,1100,800,799,799,800,800,800,800,800,799,812,800,799,865,799,799,800,800,800,799,800,1018,2390,1249,1101,800,0,0,100,0,0,0,0,0,0,0,0,0,0,0,0,0,0,0,0,0,0,0,0,0,0,0,0,0,0,0,0,0,0,152919.32489013672,70392.44323730469,0,67221336064,8589930496,2045943808,252059648
200,1727561615964,1100,1135,933,800,1100,800,1100,800,799,799,800,800,800,800,800,799,812,800,799,865,799,799,800,800,800,799,800,1018,2390,1249,1101,800,0,0,100,0,0,0,0,0,0,0,0,0,0,0,0,0,0,0,0,0,0,0,0,0,0,0,0,0,0,0,0,0,0,152929.79064941406,70401.22644042969,0,67221336064,8589930496,2045943808,252059648
200,1727561616164,1100,1135,933,800,1100,800,1100,800,799,799,800,800,800,800,800,799,812,800,799,865,799,799,800,800,800,799,800,1018,2390,1249,1101,800,0,0,100,0,0,0,0,0,0,0,0,0,0,0,0,0,0,0,0,0,0,0,0,0,0,0,0,0,0,0,0,0,0,152940.24530029297,70409.98345947266,0,67221336064,8589930496,2029588480,252059648
200,1727561616365,1100,1135,933,800,1100,800,1100,800,799,799,800,800,800,800,800,799,812,800,799,865,799,799,800,800,800,799,800,1018,2390,1249,1101,800,0,0,100,0,0,0,0,0,0,0,0,0,0,0,0,0,0,0,0,0,0,0,0,0,0,0,0,0,0,0,0,0,0,152950.63006591797,70418.68682861328,0,67221336064,8589930496,2045685760,252059648
200,1727561616565,1100,1135,933,800,1100,800,1100,800,799,799,800,800,800,800,800,799,812,800,799,865,799,799,800,800,800,799,800,1018,2390,1249,1101,800,0,0,100,0,0,0,0,0,0,0,0,0,0,0,0,0,0,0,0,0,0,0,0,0,0,0,0,0,0,0,0,0,0,152961.0682373047,70427.44006347656,0,67221336064,8589930496,2045685760,252059648
200,1727561616765,1100,1135,933,800,1100,800,1100,800,799,799,800,800,800,800,800,799,812,800,799,865,799,799,800,800,800,799,800,1018,2390,1249,1101,800,0,0,100,0,0,0,0,0,0,0,0,0,0,0,0,0,0,0,0,0,0,0,0,0,0,0,0,0,0,0,0,0,0,152971.42205810547,70436.11340332031,0,67221336064,8589930496,2045685760,252059648
200,1727561616965,1100,1135,933,800,1100,800,1100,800,799,799,800,800,800,800,800,799,812,800,799,865,799,799,800,800,800,799,800,1018,2390,1249,1101,800,0,0,100,0,0,0,0,0,0,0,0,0,0,0,0,0,0,0,0,0,0,0,0,0,0,0,0,0,0,0,0,0,0,152981.8660888672,70444.87335205078,0,67221336064,8589930496,2045685760,252059648
200,1727561617165,1100,1135,933,800,1100,800,1100,800,799,799,800,800,800,800,800,799,812,800,799,865,799,799,800,800,800,799,800,1018,2390,1249,1101,800,0,0,100,0,0,0,0,0,0,0,0,0,0,0,0,0,0,0,0,0,0,0,0,0,0,0,0,0,0,0,0,0,0,152992.78814697266,70454.11248779297,0,67221336064,8589930496,2037755904,252059648
200,1727561617365,1100,1135,933,800,1100,800,1100,800,799,799,800,800,800,800,800,799,812,800,799,865,799,799,800,800,800,799,800,1018,2390,1249,1101,800,0,0,100,0,0,0,0,0,0,0,0,0,0,0,0,0,0,0,0,0,0,0,0,0,0,0,0,0,0,0,0,0,0,153003.8555908203,70463.4892578125,0,67221336064,8589930496,2037755904,252059648
199,1727561617565,1100,1135,933,800,1100,800,1100,800,799,799,800,800,800,800,800,799,812,800,799,865,799,799,800,800,800,799,800,1018,2390,1249,1101,800,0,0,100,0,0,0,0,0,0,0,0,0,0,0,0,0,0,0,0,0,0,0,0,0,0,0,0,0,0,0,0,0,0,153013.97900390625,70471.93395996094,0,67221336064,8589930496,2038013952,252059648
199,1727561617765,1100,1135,933,800,1100,800,1100,800,799,799,800,800,800,800,800,799,812,800,799,865,799,799,800,800,800,799,800,1018,2390,1249,1101,800,0,0,100,0,0,0,0,0,0,0,0,0,0,0,0,0,0,0,0,0,0,0,0,0,0,0,0,0,0,0,0,0,0,153023.4727783203,70479.73718261719,0,67221336064,8589930496,2038013952,252059648
199,1727561617965,1100,1135,933,800,1100,800,1100,800,799,799,800,800,800,800,800,799,812,800,799,865,799,799,800,800,800,799,800,1018,2390,1249,1101,800,0,0,100,0,0,0,0,0,0,0,0,0,0,0,0,0,0,0,0,0,0,0,0,0,0,0,0,0,0,0,0,0,0,153032.9522705078,70487.5287475586,0,67221336064,8589930496,2035982336,252059648
199,1727561618165,1100,1135,933,800,1100,800,1100,800,799,799,800,800,800,800,800,799,812,800,799,865,799,799,800,800,800,799,800,1018,2390,1249,1101,800,0,0,100,0,0,0,0,0,0,0,0,0,0,0,0,0,0,0,0,0,0,0,0,0,0,0,0,0,0,0,0,0,0,153042.38537597656,70495.28015136719,0,67221336064,8589930496,2035982336,252059648
200,1727561618365,1100,1135,933,800,1100,800,1100,800,799,799,800,800,800,800,800,799,812,800,799,865,799,799,800,800,800,799,800,1018,2390,1249,1101,800,0,0,100,0,0,0,0,0,0,0,0,0,0,0,0,0,0,0,0,0,0,0,0,0,0,0,0,0,0,0,0,0,0,153052.5223388672,70503.72937011719,0,67221336064,8589930496,2031706112,252059648
200,1727561618565,1100,1135,933,800,1100,800,1100,800,799,799,800,800,800,800,800,799,812,800,799,865,799,799,800,800,800,799,800,1018,2390,1249,1101,800,0,0,100,0,0,0,0,0,0,0,0,0,0,0,0,0,0,0,0,0,0,0,0,0,0,0,0,0,0,0,0,0,0,153063.02178955078,70512.54370117188,0,67221336064,8589930496,2039377920,252059648
200,1727561618765,1100,1135,933,800,1100,800,1100,800,799,799,800,800,800,800,800,799,812,800,799,865,799,799,800,800,800,799,800,1018,2390,1249,1101,800,0,0,100,0,0,0,0,0,0,0,0,0,0,0,0,0,0,0,0,0,0,0,0,0,0,0,0,0,0,0,0,0,0,153073.53747558594,70521.3735961914,0,67221336064,8589930496,2039377920,252059648
200,1727561618966,1100,1135,933,800,1100,800,1100,800,799,799,800,800,800,800,800,799,812,800,799,865,799,799,800,800,800,799,800,1018,2390,1249,1101,800,0,0,100,0,0,0,0,0,0,0,0,0,0,0,0,0,0,0,0,0,0,0,0,0,0,0,0,0,0,0,0,0,0,153084.5230102539,70530.67687988281,0,67221336064,8589930496,2039377920,252059648
200,1727561619166,1100,1135,933,800,1100,800,1100,800,799,799,800,800,800,800,800,799,812,800,799,865,799,799,800,800,800,799,800,1018,2390,1249,1101,800,0,0,100,0,0,0,0,0,0,0,0,0,0,0,0,0,0,0,0,0,0,0,0,0,0,0,0,0,0,0,0,0,0,153095.03576660156,70539.50500488281,0,67221336064,8589930496,2031951872,252059648
200,1727561619366,1100,1135,933,800,1100,800,1100,800,799,799,800,800,800,800,800,799,812,800,799,865,799,799,800,800,800,799,800,1018,2390,1249,1101,800,0,0,100,0,0,0,0,0,0,0,0,0,0,0,0,0,0,0,0,0,0,0,0,0,0,0,0,0,0,0,0,0,0,153105.59405517578,70548.3783569336,0,67221336064,8589930496,2039623680,252059648
200,1727561619566,1100,1135,933,800,1100,800,1100,800,799,799,800,800,800,800,800,799,812,800,799,865,799,799,800,800,800,799,800,1018,2390,1249,1101,800,0,0,100,0,0,0,0,0,0,0,0,0,0,0,0,0,0,0,0,0,0,0,0,0,0,0,0,0,0,0,0,0,0,153116.04229736328,70557.14599609375,0,67221336064,8589930496,2039623680,252059648
200,1727561619766,1100,1135,933,800,1100,800,1100,800,799,799,800,800,800,800,800,799,812,800,799,865,799,799,800,800,800,799,800,1018,2390,1249,1101,800,0,0,100,0,0,0,0,0,0,0,0,0,0,0,0,0,0,0,0,0,0,0,0,0,0,0,0,0,0,0,0,0,0,153126.56610107422,70565.98681640625,0,67221336064,8589930496,2039623680,252059648
200,1727561619966,1100,1135,933,800,1100,800,1100,800,799,799,800,800,800,800,800,799,812,800,799,865,799,799,800,800,800,799,800,1018,2390,1249,1101,800,0,0,100,0,0,0,0,0,0,0,0,0,0,0,0,0,0,0,0,0,0,0,0,0,0,0,0,0,0,0,0,0,0,153137.09259033203,70574.82336425781,0,67221336064,8589930496,2039623680,252059648
200,1727561620166,1100,1135,933,800,1100,800,1100,800,799,799,800,800,800,800,800,799,812,800,799,865,799,799,800,800,800,799,800,1018,2390,1249,1101,800,0,0,100,0,0,0,0,0,0,0,0,0,0,0,0,0,0,0,0,0,0,0,0,0,0,0,0,0,0,0,0,0,0,153147.53747558594,70583.57666015625,0,67221336064,8589930496,2031693824,252059648
200,1727561620366,1100,1135,933,800,1100,800,1100,800,799,799,800,800,800,800,800,799,812,800,799,865,799,799,800,800,800,799,800,1018,2390,1249,1101,800,0,0,100,0,0,0,0,0,0,0,0,0,0,0,0,0,0,0,0,0,0,0,0,0,0,0,0,0,0,0,0,0,0,153158.0538330078,70592.41180419922,0,67221336064,8589930496,2039365632,252059648
200,1727561620566,1100,1135,933,800,1100,800,1100,800,799,799,800,800,800,800,800,799,812,800,799,865,799,799,800,800,800,799,800,1018,2390,1249,1101,800,0,0,100,0,0,0,0,0,0,0,0,0,0,0,0,0,0,0,0,0,0,0,0,0,0,0,0,0,0,0,0,0,0,153168.54138183594,70601.21105957031,0,67221336064,8589930496,2039365632,252059648
200,1727561620766,1100,1135,933,800,1100,800,1100,800,799,799,800,800,800,800,800,799,812,800,799,865,799,799,800,800,800,799,800,1018,2390,1249,1101,800,0,0,100,0,0,0,0,0,0,0,0,0,0,0,0,0,0,0,0,0,0,0,0,0,0,0,0,0,0,0,0,0,0,153179.09735107422,70610.0703125,0,67221336064,8589930496,2039365632,252059648
200,1727561620967,1100,1135,933,800,1100,800,1100,800,799,799,800,800,800,800,800,799,812,800,799,865,799,799,800,800,800,799,800,1018,2390,1249,1101,800,0,0,100,0,0,0,0,0,0,0,0,0,0,0,0,0,0,0,0,0,0,0,0,0,0,0,0,0,0,0,0,0,0,153189.57092285156,70618.86022949219,0,67221336064,8589930496,2039365632,252059648
200,1727561621167,1100,1135,933,800,1100,800,1100,800,799,799,800,800,800,800,800,799,812,800,799,865,799,799,800,800,800,799,800,1018,2390,1249,1101,800,0,0,100,0,0,0,0,0,0,0,0,0,0,0,0,0,0,0,0,0,0,0,0,0,0,0,0,0,0,0,0,0,0,153200.04876708984,70627.65740966797,0,67221336064,8589930496,2030850048,252059648
200,1727561621367,1100,1135,933,800,1100,800,1100,800,799,799,800,800,800,800,800,799,812,800,799,865,799,799,800,800,800,799,800,1018,2390,1249,1101,800,0,0,100,0,0,0,0,0,0,0,0,0,0,0,0,0,0,0,0,0,0,0,0,0,0,0,0,0,0,0,0,0,0,153210.46063232422,70636.38366699219,0,67221336064,8589930496,2039107584,252059648
200,1727561621567,1100,1135,933,800,1100,800,1100,800,799,799,800,800,800,800,800,799,812,800,799,865,799,799,800,800,800,799,800,1018,2390,1249,1101,800,0,0,100,0,0,0,0,0,0,0,0,0,0,0,0,0,0,0,0,0,0,0,0,0,0,0,0,0,0,0,0,0,0,153220.89135742188,70645.13073730469,0,67221336064,8589930496,2039107584,252059648
200,1727561621767,1100,1135,933,800,1100,800,1100,800,799,799,800,800,800,800,800,799,812,800,799,865,799,799,800,800,800,799,800,1018,2390,1249,1101,800,0,0,100,0,0,0,0,0,0,0,0,0,0,0,0,0,0,0,0,0,0,0,0,0,0,0,0,0,0,0,0,0,0,153231.32025146484,70653.87396240234,0,67221336064,8589930496,2039357440,252059648
200,1727561621967,1100,1135,933,800,1100,800,1100,800,799,799,800,800,800,800,800,799,812,800,799,865,799,799,800,800,800,799,800,1018,2390,1249,1101,800,0,0,100,0,0,0,0,0,0,0,0,0,0,0,0,0,0,0,0,0,0,0,0,0,0,0,0,0,0,0,0,0,0,153241.76428222656,70662.62762451172,0,67221336064,8589930496,2039357440,252059648
200,1727561622167,1100,1135,933,800,1100,800,1100,800,799,799,800,800,800,800,800,799,812,800,799,865,799,799,800,800,800,799,800,1018,2390,1249,1101,800,0,0,100,0,0,0,0,0,0,0,0,0,0,0,0,0,0,0,0,0,0,0,0,0,0,0,0,0,0,0,4.761904716491699,0,0,153252.48699951172,70671.66278076172,0,67221336064,8589930496,2030465024,252059648
200,1727561622367,1100,1135,933,800,1100,800,1100,800,799,799,800,800,800,800,800,799,812,800,799,865,799,799,800,800,800,799,800,1018,2390,1249,1101,800,0,0,100,0,0,0,0,0,0,0,0,0,0,0,0,0,0,0,0,0,0,0,0,0,0,0,0,0,0,0,0,0,0,153262.52850341797,70680.01770019531,0,67221336064,8589930496,2038136832,252059648
199,1727561622567,1100,1135,933,800,1100,800,1100,800,799,799,800,800,800,800,800,799,812,800,799,865,799,799,800,800,800,799,800,1018,2390,1249,1101,800,0,0,100,0,0,0,0,0,0,0,0,0,0,0,0,0,0,0,0,0,0,0,0,0,0,0,0,0,0,0,0,0,0,153272.95538330078,70688.75805664063,0,67221336064,8589930496,2038136832,252059648
200,1727561622767,1100,1135,933,800,1100,800,1100,800,799,799,800,800,800,800,800,799,812,800,799,865,799,799,800,800,800,799,800,1018,2390,1249,1101,800,0,0,100,0,0,0,0,0,0,0,0,0,0,0,0,0,0,0,0,0,0,0,0,0,0,0,0,0,0,0,0,0,0,153283.39251708984,70697.50994873047,0,67221336064,8589930496,2038136832,252059648
200,1727561622967,1100,1135,933,800,1100,800,1100,800,799,799,800,800,800,800,800,799,812,800,799,865,799,799,800,800,800,799,800,1018,2390,1249,1101,800,0,0,100,0,0,0,0,0,0,0,0,0,0,0,0,0,0,0,0,0,0,0,0,0,0,0,0,0,0,0,0,0,0,153293.84600830078,70706.28100585938,0,67221336064,8589930496,2038136832,252059648
200,1727561623167,1100,1135,933,800,1100,800,1100,800,799,799,800,800,800,800,800,799,812,800,799,865,799,799,800,800,800,799,800,1018,2390,1249,1101,800,0,0,100,0,0,0,0,0,0,0,0,0,0,0,0,0,0,0,0,0,0,0,0,0,0,0,0,0,0,0,0,0,0,153304.30236816406,70715.05303955078,0,67221336064,8589930496,2030694400,252059648
200,1727561623368,1100,1135,933,800,1100,800,1100,800,799,799,800,800,800,800,800,799,812,800,799,865,799,799,800,800,800,799,800,1018,2390,1249,1101,800,0,0,100,0,0,0,0,0,0,0,0,0,0,0,0,0,0,0,0,0,0,0,0,0,0,0,0,0,0,0,0,0,0,153314.7183227539,70723.78680419922,0,67221336064,8589930496,2038366208,252059648
200,1727561623568,1100,1135,933,800,1100,800,1100,800,799,799,800,800,800,800,800,799,812,800,799,865,799,799,800,800,800,799,800,1018,2390,1249,1101,800,0,0,100,0,0,0,0,0,0,0,0,0,0,0,0,0,0,0,0,0,0,0,0,0,0,0,0,0,0,0,0,0,0,153325.1528930664,70732.5365600586,0,67221336064,8589930496,2038366208,252059648
200,1727561623768,1100,1135,933,800,1100,800,1100,800,799,799,800,800,800,800,800,799,812,800,799,865,799,799,800,800,800,799,800,1018,2390,1249,1101,800,0,0,100,0,0,0,0,0,0,0,0,0,0,0,0,0,0,0,0,0,0,0,0,0,0,0,0,4.761904716491699,0,0,0,0,0,153335.6333618164,70741.32330322266,0,67221336064,8589930496,2038366208,252059648
200,1727561623968,1100,1135,933,800,1100,800,1100,800,799,799,800,800,800,800,800,799,812,800,799,865,799,799,800,800,800,799,800,1018,2390,1249,1101,800,0,0,100,0,0,0,0,0,0,0,0,0,0,0,0,0,0,0,0,0,0,0,0,0,0,0,0,0,0,0,0,0,0,153346.07135009766,70750.07977294922,0,67221336064,8589930496,2038366208,252059648
200,1727561624168,1100,1135,933,800,1100,800,1100,800,799,799,800,800,800,800,800,799,812,800,799,865,799,799,800,800,800,799,800,1018,2390,1249,1101,800,0,0,100,0,0,0,0,0,0,0,0,0,0,0,0,0,0,0,0,0,0,0,0,0,0,0,0,0,0,0,0,0,0,153356.62518310547,70758.93780517578,0,67221336064,8589930496,2030436352,252059648
200,1727561624368,1100,1135,933,800,1100,800,1100,800,799,799,800,800,800,800,800,799,812,800,799,865,799,799,800,800,800,799,800,1018,2390,1249,1101,800,0,0,100,0,0,0,0,0,0,0,0,0,0,0,0,0,0,0,0,0,0,0,0,0,0,0,0,0,0,0,0,0,0,153367.07940673828,70767.70794677734,0,67221336064,8589930496,2046365696,252059648
200,1727561624568,1100,1135,933,800,1100,800,1100,800,799,799,800,800,800,800,800,799,812,800,799,865,799,799,800,800,800,799,800,1018,2390,1249,1101,800,0,0,100,0,0,0,0,0,0,0,0,0,0,0,0,0,0,0,0,0,0,0,0,0,0,0,0,0,0,0,4.761904716491699,0,0,153377.48803710938,70776.43273925781,0,67221336064,8589930496,2046365696,252059648
200,1727561624768,1100,1135,933,800,1100,800,1100,800,799,799,800,800,800,800,800,799,812,800,799,865,799,799,800,800,800,799,800,1018,2390,1249,1101,800,0,0,100,0,0,0,0,0,0,0,0,0,0,0,0,0,0,0,0,0,0,0,0,0,0,0,0,0,0,0,0,0,0,153387.97686767578,70785.2339477539,0,67221336064,8589930496,2046365696,252059648
200,1727561624968,1100,1135,933,800,1100,800,1100,800,799,799,800,800,800,800,800,799,812,800,799,865,799,799,800,800,800,799,800,1018,2390,1249,1101,800,0,0,100,0,0,0,0,0,0,0,0,0,0,0,0,0,0,0,0,0,0,0,0,0,0,0,0,0,0,0,0,0,0,153398.4603881836,70794.0302734375,0,67221336064,8589930496,2046365696,252059648
200,1727561625168,1100,1135,933,800,1100,800,1100,800,799,799,800,800,800,800,800,799,812,800,799,865,799,799,800,800,800,799,800,1018,2390,1249,1101,800,0,0,100,0,0,0,0,0,0,0,0,0,0,0,0,0,0,0,0,0,0,0,0,0,0,0,0,0,0,0,0,0,0,153408.96405029297,70802.83990478516,0,67221336064,8589930496,2028494848,252059648
200,1727561625368,1100,1135,933,800,1100,800,1100,800,799,799,800,800,800,800,800,799,812,800,799,865,799,799,800,800,800,799,800,1018,2390,1249,1101,800,0,0,100,0,0,0,0,0,0,0,0,0,0,0,0,0,0,0,0,0,0,0,0,0,0,0,0,0,0,0,0,0,0,153419.53173828125,70811.72473144531,0,67221336064,8589930496,2036334592,252059648
200,1727561625568,1100,1135,933,800,1100,800,1100,800,799,799,800,800,800,800,800,799,812,800,799,865,799,799,800,800,800,799,800,1018,2390,1249,1101,800,0,0,100,0,0,0,0,0,0,0,0,0,0,0,0,0,0,0,0,0,0,0,0,0,0,0,0,0,0,0,0,0,0,153430.10028076172,70820.6098022461,0,67221336064,8589930496,2044592128,252059648
200,1727561625769,1100,1135,933,800,1100,800,1100,800,799,799,800,800,800,800,800,799,812,800,799,865,799,799,800,800,800,799,800,1018,2390,1249,1101,800,0,0,100,0,0,0,0,0,0,0,0,0,0,0,0,0,0,0,0,0,0,0,0,0,0,0,0,0,0,0,0,0,0,153440.53771972656,70829.36303710938,0,67221336064,8589930496,2044592128,252059648
200,1727561625969,1100,1135,933,800,1100,800,1100,800,799,799,800,800,800,800,800,799,812,800,799,865,799,799,800,800,800,799,800,1018,2390,1249,1101,800,0,0,100,0,0,0,0,0,0,0,0,0,0,0,0,0,0,0,0,0,0,0,0,0,0,0,0,0,0,0,0,0,0,153450.95098876953,70838.09411621094,0,67221336064,8589930496,2044592128,252059648
200,1727561626169,1100,1135,933,800,1100,800,1100,800,799,799,800,800,800,800,800,799,812,800,799,865,799,799,800,800,800,799,800,1018,2390,1249,1101,800,0,0,100,0,0,0,0,0,0,0,0,0,0,0,0,0,0,0,0,0,0,0,0,0,0,0,0,0,0,0,0,0,0,153461.4591064453,70846.91864013672,0,67221336064,8589930496,2036125696,252059648
200,1727561626369,1100,1135,933,800,1100,800,1100,800,799,799,800,800,800,800,800,799,812,800,799,865,799,799,800,800,800,799,800,1018,2390,1249,1101,800,0,0,100,0,0,0,0,0,0,0,0,0,0,0,0,0,0,0,0,0,0,0,0,0,0,0,0,0,0,0,0,0,0,153472.16387939453,70855.9365234375,0,67221336064,8589930496,2036125696,252059648
200,1727561626569,1100,1135,933,800,1100,800,1100,800,799,799,800,800,800,800,800,799,812,800,799,865,799,799,800,800,800,799,800,1018,2390,1249,1101,800,0,0,100,0,0,0,0,0,0,0,0,0,0,0,0,0,0,0,0,0,0,0,0,0,0,0,0,0,0,0,0,0,0,153482.59008789063,70864.67193603516,0,67221336064,8589930496,2036125696,252059648
200,1727561626769,1100,1135,933,800,1100,800,1100,800,799,799,800,800,800,800,800,799,812,800,799,865,799,799,800,800,800,799,800,1018,2390,1249,1101,800,0,0,100,0,0,0,0,0,0,0,0,0,0,0,0,0,0,0,0,0,0,0,0,0,0,0,0,0,0,0,0,0,0,153493.0936279297,70873.4931640625,0,67221336064,8589930496,2036125696,252059648
199,1727561626969,1100,1135,933,800,1100,800,1100,800,799,799,800,800,800,800,800,799,812,800,799,865,799,799,800,800,800,799,800,1018,2390,1249,1101,800,0,0,100,0,0,0,0,0,0,0,0,0,0,0,0,0,0,0,0,0,0,0,0,0,0,0,0,0,0,0,0,0,0,153503.62365722656,70882.27990722656,0,67221336064,8589930496,2036125696,252059648
199,1727561627169,1100,1135,933,800,1100,800,1100,800,799,799,800,800,800,800,800,799,812,800,799,865,799,799,800,800,800,799,800,1018,2390,1249,1101,800,0,0,100,0,0,0,0,0,0,0,0,0,0,0,0,0,0,0,0,0,0,0,0,0,0,0,0,0,0,0,0,0,0,153514.21478271484,70891.2421875,0,67221336064,8589930496,2028642304,252059648
199,1727561627369,1100,1135,933,800,1100,800,1100,800,799,799,800,800,800,800,800,799,812,800,799,865,799,799,800,800,800,799,800,1018,2390,1249,1101,800,0,0,100,0,0,0,0,0,0,0,0,0,0,0,0,0,0,0,0,0,0,0,0,0,0,0,0,0,0,0,0,0,0,153524.66870117188,70899.94732666016,0,67221336064,8589930496,2036314112,252059648
200,1727561627569,1100,1135,933,800,1100,800,1100,800,799,799,800,800,800,800,800,799,812,800,799,865,799,799,800,800,800,799,800,1018,2390,1249,1101,800,0,0,100,0,0,0,0,0,0,0,0,0,0,0,0,0,0,0,0,0,0,0,0,0,0,0,0,0,0,0,0,0,0,153535.10284423828,70908.75286865234,0,67221336064,8589930496,2036314112,252059648
200,1727561627769,1100,1135,933,800,1100,800,1100,800,799,799,800,800,800,800,800,799,812,800,799,865,799,799,800,800,800,799,800,1018,2390,1249,1101,800,0,0,100,0,0,0,0,0,0,0,0,0,0,0,0,0,0,0,0,0,0,0,0,0,0,0,0,0,0,0,0,0,0,153546.0938720703,70918.0599975586,0,67221336064,8589930496,2036314112,252059648
200,1727561627969,1100,1135,933,800,1100,800,1100,800,799,799,800,800,800,800,800,799,812,800,799,865,799,799,800,800,800,799,800,1018,2390,1249,1101,800,0,0,100,0,0,0,0,0,0,0,0,0,0,0,0,0,0,0,0,0,0,0,0,0,0,0,0,0,0,0,0,0,0,153556.82501220703,70927.10998535156,0,67221336064,8589930496,2036314112,252059648
200,1727561628169,1100,1135,933,800,1100,800,1100,800,799,799,800,800,800,800,800,799,812,800,799,865,799,799,800,800,800,799,800,1018,2390,1249,1101,800,0,0,100,0,0,0,0,0,0,0,0,0,0,0,0,0,0,0,0,0,0,0,0,0,0,0,0,0,0,0,0,0,0,153567.37982177734,70935.97338867188,0,67221336064,8589930496,2028384256,252059648
200,1727561628370,1100,1135,933,800,1100,800,1100,800,799,799,800,800,800,800,800,799,812,800,799,865,799,799,800,800,800,799,800,1018,2390,1249,1101,800,0,0,100,0,0,0,0,0,0,0,0,0,0,0,0,0,0,0,0,0,0,0,0,0,0,0,0,0,0,0,0,0,0,153577.80786132813,70944.71643066406,0,67221336064,8589930496,2036056064,252059648
200,1727561628570,1100,1135,933,800,1100,800,1100,800,799,799,800,800,800,800,800,799,812,800,799,865,799,799,800,800,800,799,800,1018,2390,1249,1101,800,0,0,100,0,0,0,0,0,0,0,0,0,0,0,0,0,0,0,0,0,0,0,0,0,0,0,0,0,0,0,0,0,0,153588.27600097656,70953.49938964844,0,67221336064,8589930496,2044313600,252059648
200,1727561628770,1100,1135,933,800,1100,800,1100,800,799,799,800,800,800,800,800,799,812,800,799,865,799,799,800,800,800,799,800,1018,2390,1249,1101,800,0,0,100,0,0,0,0,0,0,0,0,0,0,0,0,0,0,0,0,0,0,0,0,0,0,0,0,0,0,0,0,0,0,153598.7109375,70962.25018310547,0,67221336064,8589930496,2044313600,252059648
200,1727561628970,1100,1135,933,800,1100,800,1100,800,799,799,800,800,800,800,800,799,812,800,799,865,799,799,800,800,800,799,800,1018,2390,1249,1101,800,0,0,100,0,0,0,0,0,0,0,0,0,0,0,0,0,0,0,0,0,0,0,0,0,0,0,0,0,0,0,0,0,0,153609.19067382813,70971.03759765625,0,67221336064,8589930496,2044313600,252059648
200,1727561629170,1100,1135,933,800,1100,800,1100,800,799,799,800,800,800,800,800,799,812,800,799,865,799,799,800,800,800,799,800,1018,2390,1249,1101,800,0,0,100,0,0,0,0,0,4.761904716491699,0,0,0,0,0,0,0,0,0,0,0,0,0,0,0,0,0,0,0,0,0,0,0,0,153619.70697021484,70979.86834716797,0,67221336064,8589930496,2027958272,252059648
200,1727561629370,1100,1135,933,800,1100,800,1100,800,799,799,800,800,800,800,800,799,812,800,799,865,799,799,800,800,800,799,800,1018,2390,1249,1101,800,0,0,100,0,0,0,0,0,0,0,0,0,0,0,0,0,0,0,0,0,0,0,0,0,0,0,0,0,0,0,0,0,0,153630.15588378906,70988.63543701172,0,67221336064,8589930496,2044055552,252059648
200,1727561629570,1100,1135,933,800,1100,800,1100,800,799,799,800,800,800,800,800,799,812,800,799,865,799,799,800,800,800,799,800,1018,2390,1249,1101,800,0,0,100,0,0,0,0,0,0,0,0,0,0,0,0,0,0,0,0,0,0,0,0,0,0,0,0,0,0,0,0,0,0,153640.74676513672,70997.47790527344,0,67221336064,8589930496,2044571648,252059648
200,1727561629770,1100,1135,933,800,1100,800,1100,800,799,799,800,800,800,800,800,799,812,800,799,865,799,799,800,800,800,799,800,1018,2390,1249,1101,800,0,0,100,0,0,0,0,0,0,0,0,0,0,0,0,0,0,0,0,0,0,0,0,0,0,0,0,0,0,0,0,0,0,153651.2123413086,71006.30535888672,0,67221336064,8589930496,2044571648,252059648
200,1727561629970,1100,1135,933,800,1100,800,1100,800,799,799,800,800,800,800,800,799,812,800,799,865,799,799,800,800,800,799,800,1018,2390,1249,1101,800,0,0,100,0,0,0,0,0,0,0,0,0,0,0,0,0,0,0,0,0,0,0,0,0,0,0,0,0,0,0,0,0,0,153661.63067626953,71015.05163574219,0,67221336064,8589930496,2044571648,252059648
200,1727561630170,1100,1135,933,800,1100,800,1100,800,799,799,800,800,800,800,800,799,812,800,799,865,799,799,800,800,800,799,800,1018,2390,1249,1101,800,0,0,100,0,0,0,0,0,0,0,0,0,0,0,0,0,0,0,0,0,0,0,0,0,0,0,0,0,0,0,0,0,0,153672.1270751953,71023.85467529297,0,67221336064,8589930496,2036641792,252059648
200,1727561630370,1100,1135,933,800,1100,800,1100,800,799,799,800,800,800,800,800,799,812,800,799,865,799,799,800,800,800,799,800,1018,2390,1249,1101,800,0,0,100,0,0,0,0,0,0,0,0,0,0,0,0,0,0,0,0,0,0,0,0,0,0,0,0,0,0,0,0,0,0,153682.5877685547,71032.63055419922,0,67221336064,8589930496,2036641792,252059648
200,1727561630571,1100,1135,933,800,1100,800,1100,800,799,799,800,800,800,800,800,799,812,800,799,865,799,799,800,800,800,799,800,1018,2390,1249,1101,800,0,0,100,0,0,0,0,0,0,0,0,0,0,0,0,0,0,0,0,0,0,0,0,0,0,0,0,0,0,0,0,0,0,153693.01806640625,71041.376953125,0,67221336064,8589930496,2036641792,252059648
200,1727561630771,1100,1135,933,800,1100,800,1100,800,799,799,800,800,800,800,800,799,812,800,799,865,799,799,800,800,800,799,800,1018,2390,1249,1101,800,0,0,100,0,0,0,0,0,0,0,0,0,0,0,0,0,0,0,0,0,0,0,0,0,0,0,0,0,0,0,0,0,0,153703.4132080078,71050.09033203125,0,67221336064,8589930496,2036641792,252059648
200,1727561630971,1100,1135,933,800,1100,800,1100,800,799,799,800,800,800,800,800,799,812,800,799,865,799,799,800,800,800,799,800,1018,2390,1249,1101,800,0,0,100,0,0,0,0,0,0,0,0,0,0,0,0,0,0,0,0,0,0,0,0,0,0,0,0,0,0,0,0,0,0,153713.8670654297,71058.8539428711,0,67221336064,8589930496,2037088256,252059648
200,1727561631171,1100,1135,933,800,1100,800,1100,800,799,799,800,800,800,800,800,799,812,800,799,865,799,799,800,800,800,799,800,1018,2390,1249,1101,800,0,0,100,0,0,0,0,0,0,0,0,0,0,0,0,0,0,0,0,0,0,0,0,0,0,0,0,0,0,0,0,0,0,153724.37237548828,71067.67077636719,0,67221336064,8589930496,2029158400,252059648
200,1727561631371,1100,1135,933,800,1100,800,1100,800,799,799,800,800,800,800,800,799,812,800,799,865,799,799,800,800,800,799,800,1018,2390,1249,1101,800,0,0,100,0,0,0,0,0,0,0,0,0,0,0,0,0,0,0,0,0,0,0,0,0,0,0,0,0,0,0,0,0,0,153734.8394165039,71076.4458618164,0,67221336064,8589930496,2036830208,252059648
200,1727561631571,1100,1135,933,800,1100,800,1100,800,799,799,800,800,800,800,800,799,812,800,799,865,799,799,800,800,800,799,800,1018,2390,1249,1101,800,0,0,100,0,0,0,0,0,0,0,0,0,0,0,0,0,0,0,0,0,0,0,0,0,0,0,0,0,0,0,0,0,0,153745.33959960938,71085.26483154297,0,67221336064,8589930496,2036830208,252059648
200,1727561631771,1100,1135,933,800,1100,800,1100,800,799,799,800,800,800,800,800,799,812,800,799,865,799,799,800,800,800,799,800,1018,2390,1249,1101,800,0,0,100,0,0,0,0,0,0,0,0,0,0,0,0,0,0,0,0,0,0,0,0,0,0,0,0,0,0,0,0,0,0,153755.7996826172,71094.03533935547,0,67221336064,8589930496,2036830208,252059648
200,1727561631971,1100,1135,933,800,1100,800,1100,800,799,799,800,800,800,800,800,799,812,800,799,865,799,799,800,800,800,799,800,1018,2390,1249,1101,800,0,0,100,0,0,0,0,0,0,0,0,0,0,0,0,0,0,0,0,0,0,0,0,0,0,0,0,0,0,0,0,0,0,153766.259765625,71102.80981445313,0,67221336064,8589930496,2036830208,252059648
200,1727561632171,1100,1135,933,800,1100,800,1100,800,799,799,800,800,800,800,800,799,812,800,799,865,799,799,800,800,800,799,800,1018,2390,1249,1101,800,0,0,100,0,0,0,0,0,0,0,0,0,0,0,0,0,0,0,0,0,0,0,0,0,0,0,0,0,0,0,0,0,0,153777.05822753906,71111.91381835938,0,67221336064,8589930496,2028900352,252059648
200,1727561632371,1100,1135,933,800,1100,800,1100,800,799,799,800,800,800,800,800,799,812,800,799,865,799,799,800,800,800,799,800,1018,2390,1249,1101,800,0,0,100,0,0,0,0,0,0,0,0,0,0,0,0,0,0,0,0,0,0,0,0,0,0,0,0,0,0,0,0,0,0,153788.0849609375,71121.25854492188,0,67221336064,8589930496,2044829696,252059648
200,1727561632571,1100,1135,933,800,1100,800,1100,800,799,799,800,800,800,800,800,799,812,800,799,865,799,799,800,800,800,799,800,1018,2390,1249,1101,800,0,0,100,0,0,0,0,0,0,0,0,0,0,0,0,0,0,0,0,0,0,0,0,0,0,0,0,0,0,0,0,0,0,153798.60327148438,71130.0947265625,0,67221336064,8589930496,2044829696,252059648
200,1727561632771,1100,1135,933,800,1100,800,1100,800,799,799,800,800,800,800,800,799,812,800,799,865,799,799,800,800,800,799,800,1018,2390,1249,1101,800,0,0,100,0,0,0,0,0,0,0,0,0,0,0,0,0,0,0,0,0,0,0,0,0,0,0,0,0,0,0,0,0,0,153809.42053222656,71139.23010253906,0,67221336064,8589930496,2044829696,252059648
200,1727561632972,1100,1135,933,800,1100,800,1100,800,799,799,800,800,800,800,800,799,812,800,799,865,799,799,800,800,800,799,800,1018,2390,1249,1101,800,0,0,100,0,0,0,0,0,0,0,0,0,0,0,0,0,0,0,0,0,0,0,0,0,0,0,0,0,0,0,0,0,0,153820.27655029297,71148.40069580078,0,67221336064,8589930496,2044829696,252059648
200,1727561633172,1100,1135,933,800,1100,800,1100,800,799,799,800,800,800,800,800,799,812,800,799,865,799,799,800,800,800,799,800,1018,2390,1249,1101,800,0,0,100,0,0,0,0,0,0,0,0,0,0,0,0,0,0,0,0,0,0,0,0,0,0,0,0,0,0,0,0,0,0,153830.7784423828,71157.21801757813,0,67221336064,8589930496,2028474368,252059648
200,1727561633372,1100,1135,933,800,1100,800,1100,800,799,799,800,800,800,800,800,799,812,800,799,865,799,799,800,800,800,799,800,1018,2390,1249,1101,800,0,0,100,0,0,0,0,0,0,0,0,0,0,0,0,0,0,0,0,0,0,0,0,0,0,0,0,0,0,0,0,0,0,153841.21936035156,71165.9672241211,0,67221336064,8589930496,2044571648,252059648
200,1727561633572,1100,1135,933,800,1100,800,1100,800,799,799,800,800,800,800,800,799,812,800,799,865,799,799,800,800,800,799,800,1018,2390,1249,1101,800,0,0,100,0,0,0,0,0,0,0,0,0,0,0,0,0,0,0,0,0,0,0,0,0,0,0,0,0,0,0,0,0,0,153851.673828125,71174.73840332031,0,67221336064,8589930496,2044571648,252059648
200,1727561633772,1100,1135,933,800,1100,800,1100,800,799,799,800,800,800,800,800,799,812,800,799,865,799,799,800,800,800,799,800,1018,2390,1249,1101,800,0,0,100,0,0,0,0,0,0,0,0,0,0,0,0,0,0,0,0,0,0,0,0,0,0,0,0,0,0,0,0,0,0,153862.13067626953,71183.51171875,0,67221336064,8589930496,2044571648,252059648
200,1727561633972,1100,1135,933,800,1100,800,1100,800,799,799,800,800,800,800,800,799,812,800,799,865,799,799,800,800,800,799,800,1018,2390,1249,1101,800,0,0,100,0,0,0,0,0,0,0,0,0,0,0,0,0,0,0,0,0,0,0,0,0,0,0,0,0,0,0,0,0,0,153872.5580444336,71192.25183105469,0,67221336064,8589930496,2044571648,252059648
200,1727561634172,1100,1135,933,800,1100,800,1100,800,799,799,800,800,800,800,800,799,812,800,799,865,799,799,800,800,800,799,800,1018,2390,1249,1101,800,0,0,100,0,0,0,0,0,0,0,0,0,0,0,0,0,0,0,0,0,0,0,0,0,0,0,0,0,0,0,0,0,0,153883.16833496094,71201.12005615234,0,67221336064,8589930496,2036641792,252059648
200,1727561634372,1100,1135,933,800,1100,800,1100,800,799,799,800,800,800,800,800,799,812,800,799,865,799,799,800,800,800,799,800,1018,2390,1249,1101,800,0,0,100,0,0,0,0,0,0,0,0,0,0,0,0,0,0,0,0,0,0,0,0,0,0,0,0,0,0,0,0,0,0,153893.6436767578,71209.94995117188,0,67221336064,8589930496,2036641792,252059648
200,1727561634572,1100,1135,933,800,1100,800,1100,800,799,799,800,800,800,800,800,799,812,800,799,865,799,799,800,800,800,799,800,1018,2390,1249,1101,800,0,0,100,0,0,0,0,0,0,0,0,0,0,0,0,0,0,0,0,0,0,0,0,0,0,0,0,0,0,0,0,0,0,153904.0770263672,71218.70196533203,0,67221336064,8589930496,2036641792,252059648
200,1727561634772,1100,1135,933,800,1100,800,1100,800,799,799,800,800,800,800,800,799,812,800,799,865,799,799,800,800,800,799,800,1018,2390,1249,1101,800,0,0,100,0,0,0,0,0,0,0,0,0,0,0,0,0,0,0,0,0,0,0,0,0,0,0,0,0,0,0,0,0,0,153914.48907470703,71227.43048095703,0,67221336064,8589930496,2036641792,252059648
200,1727561634972,1100,1135,933,800,1100,800,1100,800,799,799,800,800,800,800,800,799,812,800,799,865,799,799,800,800,800,799,800,1018,2390,1249,1101,800,0,0,100,0,0,0,0,0,0,0,0,0,0,0,0,0,0,0,0,0,0,0,0,0,0,0,0,0,0,0,0,0,0,153925.0326538086,71236.28216552734,0,67221336064,8589930496,2036641792,252059648
200,1727561635172,1100,1135,933,800,1100,800,1100,800,799,799,800,800,800,800,800,799,812,800,799,865,799,799,800,800,800,799,800,1018,2390,1249,1101,800,0,0,100,0,0,0,0,0,0,0,0,0,0,0,0,0,0,0,0,0,0,0,0,0,0,0,0,0,0,0,0,0,0,153935.55108642578,71245.11981201172,0,67221336064,8589930496,2029158400,252059648
200,1727561635373,1100,1135,933,800,1100,800,1100,800,799,799,800,800,800,800,800,799,812,800,799,865,799,799,800,800,800,799,800,1018,2390,1249,1101,800,0,0,100,0,0,0,0,0,0,0,0,0,0,0,0,0,0,0,0,0,0,0,0,0,0,0,0,0,0,0,0,0,0,153946.00653076172,71253.88952636719,0,67221336064,8589930496,2036830208,252059648
200,1727561635573,1100,1135,933,800,1100,800,1100,800,799,799,800,800,800,800,800,799,812,800,799,865,799,799,800,800,800,799,800,1018,2390,1249,1101,800,0,0,100,0,0,0,0,0,0,0,0,0,0,0,0,0,0,0,0,0,0,0,0,0,0,0,0,0,0,0,0,0,0,153956.45208740234,71262.65270996094,0,67221336064,8589930496,2036830208,252059648
200,1727561635773,1100,1135,933,800,1100,800,1100,800,799,799,800,800,800,800,800,799,812,800,799,865,799,799,800,800,800,799,800,1018,2390,1249,1101,800,0,0,100,0,0,0,0,0,0,0,0,0,0,0,0,0,0,0,0,0,0,0,0,0,0,0,0,0,0,0,0,0,0,153967.43969726563,71271.95629882813,0,67221336064,8589930496,2036830208,252059648
200,1727561635973,1100,1135,933,800,1100,800,1100,800,799,799,800,800,800,800,800,799,812,800,799,865,799,799,800,800,800,799,800,1018,2390,1249,1101,800,0,0,100,0,0,0,0,0,0,0,0,0,0,0,0,0,0,0,0,0,0,0,0,0,0,0,0,0,0,0,0,0,0,153978.25994873047,71281.09442138672,0,67221336064,8589930496,2036830208,252059648
200,1727561636173,1100,1135,933,800,1100,800,1100,800,799,799,800,800,800,800,800,799,812,800,799,865,799,799,800,800,800,799,800,1018,2390,1249,1101,800,0,0,100,0,0,0,0,0,0,0,0,0,0,0,0,0,0,0,0,0,0,0,0,0,0,0,0,0,0,0,0,0,0,153988.76501464844,71289.90759277344,0,67221336064,8589930496,2028900352,252059648
200,1727561636373,1100,1135,933,800,1100,800,1100,800,799,799,800,800,800,800,800,799,812,800,799,865,799,799,800,800,800,799,800,1018,2390,1249,1101,800,0,0,100,0,0,0,0,0,0,0,0,0,0,0,0,0,0,0,0,0,0,0,0,0,0,0,0,0,0,0,0,0,0,153999.22631835938,71298.68212890625,0,67221336064,8589930496,2044829696,252059648
200,1727561636573,1100,1135,933,800,1100,800,1100,800,799,799,800,800,800,800,800,799,812,800,799,865,799,799,800,800,800,799,800,1018,2390,1249,1101,800,0,0,100,0,0,0,0,0,0,0,0,0,0,0,0,0,0,0,0,0,0,0,0,0,0,0,0,0,0,0,0,0,0,154009.70764160156,71307.47985839844,0,67221336064,8589930496,2044829696,252059648
200,1727561636773,1100,1135,933,800,1100,800,1100,800,799,799,800,800,800,800,800,799,812,800,799,865,799,799,800,800,800,799,800,1018,2390,1249,1101,800,0,0,100,0,0,0,0,0,0,0,0,0,0,0,0,0,0,0,0,0,0,0,0,0,0,0,0,0,0,0,0,0,0,154020.1571044922,71316.2392578125,0,67221336064,8589930496,2044829696,252059648
199,1727561636973,1100,1135,933,800,1100,800,1100,800,799,799,800,800,800,800,800,799,812,800,799,865,799,799,800,800,800,799,800,1018,2390,1249,1101,800,0,0,100,0,0,0,0,0,0,0,0,0,0,0,0,0,0,0,0,0,0,0,0,0,0,0,0,0,0,0,0,0,0,154030.8134765625,71325.2085571289,0,67221336064,8589930496,2044829696,252059648
200,1727561637173,1100,1135,933,800,1100,800,1100,800,799,799,800,800,800,800,800,799,812,800,799,865,799,799,800,800,800,799,800,1018,2390,1249,1101,800,0,0,100,0,0,0,0,0,0,0,0,0,0,0,0,0,0,0,0,0,0,0,0,0,0,0,0,0,0,0,0,0,0,154041.2510986328,71333.96423339844,0,67221336064,8589930496,2028474368,252059648
200,1727561637373,1100,1135,933,800,1100,800,1100,800,799,799,800,800,800,800,800,799,812,800,799,865,799,799,800,800,800,799,800,1018,2390,1249,1101,800,0,0,100,0,0,0,0,0,0,0,0,0,0,0,0,0,0,0,0,0,0,0,0,0,0,0,0,0,0,0,0,0,0,154051.7735595703,71342.7978515625,0,67221336064,8589930496,2032185344,252059648
200,1727561637573,1100,1135,933,800,1100,800,1100,800,799,799,800,800,800,800,800,799,812,800,799,865,799,799,800,800,800,799,800,1018,2390,1249,1101,800,0,0,100,0,0,0,0,0,0,0,0,0,0,0,0,0,0,0,0,0,0,0,0,0,0,0,0,0,0,0,0,0,0,154062.20806884766,71351.546875,0,67221336064,8589930496,2044571648,252059648
200,1727561637773,1100,1135,933,800,1100,800,1100,800,799,799,800,800,800,800,800,799,812,800,799,865,799,799,800,800,800,799,800,1018,2390,1249,1101,800,0,0,100,0,0,0,0,0,0,0,0,0,0,0,0,0,0,0,0,0,0,0,0,0,0,0,0,0,0,0,0,0,0,154072.66802978516,71360.32238769531,0,67221336064,8589930496,2044571648,252059648
200,1727561637973,1100,1135,933,800,1100,800,1100,800,799,799,800,800,800,800,800,799,812,800,799,865,799,799,800,800,800,799,800,1018,2390,1249,1101,800,0,0,100,0,0,0,0,0,0,0,0,0,0,0,0,0,0,0,0,0,0,0,0,0,0,0,0,0,0,0,0,0,0,154083.10961914063,71369.07940673828,0,67221336064,8589930496,2044571648,252059648
200,1727561638174,1100,1135,933,800,1100,800,1100,800,799,799,800,800,800,800,800,799,812,800,799,865,799,799,800,800,800,799,800,1018,2390,1249,1101,800,0,0,100,0,0,0,0,0,0,0,0,0,0,0,0,0,0,0,0,0,0,0,0,0,0,0,0,0,0,0,0,0,0,154093.51586914063,71377.80126953125,0,67221336064,8589930496,2036641792,252059648
200,1727561638374,1100,1135,933,800,1100,800,1100,800,799,799,800,800,800,800,800,799,812,800,799,865,799,799,800,800,800,799,800,1018,2390,1249,1101,800,0,0,100,0,0,0,0,0,0,0,0,0,0,0,0,0,0,0,0,0,0,0,0,0,0,0,0,0,0,0,0,0,0,154104.25817871094,71386.8583984375,0,67221336064,8589930496,2036641792,252059648
200,1727561638574,1100,1135,933,800,1100,800,1100,800,799,799,800,800,800,800,800,799,812,800,799,865,799,799,800,800,800,799,800,1018,2390,1249,1101,800,0,0,100,0,0,0,0,0,0,0,0,0,0,0,0,0,0,0,0,0,0,0,0,0,0,0,0,0,0,0,0,0,0,154114.65942382813,71395.56939697266,0,67221336064,8589930496,2036641792,252059648
200,1727561638774,1100,1135,933,800,1100,800,1100,800,799,799,800,800,800,800,800,799,812,800,799,865,799,799,800,800,800,799,800,1018,2390,1249,1101,800,0,0,100,0,0,0,0,0,0,0,0,0,0,0,0,0,0,0,0,0,0,0,0,0,0,0,0,0,0,0,0,0,0,154125.10552978516,71404.33416748047,0,67221336064,8589930496,2036641792,252059648
200,1727561638974,1100,1135,933,800,1100,800,1100,800,799,799,800,800,800,800,800,799,812,800,799,865,799,799,800,800,800,799,800,1018,2390,1249,1101,800,0,0,100,0,0,0,0,0,0,0,0,0,0,0,0,0,0,0,0,0,0,0,0,0,0,0,0,0,0,0,0,0,0,154135.62103271484,71413.16650390625,0,67221336064,8589930496,2037088256,252059648
200,1727561639174,1100,1135,933,800,1100,800,1100,800,799,799,800,800,800,800,800,799,812,800,799,865,799,799,800,800,800,799,800,1018,2390,1249,1101,800,0,0,100,0,0,0,0,0,0,0,0,0,0,0,0,0,0,0,0,0,0,0,0,0,0,0,0,0,0,0,0,0,0,154146.14025878906,71422.0025024414,0,67221336064,8589930496,2029158400,252059648
199,1727561639374,1100,1135,933,800,1100,800,1100,800,799,799,800,800,800,800,800,799,812,800,799,865,799,799,800,800,800,799,800,1018,2390,1249,1101,800,0,0,100,0,0,0,0,0,0,0,0,0,0,0,0,0,0,0,0,0,0,0,0,0,0,0,0,0,0,0,0,0,0,154156.85186767578,71431.01525878906,0,67221336064,8589930496,2036830208,252059648
199,1727561639574,1100,1135,933,800,1100,800,1100,800,799,799,800,800,800,800,800,799,812,800,799,865,799,799,800,800,800,799,800,1018,2390,1249,1101,800,0,0,100,0,0,0,0,0,0,0,0,0,0,0,0,0,0,0,0,0,0,0,0,0,0,0,0,0,0,0,0,0,0,154167.4428100586,71439.91455078125,0,67221336064,8589930496,2036830208,252059648
200,1727561639774,1100,1135,933,800,1100,800,1100,800,799,799,800,800,800,800,800,799,812,800,799,865,799,799,800,800,800,799,800,1018,2390,1249,1101,800,0,0,100,0,0,0,0,0,0,0,0,0,0,0,0,0,0,0,0,0,0,0,0,0,0,0,0,0,0,0,0,0,0,154177.8364868164,71448.63409423828,0,67221336064,8589930496,2036830208,252059648
199,1727561639974,1100,1135,933,800,1100,800,1100,800,799,799,800,800,800,800,800,799,812,800,799,865,799,799,800,800,800,799,800,1018,2390,1249,1101,800,0,0,100,0,0,0,0,0,0,0,0,0,0,0,0,0,0,0,0,0,0,0,0,0,0,0,0,0,0,0,0,0,0,154188.552734375,71457.66101074219,0,67221336064,8589930496,2036830208,252059648
199,1727561640174,1100,1135,933,800,1100,800,1100,800,799,799,800,800,800,800,800,799,812,800,799,865,799,799,800,800,800,799,800,1018,2390,1249,1101,800,0,0,100,0,0,0,0,0,0,0,0,0,0,0,0,0,0,0,0,0,0,0,0,0,0,0,0,0,0,0,0,0,0,154199.44885253906,71466.86395263672,0,67221336064,8589930496,2028900352,252059648
200,1727561640374,1100,1135,933,800,1100,800,1100,800,799,799,800,800,800,800,800,799,812,800,799,865,799,799,800,800,800,799,800,1018,2390,1249,1101,800,0,0,100,0,0,0,0,0,0,0,0,0,0,0,0,0,0,0,0,0,0,0,0,0,0,0,0,0,0,0,0,0,0,154210.2772216797,71476.00817871094,0,67221336064,8589930496,2028900352,252059648
200,1727561640574,1100,1135,933,800,1100,800,1100,800,799,799,800,800,800,800,800,799,812,800,799,865,799,799,800,800,800,799,800,1018,2390,1249,1101,800,0,0,100,0,0,0,0,0,0,0,0,0,0,0,0,0,0,0,0,0,0,0,0,0,0,0,0,0,0,0,0,0,0,154221.33367919922,71485.38153076172,0,67221336064,8589930496,2044829696,252059648
200,1727561640775,1100,1135,933,800,1100,800,1100,800,799,799,800,800,800,800,800,799,812,800,799,865,799,799,800,800,800,799,800,1018,2390,1249,1101,800,0,0,100,0,0,0,0,0,0,0,0,0,0,0,0,0,0,0,0,0,0,0,0,0,0,0,0,0,0,0,0,0,0,154231.90020751953,71494.25854492188,0,67221336064,8589930496,2044829696,252059648
200,1727561640975,1100,1135,933,800,1100,800,1100,800,799,799,800,800,800,800,800,799,812,800,799,865,799,799,800,800,800,799,800,1018,2390,1249,1101,800,0,0,100,0,0,0,0,0,0,0,0,0,0,0,0,0,0,0,0,0,0,0,0,0,0,0,0,0,0,0,0,0,0,154242.36785888672,71503.04235839844,0,67221336064,8589930496,2044829696,252059648
200,1727561641175,1100,1135,933,800,1100,800,1100,800,799,799,800,800,800,800,800,799,812,800,799,865,799,799,800,800,800,799,800,1018,2390,1249,1101,800,0,0,100,0,0,0,0,0,0,0,0,0,0,0,0,0,0,0,0,0,0,0,0,0,0,0,0,0,0,0,0,0,0,154252.9171142578,71511.90942382813,0,67221336064,8589930496,2028474368,252059648
200,1727561641375,1100,1135,933,800,1100,800,1100,800,799,799,800,800,800,800,800,799,812,800,799,865,799,799,800,800,800,799,800,1018,2390,1249,1101,800,0,0,100,0,0,0,0,0,0,0,0,0,0,0,0,0,0,0,0,0,0,0,0,0,0,0,0,0,0,0,0,0,0,154263.6567993164,71520.96337890625,0,67221336064,8589930496,2044571648,252059648
200,1727561641575,1100,1135,933,800,1100,800,1100,800,799,799,800,800,800,800,800,799,812,800,799,865,799,799,800,800,800,799,800,1018,2390,1249,1101,800,0,0,100,0,0,0,0,0,0,0,0,0,0,0,0,0,0,0,0,0,0,0,0,0,0,0,0,0,0,0,0,0,0,154274.1162109375,71529.73596191406,0,67221336064,8589930496,2044571648,252059648
200,1727561641775,1100,1135,933,800,1100,800,1100,800,799,799,800,800,800,800,800,799,812,800,799,865,799,799,800,800,800,799,800,1018,2390,1249,1101,800,0,0,100,0,0,0,0,0,0,0,0,0,0,0,0,0,0,0,0,0,0,0,0,0,0,0,0,0,0,0,0,0,0,154284.51947021484,71538.45532226563,0,67221336064,8589930496,2044571648,252059648
200,1727561641975,1100,1135,933,800,1100,800,1100,800,799,799,800,800,800,800,800,799,812,800,799,865,799,799,800,800,800,799,800,1018,2390,1249,1101,800,0,0,100,0,0,0,0,0,0,0,0,0,0,0,0,0,0,0,0,0,0,0,0,0,0,0,0,0,0,0,0,0,0,154294.9920654297,71547.23901367188,0,67221336064,8589930496,2044571648,252059648
200,1727561642175,1100,1135,933,800,1100,800,1100,800,799,799,800,800,800,800,800,799,812,800,799,865,799,799,800,800,800,799,800,1018,2390,1249,1101,800,0,0,100,0,0,0,0,0,0,0,0,0,0,0,0,0,0,0,0,0,0,0,0,0,0,0,0,0,0,0,0,0,0,154305.41137695313,71555.9677734375,0,67221336064,8589930496,2036641792,252059648
200,1727561642375,1100,1135,933,800,1100,800,1100,800,799,799,800,800,800,800,800,799,812,800,799,865,799,799,800,800,800,799,800,1018,2390,1249,1101,800,0,0,100,0,0,0,0,0,0,0,0,0,0,0,0,0,0,0,0,0,0,0,0,0,0,0,0,0,0,0,0,0,0,154316.05822753906,71564.9282836914,0,67221336064,8589930496,2036641792,252059648
200,1727561642575,1100,1135,933,800,1100,800,1100,800,799,799,800,800,800,800,800,799,812,800,799,865,799,799,800,800,800,799,800,1018,2390,1249,1101,800,0,0,100,0,0,0,0,0,0,0,0,0,0,0,0,0,0,0,0,0,0,0,0,0,0,0,0,0,0,0,0,0,0,154326.4819946289,71573.66320800781,0,67221336064,8589930496,2036641792,252059648
200,1727561642775,1100,1135,933,800,1100,800,1100,800,799,799,800,800,800,800,800,799,812,800,799,865,799,799,800,800,800,799,800,1018,2390,1249,1101,800,0,0,100,0,0,0,0,0,0,0,0,0,0,0,0,0,0,0,0,0,0,0,0,0,0,0,0,0,0,0,0,0,0,154336.9291381836,71582.41497802734,0,67221336064,8589930496,2036641792,252059648
200,1727561642975,1100,1135,933,800,1100,800,1100,800,799,799,800,800,800,800,800,799,812,800,799,865,799,799,800,800,800,799,800,1018,2390,1249,1101,800,0,0,100,0,0,0,0,0,0,0,0,0,0,0,0,0,0,0,0,0,0,0,0,0,0,0,0,0,0,0,0,0,0,154347.95037841797,71591.75341796875,0,67221336064,8589930496,2036641792,252059648
200,1727561643175,1100,1135,933,800,1100,800,1100,800,799,799,800,800,800,800,800,799,812,800,799,865,799,799,800,800,800,799,800,1018,2390,1249,1101,800,0,0,100,0,0,0,0,0,0,0,0,0,0,0,0,0,0,0,0,0,0,0,0,0,0,0,0,0,0,0,0,0,0,154358.51000976563,71600.61950683594,0,67221336064,8589930496,2037088256,252059648
200,1727561643376,1100,1135,933,800,1100,800,1100,800,799,799,800,800,800,800,800,799,812,800,799,865,799,799,800,800,800,799,800,1018,2390,1249,1101,800,0,0,100,0,0,0,0,0,0,0,0,0,0,0,0,0,0,0,0,0,0,0,0,0,0,0,0,0,0,0,0,0,0,154369.30639648438,71609.73083496094,0,67221336064,8589930496,2029158400,252059648
200,1727561643576,1100,1135,933,800,1100,800,1100,800,799,799,800,800,800,800,800,799,812,800,799,865,799,799,800,800,800,799,800,1018,2390,1249,1101,800,0,0,100,0,0,0,0,0,0,0,0,0,0,0,0,0,0,0,0,0,0,0,0,0,0,0,0,0,0,0,0,0,0,154379.79522705078,71618.53973388672,0,67221336064,8589930496,2036830208,252059648
200,1727561643776,1100,1135,933,800,1100,800,1100,800,799,799,800,800,800,800,800,799,812,800,799,865,799,799,800,800,800,799,800,1018,2390,1249,1101,800,0,0,100,0,0,0,0,0,0,0,0,0,0,0,0,0,0,0,0,0,0,0,0,0,0,0,0,0,0,0,0,0,0,154390.2534790039,71627.31506347656,0,67221336064,8589930496,2036830208,252059648
200,1727561643976,1100,1135,933,800,1100,800,1100,800,799,799,800,800,800,800,800,799,812,800,799,865,799,799,800,800,800,799,800,1018,2390,1249,1101,800,0,0,100,0,0,0,0,0,0,0,0,0,0,0,0,0,0,0,0,0,0,0,0,0,0,0,0,0,0,0,0,0,0,154400.68627929688,71636.06622314453,0,67221336064,8589930496,2036830208,252059648
200,1727561644176,1100,1135,933,800,1100,800,1100,800,799,799,800,800,800,800,800,799,812,800,799,865,799,799,800,800,800,799,800,1018,2390,1249,1101,800,0,0,100,0,0,0,0,0,0,0,0,0,0,0,0,0,0,0,0,0,0,0,0,0,0,0,0,0,0,0,0,0,0,154411.13153076172,71644.81970214844,0,67221336064,8589930496,2028900352,252059648
200,1727561644376,1100,1135,933,800,1100,800,1100,800,799,799,800,800,800,800,800,799,812,800,799,865,799,799,800,800,800,799,800,1018,2390,1249,1101,800,0,0,100,0,0,0,0,0,0,0,0,0,0,0,0,0,0,0,0,0,0,0,0,0,0,0,0,0,0,0,0,0,0,154421.58526611328,71653.58819580078,0,67221336064,8589930496,2044829696,252059648
200,1727561644576,1100,1135,933,800,1100,800,1100,800,799,799,800,800,800,800,800,799,812,800,799,865,799,799,800,800,800,799,800,1018,2390,1249,1101,800,0,0,100,0,0,0,0,0,0,0,0,0,0,0,0,0,0,0,0,0,0,0,0,0,0,0,0,0,0,0,0,0,0,154432.00872802734,71662.32904052734,0,67221336064,8589930496,2044829696,252059648
200,1727561644776,1100,1135,933,800,1100,800,1100,800,799,799,800,800,800,800,800,799,812,800,799,865,799,799,800,800,800,799,800,1018,2390,1249,1101,800,0,0,100,0,0,0,0,0,0,0,0,0,0,0,0,0,0,0,0,0,0,0,0,0,0,0,0,0,0,0,0,0,0,154442.6807861328,71671.31860351563,0,67221336064,8589930496,2044829696,252059648
200,1727561644976,1100,1135,933,800,1100,800,1100,800,799,799,800,800,800,800,800,799,812,800,799,865,799,799,800,800,800,799,800,1018,2390,1249,1101,800,0,0,100,0,0,0,0,0,0,0,0,0,0,0,0,0,0,0,0,0,0,0,0,0,0,0,0,4.761904716491699,0,0,0,0,0,154453.2416381836,71680.17193603516,0,67221336064,8589930496,2044829696,252059648
200,1727561645176,1100,1135,933,800,1100,800,1100,800,799,799,800,800,800,800,800,799,812,800,799,865,799,799,800,800,800,799,800,1018,2390,1249,1101,800,0,0,100,0,0,0,0,0,0,0,0,0,0,0,0,0,0,0,0,0,0,0,0,0,0,0,0,0,0,0,0,0,0,154463.6918334961,71688.93359375,0,67221336064,8589930496,2028474368,252059648
200,1727561645376,1100,1135,933,800,1100,800,1100,800,799,799,800,800,800,800,800,799,812,800,799,865,799,799,800,800,800,799,800,1018,2390,1249,1101,800,0,0,100,0,0,0,0,0,0,0,0,0,0,0,0,0,0,0,0,0,0,0,0,0,0,0,0,0,0,0,0,0,0,154474.20233154297,71697.7006225586,0,67221336064,8589930496,2044571648,252059648
200,1727561645577,1100,1135,933,800,1100,800,1100,800,799,799,800,800,800,800,800,799,812,800,799,865,799,799,800,800,800,799,800,1018,2390,1249,1101,800,0,0,100,0,0,0,0,0,0,0,0,0,0,0,0,0,0,0,0,0,0,0,0,0,0,0,0,0,0,0,0,0,0,154484.6053466797,71706.47888183594,0,67221336064,8589930496,2044571648,252059648
200,1727561645777,1100,1135,933,800,1100,800,1100,800,799,799,800,800,800,800,800,799,812,800,799,865,799,799,800,800,800,799,800,1018,2390,1249,1101,800,0,0,100,0,0,0,0,0,0,0,0,0,0,0,0,0,0,0,0,0,0,0,0,0,0,0,0,0,0,0,0,0,0,154495.0389404297,71715.22644042969,0,67221336064,8589930496,2044571648,252059648
200,1727561645977,1100,1135,933,800,1100,800,1100,800,799,799,800,800,800,800,800,799,812,800,799,865,799,799,800,800,800,799,800,1018,2390,1249,1101,800,0,0,100,0,0,0,0,0,0,0,0,0,0,0,0,0,0,0,0,0,0,0,0,0,0,0,0,0,0,0,0,0,0,154505.63012695313,71724.1323852539,0,67221336064,8589930496,2036641792,252059648
200,1727561646177,1100,1135,933,800,1100,800,1100,800,799,799,800,800,800,800,800,799,812,800,799,865,799,799,800,800,800,799,800,1018,2390,1249,1101,800,0,0,100,0,0,0,0,0,0,0,0,0,0,0,0,0,0,0,0,0,0,0,0,0,0,0,0,0,0,0,0,0,0,154516.1895751953,71733.00518798828,0,67221336064,8589930496,2036641792,252059648
200,1727561646377,1100,1135,933,800,1100,800,1100,800,799,799,800,800,800,800,800,799,812,800,799,865,799,799,800,800,800,799,800,1018,2390,1249,1101,800,0,0,100,0,0,0,0,0,0,0,0,0,0,0,0,0,0,0,0,0,0,0,0,0,0,0,0,0,0,0,0,0,0,154526.68341064453,71741.81506347656,0,67221336064,8589930496,2036641792,252059648
200,1727561646577,1100,1135,933,800,1100,800,1100,800,799,799,800,800,800,800,800,799,812,800,799,865,799,799,800,800,800,799,800,1018,2390,1249,1101,800,0,0,100,0,0,0,0,0,0,0,0,0,0,0,0,0,0,0,0,0,0,0,0,0,0,0,0,0,0,0,0,0,0,154537.14379882813,71750.58337402344,0,67221336064,8589930496,2036641792,252059648
200,1727561646777,1100,1135,933,800,1100,800,1100,800,799,799,800,800,800,800,800,799,812,800,799,865,799,799,800,800,800,799,800,1018,2390,1249,1101,800,0,0,100,0,0,0,0,0,0,0,0,0,0,0,0,0,0,0,0,0,0,0,0,0,0,0,0,0,0,0,4.761904716491699,0,0,154547.65173339844,71759.40283203125,0,67221336064,8589930496,2036641792,252059648
200,1727561646977,1100,1135,933,800,1100,800,1100,800,799,799,800,800,800,800,800,799,812,800,799,865,799,799,800,800,800,799,800,1018,2390,1249,1101,800,0,0,100,0,0,0,0,0,0,0,0,0,0,0,0,0,0,0,0,0,0,0,0,0,0,0,0,0,0,0,0,0,0,154558.12719726563,71768.18981933594,0,67221336064,8589930496,2037088256,252059648
200,1727561647177,1100,1135,933,800,1100,800,1100,800,799,799,800,800,800,800,800,799,812,800,799,865,799,799,800,800,800,799,800,1018,2390,1249,1101,800,0,0,100,0,0,0,0,0,0,0,0,0,0,0,0,0,0,0,0,0,0,0,0,0,0,0,0,0,0,0,0,0,0,154568.6171875,71776.98669433594,0,67221336064,8589930496,2029158400,252059648
200,1727561647377,1100,1135,933,800,1100,800,1100,800,799,799,800,800,800,800,800,799,812,800,799,865,799,799,800,800,800,799,800,1018,2390,1249,1101,800,0,0,100,0,0,0,0,0,0,0,0,0,0,0,0,0,0,0,0,0,0,0,0,0,0,0,0,0,0,0,0,0,0,154579.14599609375,71785.76263427734,0,67221336064,8589930496,2036830208,252059648
200,1727561647578,1100,1135,933,800,1100,800,1100,800,799,799,800,800,800,800,800,799,812,800,799,865,799,799,800,800,800,799,800,1018,2390,1249,1101,800,0,0,100,0,0,0,0,0,0,0,0,0,0,0,0,0,0,0,0,0,0,0,0,0,0,0,0,0,0,0,0,0,0,154589.5894165039,71794.58819580078,0,67221336064,8589930496,2036830208,252059648
200,1727561647778,1100,1135,933,800,1100,800,1100,800,799,799,800,800,800,800,800,799,812,800,799,865,799,799,800,800,800,799,800,1018,2390,1249,1101,800,0,0,100,0,0,0,0,0,0,0,0,0,0,0,0,0,0,0,0,0,0,0,0,0,0,0,0,0,0,0,0,0,0,154599.98724365234,71803.30352783203,0,67221336064,8589930496,2036830208,252059648
200,1727561647978,1100,1135,933,800,1100,800,1100,800,799,799,800,800,800,800,800,799,812,800,799,865,799,799,800,800,800,799,800,1018,2390,1249,1101,800,0,0,100,0,0,0,0,0,0,0,0,0,0,0,0,0,0,0,0,0,0,0,0,0,0,0,0,0,0,0,0,0,0,154610.51824951172,71812.14526367188,0,67221336064,8589930496,2036830208,252059648
200,1727561648178,1100,1135,933,800,1100,800,1100,800,799,799,800,800,800,800,800,799,812,800,799,865,799,799,800,800,800,799,800,1018,2390,1249,1101,800,0,0,100,0,0,0,0,0,0,0,0,0,0,0,0,0,0,0,0,0,0,0,0,0,0,0,0,0,0,0,0,0,0,154620.95764160156,71820.90295410156,0,67221336064,8589930496,2028900352,252059648
200,1727561648378,1100,1135,933,800,1100,800,1100,800,799,799,800,800,800,800,800,799,812,800,799,865,799,799,800,800,800,799,800,1018,2390,1249,1101,800,0,0,100,0,0,0,0,0,0,0,0,0,0,0,0,0,0,0,0,0,0,0,0,0,0,0,0,0,0,0,0,0,0,154631.40789794922,71829.66577148438,0,67221336064,8589930496,2044829696,252059648
200,1727561648578,1100,1135,933,800,1100,800,1100,800,799,799,800,800,800,800,800,799,812,800,799,865,799,799,800,800,800,799,800,1018,2390,1249,1101,800,0,0,100,0,0,0,0,0,0,0,0,0,0,0,0,0,0,0,0,0,0,0,0,0,0,0,0,0,0,0,0,0,0,154641.9122314453,71838.48315429688,0,67221336064,8589930496,2044829696,252059648
200,1727561648778,1100,1135,933,800,1100,800,1100,800,799,799,800,800,800,800,800,799,812,800,799,865,799,799,800,800,800,799,800,1018,2390,1249,1101,800,0,0,100,0,0,0,0,0,0,0,0,0,0,0,0,0,0,0,0,0,0,0,0,0,0,0,0,0,0,0,0,0,0,154652.38543701172,71847.2709350586,0,67221336064,8589930496,2044829696,252059648
200,1727561648978,1100,1135,933,800,1100,800,1100,800,799,799,800,800,800,800,800,799,812,800,799,865,799,799,800,800,800,799,800,1018,2390,1249,1101,800,0,0,100,0,0,0,0,0,0,0,0,0,0,0,0,0,0,0,0,0,0,0,0,0,0,0,0,0,0,0,0,0,0,154662.88201904297,71856.08349609375,0,67221336064,8589930496,2028474368,252059648
200,1727561649178,1100,1135,933,800,1100,800,1100,800,799,799,800,800,800,800,800,799,812,800,799,865,799,799,800,800,800,799,800,1018,2390,1249,1101,800,0,0,100,0,0,0,0,0,0,0,0,0,0,0,0,0,0,0,0,0,0,0,0,0,0,0,0,0,0,0,0,0,0,154673.31060791016,71864.81964111328,0,67221336064,8589930496,2036314112,252059648
200,1727561649378,1100,1135,933,800,1100,800,1100,800,799,799,800,800,800,800,800,799,812,800,799,865,799,799,800,800,800,799,800,1018,2390,1249,1101,800,0,0,100,0,0,0,0,0,0,0,0,0,5,0,0,0,0,0,0,0,0,0,0,0,0,0,0,0,0,0,0,0,0,154683.93493652344,71873.69464111328,0,67221336064,8589930496,2044571648,252059648
200,1727561649578,1100,1135,933,800,1100,800,1100,800,799,799,800,800,800,800,800,799,812,800,799,865,799,799,800,800,800,799,800,1018,2390,1249,1101,800,0,0,100,0,0,0,0,0,0,0,0,0,0,0,0,0,0,0,0,0,0,0,0,0,0,0,0,0,0,0,0,0,0,154694.27642822266,71882.41925048828,0,67221336064,8589930496,2044571648,252059648
200,1727561649779,1100,1135,933,800,1100,800,1100,800,799,799,800,800,800,800,800,799,812,800,799,865,799,799,800,800,800,799,800,1018,2390,1249,1101,800,0,0,100,0,0,0,0,0,0,0,0,0,0,0,0,0,0,0,0,0,0,0,0,0,0,0,0,0,0,0,0,0,0,154704.76916503906,71891.21997070313,0,67221336064,8589930496,2044522496,252059648
199,1727561649979,1100,1135,933,800,1100,800,1100,800,799,799,800,800,800,800,800,799,812,800,799,865,799,799,800,800,800,799,800,1018,2390,1249,1101,800,0,0,100,0,0,0,0,0,0,0,0,0,0,0,0,0,0,0,0,0,0,0,0,0,0,0,0,0,0,0,0,0,0,154715.3729248047,71900.12463378906,0,67221336064,8589930496,2044522496,252059648
200,1727561650179,1100,1135,933,800,1100,800,1100,800,799,799,800,800,800,800,800,799,812,800,799,865,799,799,800,800,800,799,800,1018,2390,1249,1101,800,0,0,100,0,0,0,0,0,0,0,0,0,0,0,0,0,0,0,0,0,0,0,0,0,0,0,0,0,0,0,0,0,0,154726.3662109375,71909.43249511719,0,67221336064,8589930496,2036592640,252059648
200,1727561650379,1100,1135,933,800,1100,800,1100,800,799,799,800,800,800,800,800,799,812,800,799,865,799,799,800,800,800,799,800,1018,2390,1249,1101,800,0,0,100,0,0,0,0,0,0,0,0,0,0,0,0,0,0,0,0,0,0,0,0,0,0,0,0,0,0,0,0,0,0,154737.01947021484,71918.404296875,0,67221336064,8589930496,2036572160,252059648
200,1727561650579,1100,1135,933,800,1100,800,1100,800,799,799,800,800,800,800,800,799,812,800,799,865,799,799,800,800,800,799,800,1018,2390,1249,1101,800,0,0,100,0,0,0,0,0,0,0,0,0,0,0,0,0,0,0,0,0,0,0,0,0,0,0,0,0,0,0,0,0,0,154747.43438720703,71927.1337890625,0,67221336064,8589930496,2036572160,252059648
200,1727561650779,1100,1135,933,800,1100,800,1100,800,799,799,800,800,800,800,800,799,812,800,799,865,799,799,800,800,800,799,800,1018,2390,1249,1101,800,0,0,100,0,0,0,0,0,0,0,0,0,0,0,0,0,0,0,0,0,0,0,0,0,0,0,0,0,0,0,0,0,0,154758.03497314453,71936.03338623047,0,67221336064,8589930496,2037346304,252059648
199,1727561650979,1100,1135,933,800,1100,800,1100,800,799,799,800,800,800,800,800,799,812,800,799,865,799,799,800,800,800,799,800,1018,2390,1249,1101,800,0,0,100,0,0,0,0,0,0,0,0,0,0,0,0,0,0,0,0,0,0,0,0,0,0,0,0,0,0,0,0,0,0,154768.76751708984,71945.08142089844,0,67221336064,8589930496,2037346304,252059648
200,1727561651179,1100,1135,933,800,1100,800,1100,800,799,799,800,800,800,800,800,799,812,800,799,865,799,799,800,800,800,799,800,1018,2390,1249,1101,800,0,0,100,0,0,0,0,0,0,0,0,0,0,0,5,0,0,0,0,0,0,0,0,0,0,0,0,0,0,0,0,0,0,154779.68621826172,71954.31225585938,0,67221336064,8589930496,2030895104,252059648
200,1727561651379,1100,1135,933,800,1100,800,1100,800,799,799,800,800,800,800,800,799,812,800,799,865,799,799,800,800,800,799,800,1018,2390,1249,1101,800,0,0,100,0,0,0,0,0,0,0,0,0,0,0,0,0,0,0,0,0,0,0,0,0,0,0,0,0,0,0,0,0,0,154790.33673095703,71963.26538085938,0,67221336064,8589930496,2038566912,252059648
200,1727561651579,1100,1135,933,800,1100,800,1100,800,799,799,800,800,800,800,800,799,812,800,799,865,799,799,800,800,800,799,800,1018,2390,1249,1101,800,0,0,100,0,0,0,0,0,0,0,0,0,0,0,0,0,0,0,0,0,0,0,0,0,0,0,0,0,0,0,0,0,0,154801.20434570313,71972.44805908203,0,67221336064,8589930496,2038566912,252059648
200,1727561651779,1100,1135,933,800,1100,800,1100,800,799,799,800,800,800,800,800,799,812,800,799,865,799,799,800,800,800,799,800,1018,2390,1249,1101,800,0,0,100,0,0,0,0,0,0,0,0,0,0,0,0,0,0,0,0,0,0,0,0,0,0,0,0,0,0,0,0,0,0,154811.8539428711,71981.41442871094,0,67221336064,8589930496,2038566912,252059648
200,1727561651979,1100,1135,933,800,1100,800,1100,800,799,799,800,800,800,800,800,799,812,800,799,865,799,799,800,800,800,799,800,1018,2390,1249,1101,800,0,0,100,0,0,0,0,0,0,0,0,0,0,0,0,0,0,0,0,0,0,0,0,0,0,0,0,0,0,0,0,0,0,154822.41888427734,71990.24438476563,0,67221336064,8589930496,2030637056,252059648
200,1727561652179,1100,1135,933,800,1100,800,1100,800,799,799,800,800,800,800,800,799,812,800,799,865,799,799,800,800,800,799,800,1018,2390,1249,1101,800,0,0,100,0,0,0,0,0,0,0,0,0,0,0,0,0,0,0,0,0,0,0,0,0,0,0,0,0,0,0,0,0,0,154832.86236572266,71999.04479980469,0,67221336064,8589930496,2034180096,252059648
200,1727561652379,1100,1135,933,800,1100,800,1100,800,799,799,800,800,800,800,800,799,812,800,799,865,799,799,800,800,800,799,800,1018,2390,1249,1101,800,0,0,100,0,0,0,0,0,0,0,0,0,0,0,0,0,0,0,0,0,0,0,0,0,0,0,0,0,0,0,0,0,0,154843.81018066406,72008.31573486328,0,67221336064,8589930496,2046566400,252059648
200,1727561652579,1100,1135,933,800,1100,800,1100,800,799,799,800,800,800,800,800,799,812,800,799,865,799,799,800,800,800,799,800,1018,2390,1249,1101,800,0,0,100,0,0,0,0,0,0,0,0,0,0,0,0,0,0,0,0,0,0,0,0,0,0,0,0,0,0,0,0,0,0,154854.41571044922,72017.1752319336,0,67221336064,8589930496,2046566400,252059648
200,1727561652779,1100,1135,933,800,1100,800,1100,800,799,799,800,800,800,800,800,799,812,800,799,865,799,799,800,800,800,799,800,1018,2390,1249,1101,800,0,0,100,0,0,0,0,0,0,0,0,0,0,0,0,0,0,0,0,0,0,0,0,0,0,0,0,0,0,0,0,0,0,154865.3770751953,72026.50885009766,0,67221336064,8589930496,2046566400,252059648
200,1727561652980,1100,1135,933,800,1100,800,1100,800,799,799,800,800,800,800,800,799,812,800,799,865,799,799,800,800,800,799,800,1018,2390,1249,1101,800,0,0,100,0,0,0,0,0,0,0,0,0,0,0,0,0,0,0,0,0,0,0,0,0,0,0,0,0,0,0,0,0,0,154876.39306640625,72035.84143066406,0,67221336064,8589930496,2046566400,252059648
200,1727561653180,1100,1135,933,800,1100,800,1100,800,799,799,800,800,800,800,800,799,812,800,799,865,799,799,800,800,800,799,800,1018,2390,1249,1101,800,0,0,100,0,0,0,0,0,0,0,0,0,0,0,0,0,0,0,0,0,0,0,0,0,0,0,0,0,0,0,0,0,0,154887.4404296875,72045.20104980469,0,67221336064,8589930496,2030211072,252059648
200,1727561653380,1100,1135,933,800,1100,800,1100,800,799,799,800,800,800,800,800,799,812,800,799,865,799,799,800,800,800,799,800,1018,2390,1249,1101,800,0,0,100,0,0,0,0,0,0,0,0,0,0,0,0,0,0,0,0,0,0,0,0,0,0,0,0,0,0,0,0,0,0,154898.36431884766,72054.43927001953,0,67221336064,8589930496,2046308352,252059648
200,1727561653580,1100,1135,933,800,1100,800,1100,800,799,799,800,800,800,800,800,799,812,800,799,865,799,799,800,800,800,799,800,1018,2390,1249,1101,800,5,0,100,0,0,0,0,0,0,0,0,0,0,0,0,0,0,0,0,0,0,0,0,0,0,0,0,0,0,0,0,0,0,154909.3123779297,72063.69873046875,0,67221336064,8589930496,2046308352,252059648
200,1727561653780,1100,1135,933,800,1100,800,1100,800,799,799,800,800,800,800,800,799,812,800,799,865,799,799,800,800,800,799,800,1018,2390,1249,1101,800,0,0,100,0,0,0,0,0,0,0,0,0,0,0,0,0,0,0,0,0,0,0,0,0,0,0,0,0,0,0,0,0,0,154920.12854003906,72072.82238769531,0,67221336064,8589930496,2046308352,252059648
200,1727561653980,1100,1135,933,800,1100,800,1100,800,799,799,800,800,800,800,800,799,812,800,799,865,799,799,800,800,800,799,800,1018,2390,1249,1101,800,0,0,100,0,0,0,0,0,0,0,0,0,0,0,0,0,0,0,0,0,0,0,0,0,0,0,0,0,0,0,0,0,0,154931.17218017578,72082.17974853516,0,67221336064,8589930496,2046308352,252059648
200,1727561654180,1100,1135,933,800,1100,800,1100,800,799,799,800,800,800,800,800,799,812,800,799,865,799,799,800,800,800,799,800,1018,2390,1249,1101,800,0,0,100,0,0,0,0,0,0,0,0,0,0,0,0,0,0,0,0,0,0,0,0,0,0,0,0,0,0,0,0,0,0,154941.91333007813,72091.23913574219,0,67221336064,8589930496,2038378496,252059648
200,1727561654380,1100,1135,933,800,1100,800,1100,800,799,799,800,800,800,800,800,799,812,800,799,865,799,799,800,800,800,799,800,1018,2390,1249,1101,800,0,0,100,0,0,0,0,0,0,0,0,0,0,0,0,0,0,0,0,0,0,0,0,0,0,0,0,0,0,0,0,0,0,154952.3989868164,72100.03704833984,0,67221336064,8589930496,2038378496,252059648
200,1727561654580,1100,1135,933,800,1100,800,1100,800,799,799,800,800,800,800,800,799,812,800,799,865,799,799,800,800,800,799,800,1018,2390,1249,1101,800,0,0,100,0,0,0,0,0,0,0,0,0,0,0,0,0,0,0,0,0,0,0,0,0,0,0,0,0,0,0,0,0,0,154962.859375,72108.81311035156,0,67221336064,8589930496,2038378496,252059648
200,1727561654780,1100,1135,933,800,1100,800,1100,800,799,799,800,800,800,800,800,799,812,800,799,865,799,799,800,800,800,799,800,1018,2390,1249,1101,800,0,0,100,0,0,0,0,0,0,0,0,0,0,0,0,0,0,0,0,0,0,0,0,0,0,0,0,0,0,0,0,0,0,154973.80767822266,72118.07727050781,0,67221336064,8589930496,2038378496,252059648
200,1727561654980,1100,1135,933,800,1100,800,1100,800,799,799,800,800,800,800,800,799,812,800,799,865,799,799,800,800,800,799,800,1018,2390,1249,1101,800,0,0,100,0,0,0,0,0,0,0,0,0,0,0,0,0,0,0,0,0,0,0,0,0,0,0,0,0,0,0,0,0,0,154984.59350585938,72127.16973876953,0,67221336064,8589930496,2030895104,252059648
199,1727561655180,1100,1135,933,800,1100,800,1100,800,799,799,800,800,800,800,800,799,812,800,799,865,799,799,800,800,800,799,800,1018,2390,1249,1101,800,0,0,100,0,0,0,0,0,0,0,0,0,0,0,0,0,0,0,0,0,0,0,0,0,0,0,0,0,0,0,0,0,0,154995.19989013672,72136.09344482422,0,67221336064,8589930496,2032373760,252059648
200,1727561655380,1100,1135,933,800,1100,800,1100,800,799,799,800,800,800,800,800,799,812,800,799,865,799,799,800,800,800,799,800,1018,2390,1249,1101,800,0,0,100,0,0,0,0,0,0,0,0,0,0,0,0,0,0,0,0,0,0,0,0,0,0,0,0,0,0,0,4.761904716491699,0,0,155005.78344726563,72144.9769897461,0,67221336064,8589930496,2038566912,252059648
200,1727561655581,1100,1135,933,800,1100,800,1100,800,799,799,800,800,800,800,800,799,812,800,799,865,799,799,800,800,800,799,800,1018,2390,1249,1101,800,0,0,100,0,0,0,0,0,0,0,0,0,0,0,0,0,0,0,0,0,0,0,0,0,0,0,0,0,0,0,0,0,0,155016.37774658203,72153.82189941406,0,67221336064,8589930496,2038566912,252059648
200,1727561655781,1100,1135,933,800,1100,800,1100,800,799,799,800,800,800,800,800,799,812,800,799,865,799,799,800,800,800,799,800,1018,2390,1249,1101,800,0,0,100,0,0,0,0,0,0,0,0,0,0,0,0,0,0,0,0,0,0,0,0,0,0,0,0,0,0,0,0,0,0,155026.7875366211,72162.60162353516,0,67221336064,8589930496,2038566912,252059648
200,1727561655981,1100,1135,933,800,1100,800,1100,800,799,799,800,800,800,800,800,799,812,800,799,865,799,799,800,800,800,799,800,1018,2390,1249,1101,800,0,0,100,0,0,0,0,0,0,0,0,0,0,0,0,0,0,0,0,0,0,0,0,0,0,0,0,0,0,0,0,0,0,155037.22882080078,72171.35913085938,0,67221336064,8589930496,2038566912,252059648
200,1727561656181,1100,1135,933,800,1100,800,1100,800,799,799,800,800,800,800,800,799,812,800,799,865,799,799,800,800,800,799,800,1018,2390,1249,1101,800,0,0,100,0,0,0,0,0,0,0,0,0,0,0,0,0,0,0,0,0,0,0,0,0,0,0,0,0,0,0,0,0,0,155047.62939453125,72180.0703125,0,67221336064,8589930496,2030637056,252059648
200,1727561656381,1100,1135,933,800,1100,800,1100,800,799,799,800,800,800,800,800,799,812,800,799,865,799,799,800,800,800,799,800,1018,2390,1249,1101,800,0,0,100,0,0,0,0,0,0,0,0,0,0,0,0,0,0,0,0,0,0,0,0,0,0,0,0,0,0,0,0,0,0,155058.08056640625,72188.83508300781,0,67221336064,8589930496,2046566400,252059648
200,1727561656581,1100,1135,933,800,1100,800,1100,800,799,799,800,800,800,800,800,799,812,800,799,865,799,799,800,800,800,799,800,1018,2390,1249,1101,800,0,0,100,0,0,0,0,0,0,0,0,0,0,0,0,0,0,0,0,0,0,0,0,0,0,0,0,0,0,0,0,0,0,155068.45916748047,72197.53076171875,0,67221336064,8589930496,2046566400,252059648
200,1727561656781,1100,1135,933,800,1100,800,1100,800,799,799,800,800,800,800,800,799,812,800,799,865,799,799,800,800,800,799,800,1018,2390,1249,1101,800,0,0,100,0,0,0,0,0,0,0,0,0,0,0,0,0,0,0,0,0,0,0,0,0,0,0,0,0,0,0,0,0,0,155079.0599975586,72206.43640136719,0,67221336064,8589930496,2046566400,252059648
200,1727561656981,1100,1135,933,800,1100,800,1100,800,799,799,800,800,800,800,800,799,812,800,799,865,799,799,800,800,800,799,800,1018,2390,1249,1101,800,0,0,100,0,0,0,0,0,0,0,0,0,0,0,0,0,0,0,0,0,0,0,0,0,0,0,0,0,0,0,0,0,0,155089.46447753906,72215.1591796875,0,67221336064,8589930496,2046566400,252059648
200,1727561657181,1100,1135,933,800,1100,800,1100,800,799,799,800,800,800,800,800,799,812,800,799,865,799,799,800,800,800,799,800,1018,2390,1249,1101,800,0,0,100,0,0,0,0,0,0,0,0,0,0,0,0,0,0,0,0,0,0,0,0,0,0,0,0,0,0,0,0,0,0,155100.0191040039,72224.02447509766,0,67221336064,8589930496,2030211072,252059648
200,1727561657381,1100,1135,933,800,1100,800,1100,800,799,799,800,800,800,800,800,799,812,800,799,865,799,799,800,800,800,799,800,1018,2390,1249,1101,800,0,0,100,0,0,0,0,0,0,0,0,0,0,0,0,0,0,0,0,0,0,0,0,0,0,0,0,0,0,0,0,0,0,155110.4917602539,72232.80950927734,0,67221336064,8589930496,2046308352,252059648
200,1727561657581,1100,1135,933,800,1100,800,1100,800,799,799,800,800,800,800,800,799,812,800,799,865,799,799,800,800,800,799,800,1018,2390,1249,1101,800,0,0,100,0,0,0,0,0,0,0,0,0,0,0,0,0,0,0,0,0,0,0,0,0,0,0,0,0,0,0,0,0,0,155120.9659423828,72241.53332519531,0,67221336064,8589930496,2046308352,252059648
200,1727561657782,1100,1135,933,800,1100,800,1100,800,799,799,800,800,800,800,800,799,812,800,799,865,799,799,800,800,800,799,800,1018,2390,1249,1101,800,0,0,100,0,0,0,0,0,0,0,0,0,0,0,0,0,0,0,0,0,0,0,0,0,0,0,0,0,0,0,0,0,0,155131.39233398438,72250.33532714844,0,67221336064,8589930496,2046308352,252059648
200,1727561657982,1100,1135,933,800,1100,800,1100,800,799,799,800,800,800,800,800,799,812,800,799,865,799,799,800,800,800,799,800,1018,2390,1249,1101,800,0,0,100,0,0,0,0,0,0,0,0,0,0,0,0,0,0,0,0,0,0,0,0,0,0,0,0,0,0,0,0,0,0,155141.78649902344,72259.04583740234,0,67221336064,8589930496,2038378496,252059648
200,1727561658182,1100,1135,933,800,1100,800,1100,800,799,799,800,800,800,800,800,799,812,800,799,865,799,799,800,800,800,799,800,1018,2390,1249,1101,800,0,0,100,0,0,0,0,0,0,0,0,0,0,0,0,0,0,0,0,0,0,0,0,0,0,0,0,0,0,0,0,0,0,155152.2826538086,72267.85168457031,0,67221336064,8589930496,2038378496,252059648
200,1727561658382,1100,1135,933,800,1100,800,1100,800,799,799,800,800,800,800,800,799,812,800,799,865,799,799,800,800,800,799,800,1018,2390,1249,1101,800,0,0,100,0,0,0,0,0,0,0,0,0,0,0,0,0,0,0,0,0,0,0,0,0,0,0,0,0,0,0,0,0,0,155162.68865966797,72276.57482910156,0,67221336064,8589930496,2038378496,252059648
200,1727561658582,1100,1135,933,800,1100,800,1100,800,799,799,800,800,800,800,800,799,812,800,799,865,799,799,800,800,800,799,800,1018,2390,1249,1101,800,0,0,100,0,0,0,0,0,0,0,0,0,0,0,0,0,0,0,0,0,0,0,0,0,0,0,0,0,0,0,0,0,0,155173.11907958984,72285.32019042969,0,67221336064,8589930496,2038378496,252059648
200,1727561658782,1100,1135,933,800,1100,800,1100,800,799,799,800,800,800,800,800,799,812,800,799,865,799,799,800,800,800,799,800,1018,2390,1249,1101,800,0,0,100,0,0,0,0,0,0,0,0,0,0,0,0,0,0,0,0,0,0,0,0,0,0,0,0,0,0,0,0,0,0,155183.5366821289,72294.04852294922,0,67221336064,8589930496,2038378496,252059648
200,1727561658982,1100,1135,933,800,1100,800,1100,800,799,799,800,800,800,800,800,799,812,800,799,865,799,799,800,800,800,799,800,1018,2390,1249,1101,800,0,0,100,0,0,0,0,0,0,0,0,0,0,0,0,0,0,0,0,0,0,0,0,0,0,0,0,0,0,0,0,0,0,155193.97271728516,72302.8002319336,0,67221336064,8589930496,2038378496,252059648
200,1727561659182,1100,1135,933,800,1100,800,1100,800,799,799,800,800,800,800,800,799,812,800,799,865,799,799,800,800,800,799,800,1018,2390,1249,1101,800,0,0,100,0,0,0,0,0,0,0,0,0,0,0,0,0,0,0,0,0,0,0,0,0,0,0,0,0,0,0,0,0,0,155204.40838623047,72311.5502319336,0,67221336064,8589930496,2030895104,252059648
200,1727561659382,1100,1135,933,800,1100,800,1100,800,799,799,800,800,800,800,800,799,812,800,799,865,799,799,800,800,800,799,800,1018,2390,1249,1101,800,0,0,100,0,0,0,0,0,0,0,0,0,0,0,0,0,0,0,0,0,0,0,0,0,0,0,0,0,0,0,0,0,0,155214.81323242188,72320.27062988281,0,67221336064,8589930496,2038566912,252059648
200,1727561659582,1100,1135,933,800,1100,800,1100,800,799,799,800,800,800,800,800,799,812,800,799,865,799,799,800,800,800,799,800,1018,2390,1249,1101,800,0,0,100,0,0,0,0,0,0,0,0,0,0,0,0,0,0,0,0,0,0,0,0,0,0,0,0,0,0,0,0,0,0,155225.31915283203,72329.08599853516,0,67221336064,8589930496,2038566912,252059648
200,1727561659783,1100,1135,933,800,1100,800,1100,800,799,799,800,800,800,800,800,799,812,800,799,865,799,799,800,800,800,799,800,1018,2390,1249,1101,800,0,0,100,0,0,0,0,0,0,0,0,0,0,0,0,0,0,0,0,0,0,0,0,0,0,0,0,0,0,0,0,0,0,155235.6756591797,72337.75982666016,0,67221336064,8589930496,2038566912,252059648
191,1727561659991,1100,1135,933,800,1100,800,1100,800,799,799,800,800,800,800,800,799,812,800,799,865,799,799,800,800,800,799,800,1018,2390,1249,1101,800,0,0,100,0,0,0,0,0,0,0,0,0,0,0,0,0,0,0,0,0,0,0,0,0,0,0,0,0,0,0,0,0,0,155246.5380859375,72346.86291503906,0,67221336064,8589930496,2038566912,252059648
200,1727561660183,1100,1135,933,800,1100,800,1100,800,799,799,800,800,800,800,800,799,812,800,799,865,799,799,800,800,800,799,800,1018,2390,1249,1101,800,0,0,100,0,0,0,0,0,0,0,0,0,0,0,0,0,0,0,0,0,0,0,0,0,0,0,0,0,0,0,0,0,0,155256.63061523438,72355.33862304688,0,67221336064,8589930496,2022211584,252059648
200,1727561660383,1100,1135,933,800,1100,800,1100,800,799,799,800,800,800,800,800,799,812,800,799,865,799,799,800,800,800,799,800,1018,2390,1249,1101,800,0,0,100,0,0,0,0,0,0,0,0,0,0,0,0,0,0,0,0,0,0,0,0,0,0,0,0,0,0,0,0,0,0,155267.30053710938,72364.32354736328,0,67221336064,8589930496,2046566400,252059648
200,1727561660583,1100,1135,933,800,1100,800,1100,800,799,799,800,800,800,800,800,799,812,800,799,865,799,799,800,800,800,799,800,1018,2390,1249,1101,800,0,0,100,0,0,0,0,0,0,0,0,0,0,0,0,0,0,0,0,0,0,0,0,0,0,0,0,0,0,0,0,0,0,155277.72033691406,72373.06158447266,0,67221336064,8589930496,2046566400,252059648
200,1727561660783,1100,1135,933,800,1100,800,1100,800,799,799,800,800,800,800,800,799,812,800,799,865,799,799,800,800,800,799,800,1018,2390,1249,1101,800,0,0,100,0,0,0,0,0,0,0,0,0,0,0,0,0,0,0,0,0,0,0,0,0,0,0,0,0,0,0,0,0,0,155288.12518310547,72381.78192138672,0,67221336064,8589930496,2046566400,252059648
200,1727561660983,1100,1135,933,800,1100,800,1100,800,799,799,800,800,800,800,800,799,812,800,799,865,799,799,800,800,800,799,800,1018,2390,1249,1101,800,0,0,100,0,0,0,0,0,0,0,0,0,0,0,0,0,0,0,0,0,0,0,0,0,0,0,0,0,0,0,0,0,0,155298.583984375,72390.54510498047,0,67221336064,8589930496,2038636544,252059648
200,1727561661183,1100,1135,933,800,1100,800,1100,800,799,799,800,800,800,800,800,799,812,800,799,865,799,799,800,800,800,799,800,1018,2390,1249,1101,800,0,0,100,0,0,0,0,0,0,0,0,0,0,0,0,0,0,0,0,0,0,0,0,0,0,0,0,0,0,0,0,0,0,155308.9620361328,72399.23223876953,0,67221336064,8589930496,2038636544,252059648
200,1727561661383,1100,1135,933,800,1100,800,1100,800,799,799,800,800,800,800,800,799,812,800,799,865,799,799,800,800,800,799,800,1018,2390,1249,1101,800,0,0,100,0,0,0,0,0,0,0,0,0,0,0,0,0,0,0,0,0,0,0,0,0,0,0,0,0,0,0,0,0,0,155319.4423828125,72408.02624511719,0,67221336064,8589930496,2038636544,252059648
200,1727561661583,1100,1135,933,800,1100,800,1100,800,799,799,800,800,800,800,800,799,812,800,799,865,799,799,800,800,800,799,800,1018,2390,1249,1101,800,0,0,100,0,0,0,0,0,0,0,0,0,0,0,0,0,0,0,0,0,0,0,0,0,0,0,0,0,0,0,0,0,0,155329.9962158203,72416.82318115234,0,67221336064,8589930496,2038636544,252059648
200,1727561661784,1100,1135,933,800,1100,800,1100,800,799,799,800,800,800,800,800,799,812,800,799,865,799,799,800,800,800,799,800,1018,2390,1249,1101,800,0,0,100,0,0,0,0,0,0,0,0,0,0,0,0,0,0,0,0,0,0,0,0,0,0,0,0,0,0,0,0,0,0,155340.35516357422,72425.56524658203,0,67221336064,8589930496,2038636544,252059648
200,1727561661984,1100,1135,933,800,1100,800,1100,800,799,799,800,800,800,800,800,799,812,800,799,865,799,799,800,800,800,799,800,1018,2390,1249,1101,800,0,0,100,0,0,0,0,0,0,0,0,0,0,0,0,0,0,0,0,0,0,0,0,0,0,0,0,0,0,0,0,0,0,155350.9214477539,72434.43029785156,0,67221336064,8589930496,2038566912,252059648
200,1727561662184,1100,1135,933,800,1100,800,1100,800,799,799,800,800,800,800,800,799,812,800,799,865,799,799,800,800,800,799,800,1018,2390,1249,1101,800,0,0,100,0,0,0,0,0,0,0,0,0,0,0,0,0,0,0,0,0,0,0,0,0,0,0,0,0,0,0,0,0,0,155361.32928466797,72443.1537475586,0,67221336064,8589930496,2030637056,252059648
200,1727561662384,1100,1135,933,800,1100,800,1100,800,799,799,800,800,800,800,800,799,812,800,799,865,799,799,800,800,800,799,800,1018,2390,1249,1101,800,0,0,100,0,0,0,0,0,0,0,0,0,0,0,0,0,0,0,0,0,0,0,0,0,0,0,0,0,0,0,0,0,0,155371.78509521484,72451.92474365234,0,67221336064,8589930496,2046824448,252059648
200,1727561662584,1100,1135,933,800,1100,800,1100,800,799,799,800,800,800,800,800,799,812,800,799,865,799,799,800,800,800,799,800,1018,2390,1249,1101,800,0,0,100,0,0,0,0,0,0,0,0,0,0,0,0,0,0,0,0,0,0,0,0,0,0,0,0,0,0,0,0,0,0,155382.22247314453,72460.67803955078,0,67221336064,8589930496,2046824448,252059648
200,1727561662784,1100,1135,933,800,1100,800,1100,800,799,799,800,800,800,800,800,799,812,800,799,865,799,799,800,800,800,799,800,1018,2390,1249,1101,800,0,0,100,0,0,0,0,0,0,0,0,0,0,0,0,0,0,0,0,0,0,0,0,0,0,0,0,0,0,0,0,0,0,155392.6577758789,72469.43133544922,0,67221336064,8589930496,2046824448,252059648
200,1727561662984,1100,1135,933,800,1100,800,1100,800,799,799,800,800,800,800,800,799,812,800,799,865,799,799,800,800,800,799,800,1018,2390,1249,1101,800,0,0,100,0,0,0,0,0,0,0,0,0,0,0,0,0,0,0,0,0,0,0,0,0,0,0,0,0,0,0,0,0,0,155403.18041992188,72478.26336669922,0,67221336064,8589930496,2046824448,252059648
200,1727561663184,1100,1135,933,800,1100,800,1100,800,799,799,800,800,800,800,800,799,812,800,799,865,799,799,800,800,800,799,800,1018,2390,1249,1101,800,0,0,100,0,0,0,0,0,0,0,0,0,0,0,0,0,0,0,0,0,0,0,0,0,0,0,0,0,0,0,0,0,0,155413.71063232422,72487.10028076172,0,67221336064,8589930496,2038894592,252059648
200,1727561663384,1100,1135,933,800,1100,800,1100,800,799,799,800,800,800,800,800,799,812,800,799,865,799,799,800,800,800,799,800,1018,2390,1249,1101,800,0,0,100,0,0,0,0,0,0,0,0,0,0,0,0,0,0,0,0,0,0,0,0,0,0,0,0,0,0,0,0,0,0,155424.22143554688,72495.92706298828,0,67221336064,8589930496,2038894592,252059648
200,1727561663584,1100,1135,933,800,1100,800,1100,800,799,799,800,800,800,800,800,799,812,800,799,865,799,799,800,800,800,799,800,1018,2390,1249,1101,800,0,0,100,0,0,0,0,0,0,0,0,0,0,0,0,0,0,0,0,0,0,0,0,0,0,0,0,0,0,0,0,0,0,155434.6719970703,72504.69439697266,0,67221336064,8589930496,2038894592,252059648
200,1727561663785,1100,1135,933,800,1100,800,1100,800,799,799,800,800,800,800,800,799,812,800,799,865,799,799,800,800,800,799,800,1018,2390,1249,1101,800,0,0,100,0,0,0,0,0,0,0,0,0,0,0,0,0,0,0,0,0,0,0,0,0,0,0,0,0,0,0,0,0,0,155445.16174316406,72513.4927368164,0,67221336064,8589930496,2038894592,252059648
200,1727561663985,1100,1135,933,800,1100,800,1100,800,799,799,800,800,800,800,800,799,812,800,799,865,799,799,800,800,800,799,800,1018,2390,1249,1101,800,0,0,100,0,0,0,0,0,0,0,0,0,0,0,0,0,0,0,0,0,0,0,0,0,0,0,0,0,0,0,0,0,0,155455.55529785156,72522.19665527344,0,67221336064,8589930496,2022469632,252059648
200,1727561664185,1100,1135,933,800,1100,800,1100,800,799,799,800,800,800,800,800,799,812,800,799,865,799,799,800,800,800,799,800,1018,2390,1249,1101,800,0,0,100,0,0,0,0,0,0,0,0,0,0,0,0,0,0,0,0,0,0,0,0,0,0,0,0,0,0,0,0,0,0,155466.0238647461,72530.98956298828,0,67221336064,8589930496,2030309376,252059648
200,1727561664385,1100,1135,933,800,1100,800,1100,800,799,799,800,800,800,800,800,799,812,800,799,865,799,799,800,800,800,799,800,1018,2390,1249,1101,800,0,0,100,0,0,0,0,0,0,0,0,0,0,0,0,0,0,0,0,0,0,0,0,0,0,0,0,0,0,0,0,0,0,155476.50537109375,72539.77197265625,0,67221336064,8589930496,2046824448,252059648
200,1727561664585,1100,1135,933,800,1100,800,1100,800,799,799,800,800,800,800,800,799,812,800,799,865,799,799,800,800,800,799,800,1018,2390,1249,1101,800,0,0,100,0,0,0,0,0,0,0,0,0,0,0,0,0,0,0,0,0,0,0,0,0,0,0,0,0,0,0,0,0,0,155487.00061035156,72548.58520507813,0,67221336064,8589930496,2046824448,252059648
200,1727561664785,1100,1135,933,800,1100,800,1100,800,799,799,800,800,800,800,800,799,812,800,799,865,799,799,800,800,800,799,800,1018,2390,1249,1101,800,0,0,100,0,0,0,0,0,0,0,0,0,0,0,0,0,0,0,0,0,0,0,0,0,0,0,0,0,0,0,0,0,0,155497.4151611328,72557.31127929688,0,67221336064,8589930496,2046824448,252059648
200,1727561664985,1100,1135,933,800,1100,800,1100,800,799,799,800,800,800,800,800,799,812,800,799,865,799,799,800,800,800,799,800,1018,2390,1249,1101,800,0,0,100,0,0,0,0,0,0,0,0,0,0,0,0,0,0,0,0,0,0,0,0,0,0,0,0,0,0,0,0,0,0,155507.81439208984,72566.02880859375,0,67221336064,8589930496,2046824448,252059648
200,1727561665185,1100,1135,933,800,1100,800,1100,800,799,799,800,800,800,800,800,799,812,800,799,865,799,799,800,800,800,799,800,1018,2390,1249,1101,800,0,0,100,0,0,0,0,0,0,0,0,0,0,0,0,0,0,0,0,0,0,0,0,0,0,0,0,0,0,0,0,0,0,155518.33569335938,72574.8662109375,0,67221336064,8589930496,2038894592,252059648
200,1727561665385,1100,1135,933,800,1100,800,1100,800,799,799,800,800,800,800,800,799,812,800,799,865,799,799,800,800,800,799,800,1018,2390,1249,1101,800,0,0,100,0,0,0,0,0,0,0,0,0,0,0,0,0,0,0,0,0,0,0,0,0,0,0,0,0,0,0,0,0,0,155528.78881835938,72583.63275146484,0,67221336064,8589930496,2038894592,252059648
200,1727561665585,1100,1135,933,800,1100,800,1100,800,799,799,800,800,800,800,800,799,812,800,799,865,799,799,800,800,800,799,800,1018,2390,1249,1101,800,0,0,100,0,0,0,0,0,0,0,0,0,0,0,0,0,0,0,0,0,0,0,0,0,0,0,0,0,0,0,0,0,0,155539.23565673828,72592.39288330078,0,67221336064,8589930496,2038894592,252059648
200,1727561665786,1100,1135,933,800,1100,800,1100,800,799,799,800,800,800,800,800,799,812,800,799,865,799,799,800,800,800,799,800,1018,2390,1249,1101,800,0,0,100,0,0,0,0,0,0,0,0,0,0,0,0,0,0,0,0,0,0,0,0,0,0,0,0,0,0,0,0,0,0,155549.59375,72601.07019042969,0,67221336064,8589930496,2038894592,252059648
200,1727561665986,1100,1135,933,800,1100,800,1100,800,799,799,800,800,800,800,800,799,812,800,799,865,799,799,800,800,800,799,800,1018,2390,1249,1101,800,0,0,100,0,0,0,0,0,0,0,0,0,0,0,0,0,0,0,0,0,0,0,0,0,0,0,0,0,0,0,0,0,0,155560.0955810547,72609.86999511719,0,67221336064,8589930496,2038824960,252059648
200,1727561666186,1100,1135,933,800,1100,800,1100,800,799,799,800,800,800,800,800,799,812,800,799,865,799,799,800,800,800,799,800,1018,2390,1249,1101,800,0,0,100,0,0,0,0,0,0,0,0,0,0,0,0,0,0,0,0,0,0,0,0,0,0,0,0,0,0,0,0,0,0,155570.48760986328,72618.5796508789,0,67221336064,8589930496,2030895104,252059648
200,1727561666386,1100,1135,933,800,1100,800,1100,800,799,799,800,800,800,800,800,799,812,800,799,865,799,799,800,800,800,799,800,1018,2390,1249,1101,800,0,0,100,0,0,0,0,0,0,0,0,0,0,0,0,0,0,0,0,0,0,0,0,0,0,0,0,0,0,0,0,0,0,155581.01489257813,72627.419921875,0,67221336064,8589930496,2046824448,252059648
200,1727561666586,1100,1135,933,800,1100,800,1100,800,799,799,800,800,800,800,800,799,812,800,799,865,799,799,800,800,800,799,800,1018,2390,1249,1101,800,0,0,100,0,0,0,0,0,0,0,0,0,0,0,0,0,0,0,0,0,0,0,0,0,0,0,0,0,0,0,0,0,0,155591.41290283203,72636.1337890625,0,67221336064,8589930496,2046824448,252059648
200,1727561666786,1100,1135,933,800,1100,800,1100,800,799,799,800,800,800,800,800,799,812,800,799,865,799,799,800,800,800,799,800,1018,2390,1249,1101,800,0,0,100,0,0,0,0,0,0,0,0,0,0,0,0,0,0,0,0,0,0,0,0,0,0,0,0,0,0,0,0,0,0,155601.79260253906,72644.82684326172,0,67221336064,8589930496,2046824448,252059648
200,1727561666986,1100,1135,933,800,1100,800,1100,800,799,799,800,800,800,800,800,799,812,800,799,865,799,799,800,800,800,799,800,1018,2390,1249,1101,800,0,0,100,0,0,0,0,0,0,0,0,0,0,0,0,0,0,0,0,0,0,0,0,0,0,0,0,0,0,0,4.761904716491699,0,0,155612.22564697266,72653.57733154297,0,67221336064,8589930496,2046824448,252059648
200,1727561667186,1100,1135,933,800,1100,800,1100,800,799,799,800,800,800,800,800,799,812,800,799,865,799,799,800,800,800,799,800,1018,2390,1249,1101,800,0,0,100,0,0,0,0,0,0,0,0,0,0,0,0,0,0,0,0,0,0,0,0,0,0,0,0,0,0,0,0,0,0,155622.68084716797,72662.34661865234,0,67221336064,8589930496,2030469120,252059648
200,1727561667386,1100,1135,933,800,1100,800,1100,800,799,799,800,800,800,800,800,799,812,800,799,865,799,799,800,800,800,799,800,1018,2390,1249,1101,800,0,0,100,0,0,0,0,0,0,0,0,0,0,0,0,0,0,0,0,0,0,0,0,0,0,0,0,0,0,0,0,0,0,155633.25927734375,72671.24304199219,0,67221336064,8589930496,2046566400,252059648
200,1727561667586,1100,1135,933,800,1100,800,1100,800,799,799,800,800,800,800,800,799,812,800,799,865,799,799,800,800,800,799,800,1018,2390,1249,1101,800,0,0,100,0,0,0,0,0,0,0,0,0,0,0,0,0,0,0,0,0,0,0,0,0,0,0,0,0,0,0,0,0,0,155643.68579101563,72679.98571777344,0,67221336064,8589930496,2046566400,252059648
200,1727561667787,1100,1135,933,800,1100,800,1100,800,799,799,800,800,800,800,800,799,812,800,799,865,799,799,800,800,800,799,800,1018,2390,1249,1101,800,0,0,100,0,0,0,0,0,0,0,0,0,0,0,0,0,0,0,0,0,0,0,0,0,0,0,0,0,0,0,0,0,0,155654.10607910156,72688.71557617188,0,67221336064,8589930496,2046566400,252059648
200,1727561667987,1100,1135,933,800,1100,800,1100,800,799,799,800,800,800,800,800,799,812,800,799,865,799,799,800,800,800,799,800,1018,2390,1249,1101,800,0,0,100,0,0,0,0,0,0,0,0,0,0,0,0,0,0,0,0,0,0,0,0,0,0,0,0,0,0,0,0,0,0,155664.51483154297,72697.44201660156,0,67221336064,8589930496,2046566400,252059648
200,1727561668187,1100,1135,933,800,1100,800,1100,800,799,799,800,800,800,800,800,799,812,800,799,865,799,799,800,800,800,799,800,1018,2390,1249,1101,800,0,0,100,0,0,0,0,0,0,0,0,0,0,0,0,0,0,0,0,0,0,0,0,0,0,0,0,0,0,0,0,0,0,155675.03302001953,72706.26153564453,0,67221336064,8589930496,2038636544,252059648
200,1727561668387,1100,1135,933,800,1100,800,1100,800,799,799,800,800,800,800,800,799,812,800,799,865,799,799,800,800,800,799,800,1018,2390,1249,1101,800,0,0,100,0,0,0,0,0,0,0,0,0,0,0,0,0,0,0,0,0,0,0,0,0,0,0,0,0,0,0,0,0,0,155685.47680664063,72715.02282714844,0,67221336064,8589930496,2038636544,252059648
200,1727561668587,1100,1135,933,800,1100,800,1100,800,799,799,800,800,800,800,800,799,812,800,799,865,799,799,800,800,800,799,800,1018,2390,1249,1101,800,0,0,100,0,0,0,0,0,0,0,0,0,0,0,0,0,0,0,0,0,0,0,0,0,0,0,0,0,0,0,0,0,0,155695.93524169922,72723.79565429688,0,67221336064,8589930496,2038636544,252059648
200,1727561668787,1100,1135,933,800,1100,800,1100,800,799,799,800,800,800,800,800,799,812,800,799,865,799,799,800,800,800,799,800,1018,2390,1249,1101,800,0,0,100,0,0,0,0,0,0,0,0,0,0,0,0,0,0,0,0,0,0,0,0,0,0,0,0,0,0,0,0,0,0,155706.37915039063,72732.55615234375,0,67221336064,8589930496,2038636544,252059648
200,1727561668987,1100,1135,933,800,1100,800,1100,800,799,799,800,800,800,800,800,799,812,800,799,865,799,799,800,800,800,799,800,1018,2390,1249,1101,800,0,0,100,0,0,0,0,0,0,0,0,0,0,0,0,0,0,0,0,0,0,0,0,0,0,0,0,0,0,0,0,0,0,155716.80377197266,72741.2914428711,0,67221336064,8589930496,2039083008,252059648
200,1727561669187,1100,1135,933,800,1100,800,1100,800,799,799,800,800,800,800,800,799,812,800,799,865,799,799,800,800,800,799,800,1018,2390,1249,1101,800,0,0,100,0,0,0,0,0,0,0,0,0,0,0,0,0,0,0,0,0,0,0,0,0,0,0,0,0,0,0,0,0,0,155727.26470947266,72750.07098388672,0,67221336064,8589930496,2031153152,252059648
200,1727561669387,1100,1135,933,800,1100,800,1100,800,799,799,800,800,800,800,800,799,812,800,799,865,799,799,800,800,800,799,800,1018,2390,1249,1101,800,0,0,100,0,0,0,0,0,0,0,0,0,0,0,0,0,0,0,0,0,0,0,0,0,0,0,0,0,0,0,0,0,0,155737.7700805664,72758.8896484375,0,67221336064,8589930496,2047082496,252059648
200,1727561669587,1100,1135,933,800,1100,800,1100,800,799,799,800,800,800,800,800,799,812,800,799,865,799,799,800,800,800,799,800,1018,2390,1249,1101,800,0,0,100,0,0,0,0,0,0,0,0,0,0,0,0,0,0,0,0,0,0,0,0,0,0,0,0,0,0,0,0,0,0,155748.17901611328,72767.6148071289,0,67221336064,8589930496,2047082496,252059648
200,1727561669788,1100,1135,933,800,1100,800,1100,800,799,799,800,800,800,800,800,799,812,800,799,865,799,799,800,800,800,799,800,1018,2390,1249,1101,800,0,0,100,0,0,0,0,0,0,0,0,0,0,0,0,0,0,0,0,0,0,0,0,0,0,0,0,0,0,0,0,0,0,155758.67193603516,72776.37396240234,0,67221336064,8589930496,2047082496,252059648
200,1727561669988,1100,1135,933,800,1100,800,1100,800,799,799,800,800,800,800,800,799,812,800,799,865,799,799,800,800,800,799,800,1018,2390,1249,1101,800,0,0,100,0,0,0,0,0,0,0,0,0,0,0,0,0,0,0,0,0,0,0,0,0,0,0,0,0,0,0,0,0,0,155769.07318115234,72785.1382446289,0,67221336064,8589930496,2047082496,252059648
200,1727561670188,1100,1135,933,800,1100,800,1100,800,799,799,800,800,800,800,800,799,812,800,799,865,799,799,800,800,800,799,800,1018,2390,1249,1101,800,0,0,100,0,0,0,0,0,0,0,0,0,0,0,0,0,0,0,0,0,0,0,0,0,0,0,0,0,0,0,0,0,0,155779.5635986328,72793.9360961914,0,67221336064,8589930496,2039152640,252059648
200,1727561670388,1100,1135,933,800,1100,800,1100,800,799,799,800,800,800,800,800,799,812,800,799,865,799,799,800,800,800,799,800,1018,2390,1249,1101,800,0,0,100,0,0,0,0,0,0,0,0,0,0,0,0,0,0,0,0,0,0,0,0,0,0,0,0,0,0,0,0,0,0,155790.0294189453,72802.71295166016,0,67221336064,8589930496,2039152640,252059648
200,1727561670588,1100,1135,933,800,1100,800,1100,800,799,799,800,800,800,800,800,799,812,800,799,865,799,799,800,800,800,799,800,1018,2390,1249,1101,800,0,0,100,0,0,0,0,0,0,0,0,0,0,0,0,0,0,0,0,0,0,0,0,0,0,0,0,0,0,0,0,0,0,155800.52734375,72811.51776123047,0,67221336064,8589930496,2039152640,252059648
200,1727561670788,1100,1135,933,800,1100,800,1100,800,799,799,800,800,800,800,800,799,812,800,799,865,799,799,800,800,800,799,800,1018,2390,1249,1101,800,0,0,100,0,0,0,0,0,0,0,0,0,0,0,0,0,0,0,0,0,0,0,0,0,0,0,0,0,0,0,0,0,0,155810.9312133789,72820.23791503906,0,67221336064,8589930496,2039152640,252059648
200,1727561670988,1100,1135,933,800,1100,800,1100,800,799,799,800,800,800,800,800,799,812,800,799,865,799,799,800,800,800,799,800,1018,2390,1249,1101,800,0,0,100,0,0,0,0,0,0,0,0,0,0,0,0,0,0,0,0,0,0,0,0,0,0,0,0,0,0,0,0,0,0,155821.4048461914,72829.0244140625,0,67221336064,8589930496,2039083008,252059648
200,1727561671188,1100,1135,933,800,1100,800,1100,800,799,799,800,800,800,800,800,799,812,800,799,865,799,799,800,800,800,799,800,1018,2390,1249,1101,800,0,0,100,0,0,0,0,0,0,0,0,0,0,0,0,0,0,0,0,0,0,0,0,0,0,0,0,0,0,0,0,0,0,155831.82873535156,72837.76293945313,0,67221336064,8589930496,2022727680,252059648
200,1727561671388,1100,1135,933,800,1100,800,1100,800,799,799,800,800,800,800,800,799,812,800,799,865,799,799,800,800,800,799,800,1018,2390,1249,1101,800,0,0,100,0,0,0,0,0,0,0,0,0,0,0,0,0,0,0,0,0,0,0,0,0,0,0,0,0,0,0,0,0,0,155842.3221435547,72846.57012939453,0,67221336064,8589930496,2047082496,252059648
200,1727561671588,1100,1135,933,800,1100,800,1100,800,799,799,800,800,800,800,800,799,812,800,799,865,799,799,800,800,800,799,800,1018,2390,1249,1101,800,0,0,100,0,0,0,0,0,0,0,0,0,0,0,0,0,0,0,0,0,0,0,0,0,0,0,0,0,0,0,0,0,0,155852.77740478516,72855.33813476563,0,67221336064,8589930496,2047082496,252059648
200,1727561671788,1100,1135,933,800,1100,800,1100,800,799,799,800,800,800,800,800,799,812,800,799,865,799,799,800,800,800,799,800,1018,2390,1249,1101,800,0,0,100,0,0,0,0,0,0,0,0,0,0,0,0,0,0,0,0,0,0,0,0,0,0,0,0,0,0,0,0,0,0,155863.15924072266,72864.03631591797,0,67221336064,8589930496,2047082496,252059648
200,1727561671989,1100,1135,933,800,1100,800,1100,800,799,799,800,800,800,800,800,799,812,800,799,865,799,799,800,800,800,799,800,1018,2390,1249,1101,800,0,0,100,0,0,0,0,0,0,0,0,0,0,0,0,0,0,0,0,0,0,0,0,0,0,0,0,0,0,0,0,0,0,155873.59399414063,72872.78594970703,0,67221336064,8589930496,2047082496,252059648
200,1727561672189,1100,1135,933,800,1100,800,1100,800,799,799,800,800,800,800,800,799,812,800,799,865,799,799,800,800,800,799,800,1018,2390,1249,1101,800,0,0,100,0,0,0,0,0,0,0,0,0,0,0,0,0,0,0,0,0,0,0,0,0,0,0,0,0,0,0,0,0,0,155884.0518798828,72881.54779052734,0,67221336064,8589930496,2039152640,252059648
200,1727561672389,1100,1135,933,800,1100,800,1100,800,799,799,800,800,800,800,800,799,812,800,799,865,799,799,800,800,800,799,800,1018,2390,1249,1101,800,0,0,100,0,0,0,0,0,0,0,0,0,0,0,0,0,0,0,0,0,0,0,0,0,0,0,0,0,0,0,0,0,0,155894.48559570313,72890.29791259766,0,67221336064,8589930496,2039152640,252059648
200,1727561672589,1100,1135,933,800,1100,800,1100,800,799,799,800,800,800,800,800,799,812,800,799,865,799,799,800,800,800,799,800,1018,2390,1249,1101,800,0,0,100,0,0,0,0,0,0,0,0,0,0,0,0,0,0,0,0,0,0,0,0,0,0,0,0,0,0,0,0,0,0,155904.95922851563,72899.0786743164,0,67221336064,8589930496,2039152640,252059648
200,1727561672789,1100,1135,933,800,1100,800,1100,800,799,799,800,800,800,800,800,799,812,800,799,865,799,799,800,800,800,799,800,1018,2390,1249,1101,800,0,0,100,0,0,0,0,0,0,0,0,0,0,0,0,0,0,0,0,0,0,0,0,0,0,0,0,0,0,0,0,0,0,155915.35803222656,72907.78491210938,0,67221336064,8589930496,2039152640,252059648
200,1727561672989,1100,1135,933,800,1100,800,1100,800,799,799,800,800,800,800,800,799,812,800,799,865,799,799,800,800,800,799,800,1018,2390,1249,1101,800,0,0,100,0,0,0,0,0,0,0,0,0,0,0,0,0,0,0,0,0,0,0,0,0,0,0,0,0,0,0,0,0,0,155925.80169677734,72916.53649902344,0,67221336064,8589930496,2039083008,252059648
200,1727561673189,1100,1135,933,800,1100,800,1100,800,799,799,800,800,800,800,800,799,812,800,799,865,799,799,800,800,800,799,800,1018,2390,1249,1101,800,0,0,100,0,0,0,0,0,0,0,0,0,0,0,0,0,0,0,0,0,0,0,0,0,0,0,0,0,0,0,0,0,0,155936.2303466797,72925.2816772461,0,67221336064,8589930496,2031153152,252059648
200,1727561673389,1100,1135,933,800,1100,800,1100,800,799,799,800,800,800,800,800,799,812,800,799,865,799,799,800,800,800,799,800,1018,2390,1249,1101,800,0,0,100,0,0,0,0,0,0,0,0,0,0,0,0,0,0,0,0,0,0,0,0,0,0,0,0,0,0,0,0,0,0,155946.74060058594,72934.10943603516,0,67221336064,8589930496,2047082496,252059648
200,1727561673589,1100,1135,933,800,1100,800,1100,800,799,799,800,800,800,800,800,799,812,800,799,865,799,799,800,800,800,799,800,1018,2390,1249,1101,800,0,0,100,0,0,0,0,0,0,0,0,0,0,0,0,0,0,0,0,0,0,0,0,0,0,0,0,0,0,0,0,0,0,155957.13775634766,72942.82110595703,0,67221336064,8589930496,2047082496,252059648
200,1727561673789,1100,1135,933,800,1100,800,1100,800,799,799,800,800,800,800,800,799,812,800,799,865,799,799,800,800,800,799,800,1018,2390,1249,1101,800,0,0,100,0,0,0,0,0,0,0,0,0,0,0,0,0,0,0,0,0,0,0,0,0,0,0,0,0,0,0,0,0,0,155967.52862548828,72951.5278930664,0,67221336064,8589930496,2047082496,252059648
200,1727561673990,1100,1135,933,800,1100,800,1100,800,799,799,800,800,800,800,800,799,812,800,799,865,799,799,800,800,800,799,800,1018,2390,1249,1101,800,0,0,100,0,0,0,0,0,0,0,0,0,0,0,0,0,0,0,0,0,0,0,0,0,0,0,0,0,0,0,0,0,0,155977.97271728516,72960.2875366211,0,67221336064,8589930496,2047082496,252059648
200,1727561674190,1100,1135,933,800,1100,800,1100,800,799,799,800,800,800,800,800,799,812,800,799,865,799,799,800,800,800,799,800,1018,2390,1249,1101,800,0,0,100,0,0,0,0,0,0,0,0,0,0,0,0,0,0,0,0,0,0,0,0,0,0,0,0,0,0,0,0,0,0,155988.4356689453,72969.0521850586,0,67221336064,8589930496,2030727168,252059648
200,1727561674390,1100,1135,933,800,1100,800,1100,800,799,799,800,800,800,800,800,799,812,800,799,865,799,799,800,800,800,799,800,1018,2390,1249,1101,800,0,0,100,0,0,0,0,0,0,0,0,0,0,0,0,0,0,0,0,0,0,0,0,0,0,0,0,0,0,0,0,0,0,155998.83807373047,72977.77520751953,0,67221336064,8589930496,2046824448,252059648
200,1727561674590,1100,1135,933,800,1100,800,1100,800,799,799,800,800,800,800,800,799,812,800,799,865,799,799,800,800,800,799,800,1018,2390,1249,1101,800,0,0,100,0,0,0,0,0,0,0,0,4.761904716491699,0,0,0,0,0,0,0,0,0,0,0,0,0,0,0,0,0,0,0,0,0,156009.4037475586,72986.64404296875,0,67221336064,8589930496,2047074304,252059648
200,1727561674790,1100,1135,933,800,1100,800,1100,800,799,799,800,800,800,800,800,799,812,800,799,865,799,799,800,800,800,799,800,1018,2390,1249,1101,800,0,0,100,0,0,0,0,0,0,0,4.761904716491699,0,0,0,0,0,0,0,0,0,0,0,0,0,0,0,0,0,0,0,0,0,0,156020.04858398438,72995.5962524414,0,67221336064,8589930496,2047074304,252059648
200,1727561674990,1100,1135,933,800,1100,800,1100,800,799,799,800,800,800,800,800,799,812,800,799,865,799,799,800,800,800,799,800,1018,2390,1249,1101,800,0,0,100,0,0,0,0,0,0,0,0,0,0,0,0,0,0,0,0,0,0,0,0,0,0,0,0,0,0,0,0,0,0,156030.53240966797,73004.3901977539,0,67221336064,8589930496,2047074304,252059648
200,1727561675190,1100,1135,933,800,1100,800,1100,800,799,799,800,800,800,800,800,799,812,800,799,865,799,799,800,800,800,799,800,1018,2390,1249,1101,800,0,0,100,0,0,0,0,0,0,0,0,0,0,0,0,0,0,0,0,0,0,0,0,0,0,0,0,0,0,0,0,0,0,156040.98559570313,73013.15063476563,0,67221336064,8589930496,2039144448,252059648
200,1727561675390,1100,1135,933,800,1100,800,1100,800,799,799,800,800,800,800,800,799,812,800,799,865,799,799,800,800,800,799,800,1018,2390,1249,1101,800,4.761904716491699,0,100,0,0,0,0,0,0,0,0,0,0,0,0,0,0,0,0,0,0,0,0,0,0,0,0,0,0,0,4.761904716491699,0,0,156051.5357055664,73022.01727294922,0,67221336064,8589930496,2039144448,252059648
200,1727561675590,1100,1135,933,800,1100,800,1100,800,799,799,800,800,800,800,800,799,812,800,799,865,799,799,800,800,800,799,800,1018,2390,1249,1101,800,0,0,100,0,0,0,0,0,0,0,0,0,0,0,0,0,0,0,0,0,0,0,0,0,0,0,0,0,0,0,0,0,0,156061.9376220703,73030.7339477539,0,67221336064,8589930496,2039144448,252059648
200,1727561675790,1100,1135,933,800,1100,800,1100,800,799,799,800,800,800,800,800,799,812,800,799,865,799,799,800,800,800,799,800,1018,2390,1249,1101,800,0,0,100,0,0,0,0,0,0,0,0,0,0,0,0,0,0,0,0,0,0,0,0,0,0,0,0,0,0,0,0,0,0,156072.38439941406,73039.49609375,0,67221336064,8589930496,2039144448,252059648
200,1727561675991,1100,1135,933,800,1100,800,1100,800,799,799,800,800,800,800,800,799,812,800,799,865,799,799,800,800,800,799,800,1018,2390,1249,1101,800,0,0,100,0,0,0,0,0,0,0,0,0,0,0,0,0,0,0,0,0,0,0,0,0,0,0,0,0,0,0,0,0,0,156082.75708007813,73048.1845703125,0,67221336064,8589930496,2039590912,252059648
200,1727561676191,1100,1135,933,800,1100,800,1100,800,799,799,800,800,800,800,800,799,812,800,799,865,799,799,800,800,800,799,800,1018,2390,1249,1101,800,0,0,100,0,0,0,0,0,0,0,0,0,0,0,0,0,0,0,0,0,0,0,0,0,0,0,0,0,0,0,0,0,0,156093.29376220703,73057.03479003906,0,67221336064,8589930496,2031661056,252059648
200,1727561676391,1100,1135,933,800,1100,800,1100,800,799,799,800,800,800,800,800,799,812,800,799,865,799,799,800,800,800,799,800,1018,2390,1249,1101,800,0,0,100,0,0,0,0,0,0,0,0,0,0,0,0,0,0,0,0,0,0,0,0,0,0,0,0,0,0,0,0,0,0,156103.7066040039,73065.76452636719,0,67221336064,8589930496,2039332864,252059648
200,1727561676591,1100,1135,933,800,1100,800,1100,800,799,799,800,800,800,800,800,799,812,800,799,865,799,799,800,800,800,799,800,1018,2390,1249,1101,800,0,0,100,0,0,0,0,0,0,0,0,0,0,0,0,0,0,0,0,0,0,0,0,0,0,0,0,0,0,0,0,0,0,156114.1563720703,73074.52227783203,0,67221336064,8589930496,2039332864,252059648
200,1727561676791,1100,1135,933,800,1100,800,1100,800,799,799,800,800,800,800,800,799,812,800,799,865,799,799,800,800,800,799,800,1018,2390,1249,1101,800,0,0,100,0,0,0,0,0,0,0,0,0,0,0,0,0,0,0,0,0,0,0,0,0,0,0,0,0,0,0,0,0,0,156124.55841064453,73083.23553466797,0,67221336064,8589930496,2039332864,252059648
200,1727561676991,1100,1135,933,800,1100,800,1100,800,799,799,800,800,800,800,800,799,812,800,799,865,799,799,800,800,800,799,800,1018,2390,1249,1101,800,0,0,100,0,0,0,0,0,0,0,0,0,0,0,0,0,0,0,0,0,0,0,0,0,0,0,0,0,0,0,0,0,0,156135.0219116211,73092.01379394531,0,67221336064,8589930496,2039332864,252059648
200,1727561677191,1100,1135,933,800,1100,800,1100,800,799,799,800,800,800,800,800,799,812,800,799,865,799,799,800,800,800,799,800,1018,2390,1249,1101,800,0,0,100,0,0,0,0,0,0,0,0,0,0,0,0,0,0,0,0,0,0,0,0,0,0,0,0,0,0,0,0,0,0,156145.50659179688,73100.8115234375,0,67221336064,8589930496,2031403008,252059648
199,1727561677391,1100,1135,933,800,1100,800,1100,800,799,799,800,800,800,800,800,799,812,800,799,865,799,799,800,800,800,799,800,1018,2390,1249,1101,800,0,0,100,0,0,0,0,0,0,0,0,0,0,0,0,0,0,0,0,0,0,0,0,0,0,0,0,0,0,0,0,0,0,156156.0513305664,73109.6714477539,0,67221336064,8589930496,2047332352,252059648
200,1727561677591,1100,1135,933,800,1100,800,1100,800,799,799,800,800,800,800,800,799,812,800,799,865,799,799,800,800,800,799,800,1018,2390,1249,1101,800,0,0,100,0,0,0,0,0,0,0,0,0,0,0,0,0,0,0,0,0,0,0,0,0,0,0,0,0,0,0,0,0,0,156166.4526977539,73118.37890625,0,67221336064,8589930496,2047328256,252059648
200,1727561677791,1100,1135,933,800,1100,800,1100,800,799,799,800,800,800,800,800,799,812,800,799,865,799,799,800,800,800,799,800,1018,2390,1249,1101,800,0,0,100,0,0,0,0,0,0,0,0,0,0,0,0,0,0,0,0,0,0,0,0,0,0,0,0,0,0,0,0,0,0,156176.94873046875,73127.1869506836,0,67221336064,8589930496,2047328256,252059648
200,1727561677991,1100,1135,933,800,1100,800,1100,800,799,799,800,800,800,800,800,799,812,800,799,865,799,799,800,800,800,799,800,1018,2390,1249,1101,800,0,0,100,0,0,0,0,0,0,0,0,0,0,0,0,0,0,0,0,0,0,0,0,0,0,0,0,0,0,0,0,0,0,156187.40240478516,73135.9560546875,0,67221336064,8589930496,2047328256,252059648
200,1727561678192,1100,1135,933,800,1100,800,1100,800,799,799,800,800,800,800,800,799,812,800,799,865,799,799,800,800,800,799,800,1018,2390,1249,1101,800,0,0,100,0,0,0,0,0,0,0,0,0,0,0,0,0,0,0,0,0,0,0,0,0,0,0,0,0,0,0,0,0,0,156197.8077392578,73144.67694091797,0,67221336064,8589930496,2030972928,252059648
200,1727561678392,1100,1135,933,800,1100,800,1100,800,799,799,800,800,800,800,800,799,812,800,799,865,799,799,800,800,800,799,800,1018,2390,1249,1101,800,0,0,100,0,0,0,0,0,0,0,0,0,0,0,0,0,0,0,0,0,0,0,0,0,0,0,0,0,0,0,0,0,0,156208.33666992188,73153.51208496094,0,67221336064,8589930496,2047070208,252059648
200,1727561678592,1100,1135,933,800,1100,800,1100,800,799,799,800,800,800,800,800,799,812,800,799,865,799,799,800,800,800,799,800,1018,2390,1249,1101,800,0,0,100,0,0,0,0,0,0,0,0,0,0,0,0,0,0,0,0,0,0,0,0,0,0,0,0,0,0,0,0,0,0,156218.80926513672,73162.23889160156,0,67221336064,8589930496,2047070208,252059648
200,1727561678792,1100,1135,933,800,1100,800,1100,800,799,799,800,800,800,800,800,799,812,800,799,865,799,799,800,800,800,799,800,1018,2390,1249,1101,800,0,0,100,0,0,0,0,0,0,0,0,0,0,0,0,0,0,0,0,0,0,0,0,0,0,0,0,0,0,0,0,0,0,156229.1841430664,73170.98022460938,0,67221336064,8589930496,2047070208,252059648
200,1727561678992,1100,1135,933,800,1100,800,1100,800,799,799,800,800,800,800,800,799,812,800,799,865,799,799,800,800,800,799,800,1018,2390,1249,1101,800,0,0,100,0,0,0,0,0,0,0,0,0,0,0,0,0,0,0,0,0,0,0,0,0,0,0,0,0,0,0,0,0,0,156239.65911865234,73179.77117919922,0,67221336064,8589930496,2047070208,252059648
200,1727561679192,1100,1135,933,800,1100,800,1100,800,799,799,800,800,800,800,800,799,812,800,799,865,799,799,800,800,800,799,800,1018,2390,1249,1101,800,0,0,100,0,0,0,0,0,0,0,0,0,0,0,0,0,0,0,0,0,0,0,0,0,0,0,0,0,0,0,0,0,0,156250.20989990234,73188.63610839844,0,67221336064,8589930496,2039140352,252059648
200,1727561679392,1100,1135,933,800,1100,800,1100,800,799,799,800,800,800,800,800,799,812,800,799,865,799,799,800,800,800,799,800,1018,2390,1249,1101,800,0,0,100,0,0,0,0,0,0,0,0,0,0,0,0,0,0,0,0,0,0,0,0,0,0,0,0,0,0,0,0,0,0,156260.8055419922,73197.54577636719,0,67221336064,8589930496,2039140352,252059648
200,1727561679592,1100,1135,933,800,1100,800,1100,800,799,799,800,800,800,800,800,799,812,800,799,865,799,799,800,800,800,799,800,1018,2390,1249,1101,800,0,0,100,0,0,0,0,0,0,0,0,0,0,0,0,0,0,0,0,0,0,0,0,0,0,0,0,0,0,0,0,0,0,156271.26483154297,73206.32189941406,0,67221336064,8589930496,2039140352,252059648
200,1727561679792,1100,1135,933,800,1100,800,1100,800,799,799,800,800,800,800,800,799,812,800,799,865,799,799,800,800,800,799,800,1018,2390,1249,1101,800,0,0,100,0,0,0,0,0,0,0,0,0,0,0,0,0,0,0,0,0,0,0,0,0,0,0,0,0,0,0,0,0,0,156281.66485595703,73215.03674316406,0,67221336064,8589930496,2039140352,252059648
200,1727561679992,1100,1135,933,800,1100,800,1100,800,799,799,800,800,800,800,800,799,812,800,799,865,799,799,800,800,800,799,800,1018,2390,1249,1101,800,0,0,100,0,0,0,0,0,0,0,0,0,0,0,0,0,0,0,0,0,0,0,0,0,0,0,0,0,0,0,0,0,0,156292.22930908203,73223.91662597656,0,67221336064,8589930496,2039586816,252059648
200,1727561680193,1100,1135,933,800,1100,800,1100,800,799,799,800,800,800,800,800,799,812,800,799,865,799,799,800,800,800,799,800,1018,2390,1249,1101,800,0,0,100,0,0,0,0,0,0,0,0,0,0,0,0,0,0,0,0,0,0,0,0,0,0,0,0,0,0,0,0,0,0,156302.70935058594,73232.71411132813,0,67221336064,8589930496,2031656960,252059648
200,1727561680393,1100,1135,933,800,1100,800,1100,800,799,799,800,800,800,800,800,799,812,800,799,865,799,799,800,800,800,799,800,1018,2390,1249,1101,800,0,0,100,0,0,0,0,0,0,0,0,0,0,0,0,0,0,0,0,0,0,0,0,0,0,0,0,0,0,0,0,0,0,156313.2095336914,73241.52233886719,0,67221336064,8589930496,2039328768,252059648
200,1727561680593,1100,1135,933,800,1100,800,1100,800,799,799,800,800,800,800,800,799,812,800,799,865,799,799,800,800,800,799,800,1018,2390,1249,1101,800,0,0,100,0,0,0,0,0,0,0,0,0,0,0,0,0,0,0,0,0,0,0,0,0,0,0,0,0,0,0,0,0,0,156323.53155517578,73250.16967773438,0,67221336064,8589930496,2039328768,252059648
200,1727561680793,1100,1135,933,800,1100,800,1100,800,799,799,800,800,800,800,800,799,812,800,799,865,799,799,800,800,800,799,800,1018,2390,1249,1101,800,0,0,100,0,0,0,0,0,0,0,0,0,0,0,0,0,0,0,0,0,0,0,0,0,0,0,0,0,0,0,0,0,0,156334.0145263672,73258.95928955078,0,67221336064,8589930496,2039328768,252059648
200,1727561680993,1100,1135,933,800,1100,800,1100,800,799,799,800,800,800,800,800,799,812,800,799,865,799,799,800,800,800,799,800,1018,2390,1249,1101,800,0,0,100,0,0,0,0,0,0,0,0,0,0,0,0,0,0,0,0,0,0,0,0,0,0,0,0,0,0,0,0,0,0,156344.41796875,73267.67956542969,0,67221336064,8589930496,2039328768,252059648
200,1727561681193,1100,1135,933,800,1100,800,1100,800,799,799,800,800,800,800,800,799,812,800,799,865,799,799,800,800,800,799,800,1018,2390,1249,1101,800,0,0,100,0,0,0,0,0,0,0,0,0,0,0,0,0,0,0,0,0,0,0,0,0,0,0,0,0,0,0,0,0,0,156354.82849121094,73276.4087524414,0,67221336064,8589930496,2031398912,252059648
200,1727561681393,1100,1135,933,800,1100,800,1100,800,799,799,800,800,800,800,800,799,812,800,799,865,799,799,800,800,800,799,800,1018,2390,1249,1101,800,0,0,100,0,0,0,0,0,0,0,0,0,0,0,0,0,0,0,0,0,0,0,0,0,0,0,0,0,0,0,0,0,0,156365.3412475586,73285.23986816406,0,67221336064,8589930496,2047328256,252059648
200,1727561681593,1100,1135,933,800,1100,800,1100,800,799,799,800,800,800,800,800,799,812,800,799,865,799,799,800,800,800,799,800,1018,2390,1249,1101,800,0,0,100,0,0,0,0,0,0,0,0,0,0,0,0,0,0,0,0,0,0,0,0,0,0,0,0,0,0,0,0,0,0,156375.72705078125,73293.94274902344,0,67221336064,8589930496,2047328256,252059648
200,1727561681793,1100,1135,933,800,1100,800,1100,800,799,799,800,800,800,800,800,799,812,800,799,865,799,799,800,800,800,799,800,1018,2390,1249,1101,800,0,0,100,0,0,0,0,0,0,0,0,0,0,0,0,0,0,0,0,0,0,0,0,0,0,0,0,0,0,0,0,0,0,156386.15631103516,73302.68768310547,0,67221336064,8589930496,2047328256,252059648
200,1727561681994,1100,1135,933,800,1100,800,1100,800,799,799,800,800,800,800,800,799,812,800,799,865,799,799,800,800,800,799,800,1018,2390,1249,1101,800,0,0,100,0,0,0,0,0,0,0,0,0,0,0,0,0,0,0,0,0,0,0,0,0,0,0,0,0,0,0,0,0,0,156396.54541015625,73311.38366699219,0,67221336064,8589930496,2047328256,252059648
200,1727561682194,1100,1135,933,800,1100,800,1100,800,799,799,800,800,800,800,800,799,812,800,799,865,799,799,800,800,800,799,800,1018,2390,1249,1101,800,0,0,100,0,0,0,0,0,0,0,0,0,0,0,0,0,0,0,0,0,0,0,0,0,0,0,0,0,0,0,0,0,0,156407.02813720703,73320.16857910156,0,67221336064,8589930496,2030972928,252059648
200,1727561682394,1100,1135,933,800,1100,800,1100,800,799,799,800,800,800,800,800,799,812,800,799,865,799,799,800,800,800,799,800,1018,2390,1249,1101,800,0,0,100,0,0,0,0,0,0,0,0,0,0,0,0,0,0,0,0,0,0,0,0,0,0,0,0,0,0,0,0,0,0,156417.47393798828,73328.93743896484,0,67221336064,8589930496,2047070208,252059648
200,1727561682594,1100,1135,933,800,1100,800,1100,800,799,799,800,800,800,800,800,799,812,800,799,865,799,799,800,800,800,799,800,1018,2390,1249,1101,800,0,0,100,0,0,0,0,0,0,0,0,0,0,0,0,0,0,0,0,0,0,0,0,0,0,0,0,0,0,0,0,0,0,156427.88317871094,73337.65399169922,0,67221336064,8589930496,2047070208,252059648
200,1727561682794,1100,1135,933,800,1100,800,1100,800,799,799,800,800,800,800,800,799,812,800,799,865,799,799,800,800,800,799,800,1018,2390,1249,1101,800,0,0,100,0,0,0,0,0,0,0,0,0,0,0,0,0,0,0,0,0,0,0,0,0,0,0,0,0,0,0,0,0,0,156438.36376953125,73346.43377685547,0,67221336064,8589930496,2047070208,252059648
200,1727561682994,1100,1135,933,800,1100,800,1100,800,799,799,800,800,800,800,800,799,812,800,799,865,799,799,800,800,800,799,800,1018,2390,1249,1101,800,0,0,100,0,0,0,0,0,0,0,0,0,0,0,0,0,0,0,0,0,0,0,0,0,0,0,0,0,0,0,0,0,0,156448.74090576172,73355.13012695313,0,67221336064,8589930496,2047070208,252059648
200,1727561683194,1100,1135,933,800,1100,800,1100,800,799,799,800,800,800,800,800,799,812,800,799,865,799,799,800,800,800,799,800,1018,2390,1249,1101,800,0,0,100,0,0,0,0,0,0,0,0,0,0,0,0,0,0,0,0,0,0,0,0,0,0,0,0,0,0,0,0,0,0,156459.2525024414,73363.95642089844,0,67221336064,8589930496,2039140352,252059648
200,1727561683394,1100,1135,933,800,1100,800,1100,800,799,799,800,800,800,800,800,799,812,800,799,865,799,799,800,800,800,799,800,1018,2390,1249,1101,800,0,0,100,0,0,0,0,0,0,0,0,0,0,0,0,0,0,0,0,0,0,0,0,0,0,0,0,0,0,0,0,0,0,156469.71948242188,73372.73504638672,0,67221336064,8589930496,2039140352,252059648
200,1727561683594,1100,1135,933,800,1100,800,1100,800,799,799,800,800,800,800,800,799,812,800,799,865,799,799,800,800,800,799,800,1018,2390,1249,1101,800,0,0,100,0,0,0,0,0,0,0,0,0,0,0,0,0,0,0,0,0,0,0,0,0,0,0,0,0,0,0,0,0,0,156480.1782836914,73381.50567626953,0,67221336064,8589930496,2039140352,252059648
200,1727561683794,1100,1135,933,800,1100,800,1100,800,799,799,800,800,800,800,800,799,812,800,799,865,799,799,800,800,800,799,800,1018,2390,1249,1101,800,0,0,100,0,0,0,0,0,0,0,0,0,0,0,0,0,0,0,0,0,0,0,0,0,0,0,0,0,0,0,0,0,0,156490.56939697266,73390.21228027344,0,67221336064,8589930496,2039140352,252059648
200,1727561683995,1100,1135,933,800,1100,800,1100,800,799,799,800,800,800,800,800,799,812,800,799,865,799,799,800,800,800,799,800,1018,2390,1249,1101,800,0,0,100,0,0,0,0,0,0,0,0,0,0,0,0,0,0,0,0,0,0,0,0,0,0,0,0,0,0,0,0,0,0,156500.97631835938,73398.93896484375,0,67221336064,8589930496,2039586816,252059648
200,1727561684195,1100,1135,933,800,1100,800,1100,800,799,799,800,800,800,800,800,799,812,800,799,865,799,799,800,800,800,799,800,1018,2390,1249,1101,800,0,0,100,0,0,0,0,0,0,0,0,0,0,0,0,0,0,0,0,0,0,0,0,0,0,0,0,0,0,0,0,0,0,156511.36657714844,73407.6469116211,0,67221336064,8589930496,2031656960,252059648
200,1727561684395,1100,1135,933,800,1100,800,1100,800,799,799,800,800,800,800,800,799,812,800,799,865,799,799,800,800,800,799,800,1018,2390,1249,1101,800,0,0,100,0,0,0,0,0,0,0,0,0,0,0,0,0,0,0,0,0,0,0,0,0,0,0,0,0,0,0,0,0,0,156521.8377685547,73416.43359375,0,67221336064,8589930496,2039328768,252059648
200,1727561684595,1100,1135,933,800,1100,800,1100,800,799,799,800,800,800,800,800,799,812,800,799,865,799,799,800,800,800,799,800,1018,2390,1249,1101,800,0,0,100,0,0,0,0,0,0,0,0,0,0,0,0,0,0,0,0,0,0,0,0,0,0,0,0,0,0,0,0,0,0,156532.32794189453,73425.23071289063,0,67221336064,8589930496,2039328768,252059648
200,1727561684795,1100,1135,933,800,1100,800,1100,800,799,799,800,800,800,800,800,799,812,800,799,865,799,799,800,800,800,799,800,1018,2390,1249,1101,800,0,0,100,0,0,0,0,0,0,0,0,0,0,0,0,0,0,0,0,0,0,0,0,0,0,0,0,0,0,0,0,0,0,156542.6781616211,73433.89935302734,0,67221336064,8589930496,2039328768,252059648
200,1727561684995,1100,1135,933,800,1100,800,1100,800,799,799,800,800,800,800,800,799,812,800,799,865,799,799,800,800,800,799,800,1018,2390,1249,1101,800,0,0,100,0,0,0,0,0,0,0,0,0,0,0,0,0,0,0,0,0,0,0,0,0,0,0,0,0,0,0,0,0,0,156553.09771728516,73442.63708496094,0,67221336064,8589930496,2039328768,252059648
200,1727561685195,1100,1135,933,800,1100,800,1100,800,799,799,800,800,800,800,800,799,812,800,799,865,799,799,800,800,800,799,800,1018,2390,1249,1101,800,0,0,100,0,0,0,0,0,0,0,0,0,0,0,0,0,0,0,0,0,0,0,0,0,0,0,0,0,0,0,0,0,0,156563.6875,73451.52893066406,0,67221336064,8589930496,2031398912,252059648
200,1727561685395,1100,1135,933,800,1100,800,1100,800,799,799,800,800,800,800,800,799,812,800,799,865,799,799,800,800,800,799,800,1018,2390,1249,1101,800,0,0,100,0,0,0,0,0,0,0,0,0,0,0,0,0,0,0,0,0,0,0,0,0,0,0,0,0,0,0,0,0,0,156574.08251953125,73460.24194335938,0,67221336064,8589930496,2047328256,252059648
200,1727561685595,1100,1135,933,800,1100,800,1100,800,799,799,800,800,800,800,800,799,812,800,799,865,799,799,800,800,800,799,800,1018,2390,1249,1101,800,0,0,100,0,0,0,0,0,0,0,0,0,0,0,0,0,0,0,0,0,0,0,0,0,0,0,0,0,0,0,0,0,0,156584.5009765625,73468.97509765625,0,67221336064,8589930496,2047328256,252059648
200,1727561685796,1100,1135,933,800,1100,800,1100,800,799,799,800,800,800,800,800,799,812,800,799,865,799,799,800,800,800,799,800,1018,2390,1249,1101,800,0,0,100,0,0,0,0,0,0,0,0,0,0,0,0,0,0,0,0,0,0,0,0,0,0,0,0,0,0,0,0,0,0,156594.92517089844,73477.71057128906,0,67221336064,8589930496,2047328256,252059648
200,1727561685996,1100,1135,933,800,1100,800,1100,800,799,799,800,800,800,800,800,799,812,800,799,865,799,799,800,800,800,799,800,1018,2390,1249,1101,800,0,0,100,0,0,0,0,0,0,0,0,0,0,0,0,0,0,0,0,0,0,0,0,0,0,0,0,0,0,0,0,0,0,156605.45294189453,73486.54809570313,0,67221336064,8589930496,2030972928,252059648
200,1727561686196,1100,1135,933,800,1100,800,1100,800,799,799,800,800,800,800,800,799,812,800,799,865,799,799,800,800,800,799,800,1018,2390,1249,1101,800,0,0,100,0,0,0,0,0,0,0,0,0,0,0,0,0,0,0,0,0,0,0,0,0,0,0,0,0,0,0,0,0,0,156615.8924560547,73495.29321289063,0,67221336064,8589930496,2047070208,252059648
200,1727561686396,1100,1135,933,800,1100,800,1100,800,799,799,800,800,800,800,800,799,812,800,799,865,799,799,800,800,800,799,800,1018,2390,1249,1101,800,0,0,100,0,0,0,0,0,0,0,0,0,0,0,0,0,0,0,0,0,0,0,0,0,0,0,0,0,0,0,0,0,0,156626.39556884766,73504.1049194336,0,67221336064,8589930496,2047070208,252059648
200,1727561686596,1100,1135,933,800,1100,800,1100,800,799,799,800,800,800,800,800,799,812,800,799,865,799,799,800,800,800,799,800,1018,2390,1249,1101,800,0,0,100,0,0,0,0,0,0,0,0,0,0,0,0,0,0,0,0,0,0,0,0,0,0,0,0,0,0,0,0,0,0,156636.78826904297,73512.81414794922,0,67221336064,8589930496,2047070208,252059648
200,1727561686796,1100,1135,933,800,1100,800,1100,800,799,799,800,800,800,800,800,799,812,800,799,865,799,799,800,800,800,799,800,1018,2390,1249,1101,800,0,0,100,0,0,0,0,0,0,0,0,0,0,0,0,0,0,0,0,0,0,0,0,0,0,0,0,0,0,0,0,0,0,156647.27178955078,73521.6015625,0,67221336064,8589930496,2047070208,252059648
200,1727561686996,1100,1135,933,800,1100,800,1100,800,799,799,800,800,800,800,800,799,812,800,799,865,799,799,800,800,800,799,800,1018,2390,1249,1101,800,0,0,100,0,0,0,0,0,0,0,0,0,0,0,0,0,0,0,0,0,0,0,0,0,0,0,0,0,0,0,0,0,0,156657.67700195313,73530.32305908203,0,67221336064,8589930496,2047070208,252059648
200,1727561687196,1100,1135,933,800,1100,800,1100,800,799,799,800,800,800,800,800,799,812,800,799,865,799,799,800,800,800,799,800,1018,2390,1249,1101,800,0,0,100,0,0,0,0,0,0,0,0,0,0,0,0,0,0,0,0,0,0,0,0,0,0,0,0,0,0,0,0,0,0,156668.15759277344,73539.1157836914,0,67221336064,8589930496,2039140352,252059648
200,1727561687396,1100,1135,933,800,1100,800,1100,800,799,799,800,800,800,800,800,799,812,800,799,865,799,799,800,800,800,799,800,1018,2390,1249,1101,800,0,0,100,0,0,0,0,0,0,0,0,0,0,0,0,0,0,0,0,0,0,0,0,0,0,0,0,0,0,0,0,0,0,156678.60247802734,73547.87707519531,0,67221336064,8589930496,2039140352,252059648
200,1727561687596,1100,1135,933,800,1100,800,1100,800,799,799,800,800,800,800,800,799,812,800,799,865,799,799,800,800,800,799,800,1018,2390,1249,1101,800,0,0,100,0,0,0,0,0,0,0,0,0,0,0,0,0,0,0,0,0,0,0,0,0,0,0,0,0,0,0,0,0,0,156689.01824951172,73556.60382080078,0,67221336064,8589930496,2039140352,252059648
200,1727561687796,1100,1135,933,800,1100,800,1100,800,799,799,800,800,800,800,800,799,812,800,799,865,799,799,800,800,800,799,800,1018,2390,1249,1101,800,0,0,100,0,0,0,0,0,0,0,0,0,0,0,0,0,0,0,0,0,0,0,0,0,0,0,0,4.761904716491699,0,0,0,0,0,156699.4473876953,73565.34973144531,0,67221336064,8589930496,2039140352,252059648
200,1727561687997,1100,1135,933,800,1100,800,1100,800,799,799,800,800,800,800,800,799,812,800,799,865,799,799,800,800,800,799,800,1018,2390,1249,1101,800,0,0,100,0,0,0,0,0,0,0,0,0,0,0,0,0,0,0,0,0,0,0,0,0,0,0,0,0,0,0,0,0,0,156709.89111328125,73574.11120605469,0,67221336064,8589930496,2039586816,252059648
200,1727561688197,1100,1135,933,800,1100,800,1100,800,799,799,800,800,800,800,800,799,812,800,799,865,799,799,800,800,800,799,800,1018,2390,1249,1101,800,0,0,100,0,0,0,0,0,0,0,0,0,0,0,0,0,0,0,0,0,0,0,0,0,0,0,0,0,0,0,0,0,0,156720.33630371094,73582.86743164063,0,67221336064,8589930496,2031656960,252059648
200,1727561688397,1100,1135,933,800,1100,800,1100,800,799,799,800,800,800,800,800,799,812,800,799,865,799,799,800,800,800,799,800,1018,2390,1249,1101,800,0,0,100,0,0,0,0,0,0,0,0,0,0,0,0,0,0,0,0,0,0,0,0,0,0,0,0,0,0,0,0,0,0,156730.87213134766,73591.70959472656,0,67221336064,8589930496,2039296000,252059648
200,1727561688597,1100,1135,933,800,1100,800,1100,800,799,799,800,800,800,800,800,799,812,800,799,865,799,799,800,800,800,799,800,1018,2390,1249,1101,800,0,0,100,0,0,0,0,0,0,0,0,0,0,0,0,0,0,0,0,0,0,0,0,0,0,0,0,0,0,0,0,0,0,156741.23901367188,73600.39807128906,0,67221336064,8589930496,2039296000,252059648
200,1727561688797,1100,1135,933,800,1100,800,1100,800,799,799,800,800,800,800,800,799,812,800,799,865,799,799,800,800,800,799,800,1018,2390,1249,1101,800,0,0,100,0,0,0,0,0,0,0,0,0,0,0,0,0,0,0,0,0,0,0,0,0,0,0,0,0,0,0,0,0,0,156751.67645263672,73609.14575195313,0,67221336064,8589930496,2039296000,252059648
200,1727561688997,1100,1135,933,800,1100,800,1100,800,799,799,800,800,800,800,800,799,812,800,799,865,799,799,800,800,800,799,800,1018,2390,1249,1101,800,0,0,100,0,0,0,0,0,0,0,0,0,0,0,0,0,0,0,0,0,0,0,0,0,0,0,0,0,0,0,0,0,0,156762.13671875,73617.91412353516,0,67221336064,8589930496,2031366144,252059648
200,1727561689197,1100,1135,933,800,1100,800,1100,800,799,799,800,800,800,800,800,799,812,800,799,865,799,799,800,800,800,799,800,1018,2390,1249,1101,800,0,0,100,0,0,0,0,0,0,0,0,0,0,0,0,0,0,0,0,0,0,0,0,0,0,0,0,0,0,0,0,0,0,156772.55633544922,73626.65130615234,0,67221336064,8589930496,2047295488,252059648
200,1727561689397,1100,1135,933,800,1100,800,1100,800,799,799,800,800,800,800,800,799,812,800,799,865,799,799,800,800,800,799,800,1018,2390,1249,1101,800,0,0,100,0,0,0,0,0,0,0,0,0,0,0,0,0,0,0,0,0,0,0,0,0,0,0,0,0,0,0,0,0,0,156783.0189819336,73635.4312133789,0,67221336064,8589930496,2047295488,252059648
200,1727561689597,1100,1135,933,800,1100,800,1100,800,799,799,800,800,800,800,800,799,812,800,799,865,799,799,800,800,800,799,800,1018,2390,1249,1101,800,0,0,100,0,0,0,0,0,0,0,0,0,0,0,0,0,0,0,0,0,0,0,0,0,0,0,0,0,0,0,0,0,0,156793.4501953125,73644.17993164063,0,67221336064,8589930496,2047295488,252059648
200,1727561689797,1100,1135,933,800,1100,800,1100,800,799,799,800,800,800,800,800,799,812,800,799,865,799,799,800,800,800,799,800,1018,2390,1249,1101,800,0,0,100,0,0,0,0,0,0,0,0,0,0,0,0,0,0,0,0,0,0,0,0,0,0,0,0,0,0,0,0,0,0,156803.85467529297,73652.89440917969,0,67221336064,8589930496,2047295488,252059648
200,1727561689998,1100,1135,933,800,1100,800,1100,800,799,799,800,800,800,800,800,799,812,800,799,865,799,799,800,800,800,799,800,1018,2390,1249,1101,800,0,0,100,0,0,0,0,0,0,0,0,0,0,0,0,0,0,0,0,0,0,0,0,0,0,0,0,0,0,0,0,0,0,156814.26098632813,73661.61596679688,0,67221336064,8589930496,2047295488,252059648
200,1727561690198,1100,1135,933,800,1100,800,1100,800,799,799,800,800,800,800,800,799,812,800,799,865,799,799,800,800,800,799,800,1018,2390,1249,1101,800,0,0,100,0,0,0,0,0,0,0,0,0,0,0,0,0,0,0,0,0,0,0,0,0,0,0,0,0,0,0,0,0,0,156824.70794677734,73670.37182617188,0,67221336064,8589930496,2030940160,252059648
200,1727561690398,1100,1135,933,800,1100,800,1100,800,799,799,800,800,800,800,800,799,812,800,799,865,799,799,800,800,800,799,800,1018,2390,1249,1101,800,0,0,100,0,0,0,0,0,0,0,0,0,0,0,0,0,0,0,0,0,0,0,0,0,0,0,0,0,0,0,0,0,0,156835.12377929688,73679.10260009766,0,67221336064,8589930496,2047037440,252059648
200,1727561690598,1100,1135,933,800,1100,800,1100,800,799,799,800,800,800,800,800,799,812,800,799,865,799,799,800,800,800,799,800,1018,2390,1249,1101,800,0,0,100,0,0,0,0,0,0,0,0,0,0,0,0,0,0,0,0,0,0,0,0,0,0,0,0,0,0,0,0,0,0,156845.6053466797,73687.8935546875,0,67221336064,8589930496,2047037440,252059648
200,1727561690798,1100,1135,933,800,1100,800,1100,800,799,799,800,800,800,800,800,799,812,800,799,865,799,799,800,800,800,799,800,1018,2390,1249,1101,800,0,0,100,0,0,0,0,0,0,0,0,0,0,0,0,0,0,0,0,0,0,0,0,0,0,0,0,0,0,0,0,0,0,156855.978515625,73696.58508300781,0,67221336064,8589930496,2047037440,252059648
200,1727561690998,1100,1135,933,800,1100,800,1100,800,799,799,800,800,800,800,800,799,812,800,799,865,799,799,800,800,800,799,800,1018,2390,1249,1101,800,0,0,100,0,0,0,0,0,0,0,0,0,0,0,0,0,0,0,0,0,0,0,0,0,0,0,0,0,0,0,0,0,0,156866.39654541016,73705.32263183594,0,67221336064,8589930496,2047037440,252059648
200,1727561691198,1100,1135,933,800,1100,800,1100,800,799,799,800,800,800,800,800,799,812,800,799,865,799,799,800,800,800,799,800,1018,2390,1249,1101,800,0,0,100,0,0,0,0,0,0,0,0,0,0,0,0,0,0,0,0,0,0,0,0,0,0,0,0,0,0,0,0,0,0,156877.01068115234,73714.24139404297,0,67221336064,8589930496,2039107584,252059648
200,1727561691398,1100,1135,933,800,1100,800,1100,800,799,799,800,800,800,800,800,799,812,800,799,865,799,799,800,800,800,799,800,1018,2390,1249,1101,800,0,0,100,0,0,0,0,0,0,0,0,0,0,0,0,0,0,0,0,0,0,0,0,0,0,0,0,0,0,0,0,0,0,156887.52026367188,73723.06652832031,0,67221336064,8589930496,2039107584,252059648
200,1727561691598,1100,1135,933,800,1100,800,1100,800,799,799,800,800,800,800,800,799,812,800,799,865,799,799,800,800,800,799,800,1018,2390,1249,1101,800,0,0,100,0,0,0,0,0,0,0,0,0,0,0,0,0,0,0,0,0,0,0,0,0,0,0,0,0,0,0,0,0,0,156897.94104003906,73731.80340576172,0,67221336064,8589930496,2039107584,252059648
200,1727561691798,1100,1135,933,800,1100,800,1100,800,799,799,800,800,800,800,800,799,812,800,799,865,799,799,800,800,800,799,800,1018,2390,1249,1101,800,0,0,100,0,0,0,0,0,0,0,0,0,0,0,0,0,0,0,0,0,0,0,0,0,0,0,0,0,0,0,0,0,0,156908.32440185547,73740.50677490234,0,67221336064,8589930496,2039107584,252059648
200,1727561691999,1100,1135,933,800,1100,800,1100,800,799,799,800,800,800,800,800,799,812,800,799,865,799,799,800,800,800,799,800,1018,2390,1249,1101,800,0,0,100,0,0,0,0,0,0,0,0,0,0,0,0,0,0,0,0,0,0,0,0,0,0,0,0,0,0,0,0,0,0,156918.76983642578,73749.26721191406,0,67221336064,8589930496,2031624192,252059648
200,1727561692199,1100,1135,933,800,1100,800,1100,800,799,799,800,800,800,800,800,799,812,800,799,865,799,799,800,800,800,799,800,1018,2390,1249,1101,800,0,0,100,0,0,0,0,0,0,0,0,0,0,0,0,0,0,0,0,0,0,0,0,0,0,0,0,0,0,0,0,0,0,156929.25122070313,73758.06372070313,0,67221336064,8589930496,2039296000,252059648
200,1727561692399,1100,1135,933,800,1100,800,1100,800,799,799,800,800,800,800,800,799,812,800,799,865,799,799,800,800,800,799,800,1018,2390,1249,1101,800,0,0,100,0,0,0,0,0,0,0,0,0,0,0,0,0,0,0,0,0,0,0,0,0,0,0,0,0,0,0,0,0,0,156939.7459716797,73766.86700439453,0,67221336064,8589930496,2039296000,252059648
200,1727561692599,1100,1135,933,800,1100,800,1100,800,799,799,800,800,800,800,800,799,812,800,799,865,799,799,800,800,800,799,800,1018,2390,1249,1101,800,0,0,100,0,0,0,0,0,0,0,0,0,0,0,0,0,0,0,0,0,0,0,0,0,0,0,0,0,0,0,0,0,0,156950.14477539063,73775.58306884766,0,67221336064,8589930496,2039296000,252059648
200,1727561692799,1100,1135,933,800,1100,800,1100,800,799,799,800,800,800,800,800,799,812,800,799,865,799,799,800,800,800,799,800,1018,2390,1249,1101,800,0,0,100,0,0,0,0,0,0,0,0,0,0,0,0,0,0,0,0,0,0,0,0,0,0,0,0,0,0,0,0,0,0,156960.5906982422,73784.3447265625,0,67221336064,8589930496,2039296000,252059648
200,1727561692999,1100,1135,933,800,1100,800,1100,800,799,799,800,800,800,800,800,799,812,800,799,865,799,799,800,800,800,799,800,1018,2390,1249,1101,800,0,0,100,0,0,0,0,0,0,0,0,0,0,0,0,0,0,0,0,0,0,0,0,0,0,0,0,0,0,0,0,0,0,156971.00592041016,73793.076171875,0,67221336064,8589930496,2039296000,252059648
200,1727561693199,1100,1135,933,800,1100,800,1100,800,799,799,800,800,800,800,800,799,812,800,799,865,799,799,800,800,800,799,800,1018,2390,1249,1101,800,0,0,100,0,0,0,0,0,0,0,0,0,0,0,0,0,0,0,0,0,0,0,0,0,0,0,0,0,0,0,0,0,0,156981.6337890625,73802.01397705078,0,67221336064,8589930496,2022940672,252059648
200,1727561693399,1100,1135,933,800,1100,800,1100,800,799,799,800,800,800,800,800,799,812,800,799,865,799,799,800,800,800,799,800,1018,2390,1249,1101,800,0,0,100,0,0,0,0,0,0,0,0,0,0,0,0,0,0,0,0,0,0,0,0,0,0,0,0,0,0,0,0,0,0,156992.1470336914,73810.83917236328,0,67221336064,8589930496,2047295488,252059648
200,1727561693599,1100,1135,933,800,1100,800,1100,800,799,799,800,800,800,800,800,799,812,800,799,865,799,799,800,800,800,799,800,1018,2390,1249,1101,800,0,0,100,0,0,0,0,0,0,0,0,0,0,0,0,0,0,0,0,0,0,0,0,0,0,0,0,0,0,0,0,0,0,157002.5581665039,73819.56414794922,0,67221336064,8589930496,2047295488,252059648
200,1727561693800,1100,1135,933,800,1100,800,1100,800,799,799,800,800,800,800,800,799,812,800,799,865,799,799,800,800,800,799,800,1018,2390,1249,1101,800,0,0,100,0,0,0,0,0,0,0,0,0,0,0,0,0,0,0,0,0,0,0,0,0,0,0,0,0,0,0,0,0,0,157013.00201416016,73828.3197631836,0,67221336064,8589930496,2047295488,252059648
200,1727561694000,1100,1135,933,800,1100,800,1100,800,799,799,800,800,800,800,800,799,812,800,799,865,799,799,800,800,800,799,800,1018,2390,1249,1101,800,0,0,100,0,0,0,0,0,0,0,0,0,0,0,0,0,0,0,0,0,0,0,0,0,0,4.761904716491699,0,0,0,0,0,0,0,157023.51837158203,73837.15124511719,0,67221336064,8589930496,2047807488,252059648
200,1727561694200,1100,1135,933,800,1100,800,1100,800,799,799,800,800,800,800,800,799,812,800,799,865,799,799,800,800,800,799,800,1018,2390,1249,1101,800,0,0,100,0,0,0,0,0,0,0,0,0,0,0,0,0,0,0,0,0,0,4.761904716491699,0,0,0,0,0,0,0,0,0,0,0,157034.01635742188,73845.95794677734,0,67221336064,8589930496,2040057856,252059648
200,1727561694400,1100,1135,933,800,1100,800,1100,800,799,799,800,800,800,800,800,799,812,800,799,865,799,799,800,800,800,799,800,1018,2390,1249,1101,800,0,0,100,0,0,0,0,0,0,0,0,0,0,0,0,0,0,0,0,0,0,0,0,0,0,0,0,0,0,0,0,0,0,157044.4337158203,73854.6849975586,0,67221336064,8589930496,2040057856,252059648
200,1727561694600,1100,1135,933,800,1100,800,1100,800,799,799,800,800,800,800,800,799,812,800,799,865,799,799,800,800,800,799,800,1018,2390,1249,1101,800,0,0,100,0,0,0,0,0,0,0,0,0,0,0,0,0,0,0,0,0,0,0,0,0,0,0,0,0,0,0,0,0,0,157054.98474121094,73863.53759765625,0,67221336064,8589930496,2040057856,252059648
200,1727561694800,1100,1135,933,800,1100,800,1100,800,799,799,800,800,800,800,800,799,812,800,799,865,799,799,800,800,800,799,800,1018,2390,1249,1101,800,0,0,100,0,0,0,0,0,0,0,0,0,0,0,0,0,0,0,0,0,0,0,0,0,0,0,0,0,0,0,0,0,0,157065.3564453125,73872.23553466797,0,67221336064,8589930496,2040057856,252059648
200,1727561695000,1100,1135,933,800,1100,800,1100,800,799,799,800,800,800,800,800,799,812,800,799,865,799,799,800,800,800,799,800,1018,2390,1249,1101,800,0,0,100,0,0,0,0,0,0,0,0,0,0,0,0,0,0,0,0,0,0,0,0,0,0,0,0,0,0,0,0,0,0,157075.82653808594,73881.01483154297,0,67221336064,8589930496,2032058368,252059648
200,1727561695200,1100,1135,933,800,1100,800,1100,800,799,799,800,800,800,800,800,799,812,800,799,865,799,799,800,800,800,799,800,1018,2390,1249,1101,800,0,0,100,0,0,0,0,0,0,0,0,0,0,0,0,0,0,0,0,0,0,0,0,0,0,0,0,0,0,0,0,0,0,157086.37469482422,73889.8773803711,0,67221336064,8589930496,2048245760,252059648
200,1727561695400,1100,1135,933,800,1100,800,1100,800,799,799,800,800,800,800,800,799,812,800,799,865,799,799,800,800,800,799,800,1018,2390,1249,1101,800,0,0,100,0,0,0,0,0,0,0,0,0,0,0,0,0,0,0,0,0,0,0,0,0,0,0,0,0,0,0,0,0,0,157096.89251708984,73898.7123413086,0,67221336064,8589930496,2048245760,252059648
200,1727561695600,1100,1135,933,800,1100,800,1100,800,799,799,800,800,800,800,800,799,812,800,799,865,799,799,800,800,800,799,800,1018,2390,1249,1101,800,0,0,100,0,0,0,0,0,0,0,0,0,0,0,0,0,0,0,0,0,0,0,0,0,0,0,0,0,0,0,0,0,0,157107.33782958984,73907.4750366211,0,67221336064,8589930496,2048245760,252059648
200,1727561695800,1100,1135,933,800,1100,800,1100,800,799,799,800,800,800,800,800,799,812,800,799,865,799,799,800,800,800,799,800,1018,2390,1249,1101,800,0,0,100,0,0,0,0,0,0,0,0,0,0,0,0,0,0,0,0,0,0,0,0,0,0,0,0,0,0,0,0,0,0,157117.75732421875,73916.21057128906,0,67221336064,8589930496,2048245760,252059648
200,1727561696001,1100,1135,933,800,1100,800,1100,800,799,799,800,800,800,800,800,799,812,800,799,865,799,799,800,800,800,799,800,1018,2390,1249,1101,800,0,0,100,0,0,0,0,0,0,0,0,0,0,0,0,0,0,0,0,0,0,0,0,0,0,0,0,0,0,0,0,0,0,157128.18975830078,73924.96008300781,0,67221336064,8589930496,2048245760,252059648
199,1727561696201,1100,1135,933,800,1100,800,1100,800,799,799,800,800,800,800,800,799,812,800,799,865,799,799,800,800,800,799,800,1018,2390,1249,1101,800,0,0,100,0,0,0,0,0,0,0,0,0,0,0,0,0,0,0,0,0,0,0,0,0,0,0,0,0,0,0,0,0,0,157138.6275024414,73933.70806884766,0,67221336064,8589930496,2040315904,252059648
200,1727561696401,1100,1135,933,800,1100,800,1100,800,799,799,800,800,800,800,800,799,812,800,799,865,799,799,800,800,800,799,800,1018,2390,1249,1101,800,0,0,100,0,0,0,0,0,0,0,0,0,0,0,0,0,0,0,0,0,0,0,0,0,0,0,0,0,0,0,0,0,0,157149.05487060547,73942.45056152344,0,67221336064,8589930496,2040520704,252059648
200,1727561696601,1100,1135,933,800,1100,800,1100,800,799,799,800,800,800,800,800,799,812,800,799,865,799,799,800,800,800,799,800,1018,2390,1249,1101,800,0,0,100,0,0,0,0,0,0,0,0,0,0,0,0,0,0,0,0,0,0,0,0,0,0,0,0,0,0,0,0,0,0,157159.5791015625,73951.29217529297,0,67221336064,8589930496,2040520704,252059648
200,1727561696801,1100,1135,933,800,1100,800,1100,800,799,799,800,800,800,800,800,799,812,800,799,865,799,799,800,800,800,799,800,1018,2390,1249,1101,800,0,0,100,0,0,0,0,0,0,0,0,0,0,0,0,0,0,0,0,0,0,0,0,0,0,0,0,0,0,0,0,0,0,157170.00872802734,73960.03137207031,0,67221336064,8589930496,2040520704,252059648
200,1727561697001,1100,1135,933,800,1100,800,1100,800,799,799,800,800,800,800,800,799,812,800,799,865,799,799,800,800,800,799,800,1018,2390,1249,1101,800,0,0,100,0,0,0,0,0,0,0,0,0,0,0,0,0,0,0,0,0,0,0,0,0,0,0,0,0,0,0,0,0,0,157180.46020507813,73968.7861328125,0,67221336064,8589930496,2040451072,252059648
200,1727561697201,1100,1135,933,800,1100,800,1100,800,799,799,800,800,800,800,800,799,812,800,799,865,799,799,800,800,800,799,800,1018,2390,1249,1101,800,0,0,100,0,0,0,0,0,0,0,0,0,0,0,0,0,0,0,0,0,0,0,0,0,0,0,0,0,0,0,0,0,0,157190.87371826172,73977.509765625,0,67221336064,8589930496,2024095744,252059648
200,1727561697401,1100,1135,933,800,1100,800,1100,800,799,799,800,800,800,800,800,799,812,800,799,865,799,799,800,800,800,799,800,1018,2390,1249,1101,800,0,0,100,0,0,0,0,0,0,0,0,0,0,0,0,0,0,0,0,0,0,0,0,0,0,0,0,0,0,0,4.761904716491699,0,0,157201.43182373047,73986.38543701172,0,67221336064,8589930496,2048450560,252059648
200,1727561697601,1100,1135,933,800,1100,800,1100,800,799,799,800,800,800,800,800,799,812,800,799,865,799,799,800,800,800,799,800,1018,2390,1249,1101,800,0,0,100,0,0,0,0,0,0,0,0,0,0,0,0,0,0,0,0,0,0,0,0,0,0,0,0,0,0,0,0,0,0,157211.841796875,73995.11169433594,0,67221336064,8589930496,2048450560,252059648
200,1727561697801,1100,1135,933,800,1100,800,1100,800,799,799,800,800,800,800,800,799,812,800,799,865,799,799,800,800,800,799,800,1018,2390,1249,1101,800,0,0,100,0,0,0,0,0,0,0,0,0,0,0,0,0,0,0,0,0,0,0,0,0,0,0,0,0,0,0,0,0,0,157222.2534790039,74003.83996582031,0,67221336064,8589930496,2048450560,252059648
200,1727561698002,1100,1135,933,800,1100,800,1100,800,799,799,800,800,800,800,800,799,812,800,799,865,799,799,800,800,800,799,800,1018,2390,1249,1101,800,0,0,100,0,0,0,0,0,0,0,0,0,0,0,0,0,0,0,0,0,0,0,0,0,0,0,0,0,0,0,0,0,0,157232.68408203125,74012.5864868164,0,67221336064,8589930496,2044485632,252059648
200,1727561698202,1100,1135,933,800,1100,800,1100,800,799,799,800,800,800,800,800,799,812,800,799,865,799,799,800,800,800,799,800,1018,2390,1249,1101,800,0,0,100,0,0,0,0,0,0,0,0,0,0,0,0,0,0,0,0,0,0,0,0,0,0,0,0,0,0,0,0,0,0,157243.05462646484,74021.27062988281,0,67221336064,8589930496,2036555776,252059648
200,1727561698402,1100,1135,933,800,1100,800,1100,800,799,799,800,800,800,800,800,799,812,800,799,865,799,799,800,800,800,799,800,1018,2390,1249,1101,800,0,0,100,0,0,0,0,0,0,0,0,0,0,0,0,0,0,0,0,0,0,0,0,0,0,0,0,0,0,0,0,0,0,157253.50872802734,74030.0414428711,0,67221336064,8589930496,2036555776,252059648
200,1727561698602,1100,1135,933,800,1100,800,1100,800,799,799,800,800,800,800,800,799,812,800,799,865,799,799,800,800,800,799,800,1018,2390,1249,1101,800,0,0,100,0,0,0,0,0,0,0,0,0,0,0,0,0,0,0,0,0,0,0,0,0,0,0,0,0,0,0,0,0,0,157263.90893554688,74038.75750732422,0,67221336064,8589930496,2040209408,252059648
200,1727561698802,1100,1135,933,800,1100,800,1100,800,799,799,800,800,800,800,800,799,812,800,799,865,799,799,800,800,800,799,800,1018,2390,1249,1101,800,0,0,100,0,0,0,0,0,0,0,0,0,0,0,0,0,0,0,0,0,0,0,0,0,0,0,0,0,0,0,0,0,0,157274.4854736328,74047.64343261719,0,67221336064,8589930496,2040209408,252059648
200,1727561699002,1100,1135,933,800,1100,800,1100,800,799,799,800,800,800,800,800,799,812,800,799,865,799,799,800,800,800,799,800,1018,2390,1249,1101,800,0,0,100,0,0,0,0,0,0,0,0,0,0,0,0,0,0,0,0,0,0,0,0,0,0,0,0,0,0,0,0,0,0,157284.9462890625,74056.41162109375,0,67221336064,8589930496,2040209408,252059648
200,1727561699202,1100,1135,933,800,1100,800,1100,800,799,799,800,800,800,800,800,799,812,800,799,865,799,799,800,800,800,799,800,1018,2390,1249,1101,800,0,0,100,0,0,0,0,0,0,0,0,0,0,0,0,0,0,0,0,0,0,0,0,0,0,0,0,0,0,0,0,0,0,157295.42742919922,74065.20910644531,0,67221336064,8589930496,2032279552,252059648
200,1727561699402,1100,1135,933,800,1100,800,1100,800,799,799,800,800,800,800,800,799,812,800,799,865,799,799,800,800,800,799,800,1018,2390,1249,1101,800,0,0,100,0,0,0,0,0,0,0,0,0,0,0,0,0,0,0,0,0,0,0,0,0,0,0,0,0,0,0,0,0,0,157306.06762695313,74074.1650390625,0,67221336064,8589930496,2048208896,252059648
200,1727561699602,1100,1135,933,800,1100,800,1100,800,799,799,800,800,800,800,800,799,812,800,799,865,799,799,800,800,800,799,800,1018,2390,1249,1101,800,0,0,100,0,0,0,0,0,0,0,0,0,0,0,0,0,0,0,0,0,0,0,0,0,0,0,0,0,0,0,0,0,0,157316.4896850586,74082.89392089844,0,67221336064,8589930496,2048208896,252059648
200,1727561699803,1100,1135,933,800,1100,800,1100,800,799,799,800,800,800,800,800,799,812,800,799,865,799,799,800,800,800,799,800,1018,2390,1249,1101,800,0,0,100,0,0,0,0,0,0,0,0,0,0,0,0,0,0,0,0,0,0,0,0,0,0,0,0,0,0,0,0,0,0,157326.9291381836,74091.65002441406,0,67221336064,8589930496,2048208896,252059648
200,1727561700003,1100,1135,933,800,1100,800,1100,800,799,799,800,800,800,800,800,799,812,800,799,865,799,799,800,800,800,799,800,1018,2390,1249,1101,800,0,0,100,0,4.761904716491699,0,0,0,0,0,0,0,0,0,0,0,0,0,0,0,0,0,0,0,0,0,0,0,0,0,0,0,0,157337.34729003906,74100.3833618164,0,67221336064,8589930496,2048208896,252059648
200,1727561700203,1100,1135,933,800,1100,800,1100,800,799,799,800,800,800,800,800,799,812,800,799,865,799,799,800,800,800,799,800,1018,2390,1249,1101,800,0,0,100,0,0,0,0,0,0,0,0,0,0,0,0,0,0,0,0,0,0,0,0,0,0,0,0,0,0,0,0,0,0,157347.86004638672,74109.21203613281,0,67221336064,8589930496,2040279040,252059648
200,1727561700403,1100,1135,933,800,1100,800,1100,800,799,799,800,800,800,800,800,799,812,800,799,865,799,799,800,800,800,799,800,1018,2390,1249,1101,800,0,0,100,0,0,0,0,0,0,0,0,0,0,0,0,0,0,0,0,0,0,0,0,0,0,0,0,0,0,0,0,0,0,157358.30206298828,74117.9609375,0,67221336064,8589930496,2040279040,252059648
200,1727561700603,1100,1135,933,800,1100,800,1100,800,799,799,800,800,800,800,800,799,812,800,799,865,799,799,800,800,800,799,800,1018,2390,1249,1101,800,0,0,100,0,0,0,0,0,0,0,0,0,0,0,0,0,0,0,0,0,0,0,0,0,0,0,0,0,0,0,0,0,0,157368.75158691406,74126.72064208984,0,67221336064,8589930496,2040279040,252059648
200,1727561700803,1100,1135,933,800,1100,800,1100,800,799,799,800,800,800,800,800,799,812,800,799,865,799,799,800,800,800,799,800,1018,2390,1249,1101,800,0,0,100,0,0,0,0,0,0,0,0,0,0,0,0,0,0,0,0,0,0,0,0,0,0,0,0,0,0,0,0,0,0,157379.12420654297,74135.41845703125,0,67221336064,8589930496,2040279040,252059648
200,1727561701003,1100,1135,933,800,1100,800,1100,800,799,799,800,800,800,800,800,799,812,800,799,865,799,799,800,800,800,799,800,1018,2390,1249,1101,800,0,0,100,0,0,0,0,0,0,0,0,0,0,0,0,0,0,0,0,0,0,0,0,0,0,0,0,0,0,0,0,0,0,157389.5789794922,74144.18231201172,0,67221336064,8589930496,2034757632,252059648
200,1727561701203,1100,1135,933,800,1100,800,1100,800,799,799,800,800,800,800,800,799,812,800,799,865,799,799,800,800,800,799,800,1018,2390,1249,1101,800,4.761904716491699,0,100,0,0,0,0,0,0,0,0,0,0,0,0,0,0,0,0,0,0,0,0,0,0,0,0,0,0,0,0,0,0,157400.1541748047,74153.07214355469,0,67221336064,8589930496,2034769920,252059648
200,1727561701403,1100,1135,933,800,1100,800,1100,800,799,799,800,800,800,800,800,799,812,800,799,865,799,799,800,800,800,799,800,1018,2390,1249,1101,800,0,0,100,0,0,0,0,0,0,0,0,0,0,4.761904716491699,0,0,0,0,0,0,0,0,0,0,0,0,0,0,0,0,0,0,0,157410.58404541016,74161.80108642578,0,67221336064,8589930496,2035793920,252059648
200,1727561701603,1100,1135,933,800,1100,800,1100,800,799,799,800,800,800,800,800,799,812,800,799,865,799,799,800,800,800,799,800,1018,2390,1249,1101,800,0,0,100,0,0,0,0,0,0,0,0,0,0,0,0,0,0,0,0,0,0,0,0,0,0,0,0,0,0,0,0,0,0,157421.05017089844,74170.5830078125,0,67221336064,8589930496,2043465728,252059648
200,1727561701803,1100,1135,933,800,1100,800,1100,800,799,799,800,800,800,800,800,799,812,800,799,865,799,799,800,800,800,799,800,1018,2390,1249,1101,800,0,0,100,0,0,0,0,0,0,0,0,0,0,0,0,0,0,0,0,0,0,0,0,0,0,0,0,0,0,0,0,0,0,157431.4434814453,74179.29553222656,0,67221336064,8589930496,2043465728,252059648
200,1727561702004,1100,1135,933,800,1100,800,1100,800,799,799,800,800,800,800,800,799,812,800,799,865,799,799,800,800,800,799,800,1018,2390,1249,1101,800,0,0,100,0,0,0,0,0,0,0,0,0,0,0,0,0,0,0,0,0,0,0,0,0,0,0,0,0,0,0,0,0,0,157441.8826904297,74188.04113769531,0,67221336064,8589930496,2043465728,252059648
200,1727561702204,1100,1135,933,800,1100,800,1100,800,799,799,800,800,800,800,800,799,812,800,799,865,799,799,800,800,800,799,800,1018,2390,1249,1101,800,0,0,100,0,0,0,0,0,0,0,0,0,0,0,0,0,0,0,0,0,0,0,0,0,0,0,0,0,0,0,0,0,0,157452.29718017578,74196.77502441406,0,67221336064,8589930496,2035535872,252059648
200,1727561702404,1100,1135,933,800,1100,800,1100,800,799,799,800,800,800,800,800,799,812,800,799,865,799,799,800,800,800,799,800,1018,2390,1249,1101,800,0,0,100,0,0,0,0,0,0,0,0,0,0,0,0,0,0,0,0,0,0,0,0,0,0,0,0,0,0,0,0,0,0,157462.72021484375,74205.51538085938,0,67221336064,8589930496,2043207680,252059648
200,1727561702604,1100,1135,933,800,1100,800,1100,800,799,799,800,800,800,800,800,799,812,800,799,865,799,799,800,800,800,799,800,1018,2390,1249,1101,800,0,0,100,0,0,0,0,0,0,0,0,0,0,0,0,0,0,0,0,0,0,0,0,0,0,0,0,0,0,0,0,0,0,157473.18115234375,74214.29187011719,0,67221336064,8589930496,2043207680,252059648
200,1727561702804,1100,1135,933,800,1100,800,1100,800,799,799,800,800,800,800,800,799,812,800,799,865,799,799,800,800,800,799,800,1018,2390,1249,1101,800,0,0,100,0,0,0,0,0,0,0,0,0,0,0,0,0,0,0,0,0,0,0,0,0,0,0,0,0,0,0,0,0,0,157483.5731201172,74223.0029296875,0,67221336064,8589930496,2043207680,252059648
200,1727561703004,1100,1135,933,800,1100,800,1100,800,799,799,800,800,800,800,800,799,812,800,799,865,799,799,800,800,800,799,800,1018,2390,1249,1101,800,0,0,100,0,0,0,0,0,0,0,0,0,0,0,0,0,0,0,0,0,0,0,0,0,0,0,0,0,0,0,0,0,0,157494.05114746094,74231.79113769531,0,67221336064,8589930496,2043207680,252059648
200,1727561703204,1100,1135,933,800,1100,800,1100,800,799,799,800,800,800,800,800,799,812,800,799,865,799,799,800,800,800,799,800,1018,2390,1249,1101,800,0,0,100,0,0,0,0,0,0,0,0,0,0,0,0,0,0,0,0,0,0,0,0,0,0,0,0,0,0,0,0,0,0,157504.53839111328,74240.59552001953,0,67221336064,8589930496,2035490816,252059648
200,1727561703404,1100,1135,933,800,1100,800,1100,800,799,799,800,800,800,800,800,799,812,800,799,865,799,799,800,800,800,799,800,1018,2390,1249,1101,800,0,0,100,0,0,0,0,0,0,0,0,0,0,0,0,0,0,0,0,0,0,0,0,0,0,0,0,0,0,0,0,0,0,157515.09100341797,74249.45812988281,0,67221336064,8589930496,2043162624,252059648
200,1727561703604,1100,1135,933,800,1100,800,1100,800,799,799,800,800,800,800,800,799,812,800,799,865,799,799,800,800,800,799,800,1018,2390,1249,1101,800,0,0,100,0,0,0,0,0,0,0,0,0,0,0,0,0,0,0,0,0,0,0,0,0,0,0,0,0,0,0,0,0,0,157525.53607177734,74258.21661376953,0,67221336064,8589930496,2043162624,252059648
200,1727561703804,1100,1135,933,800,1100,800,1100,800,799,799,800,800,800,800,800,799,812,800,799,865,799,799,800,800,800,799,800,1018,2390,1249,1101,800,0,0,100,0,0,0,0,0,0,0,0,0,0,0,0,0,0,0,0,0,0,0,0,0,0,0,0,0,0,0,0,0,0,157535.95263671875,74266.94775390625,0,67221336064,8589930496,2043162624,252059648
200,1727561704005,1100,1135,933,800,1100,800,1100,800,799,799,800,800,800,800,800,799,812,800,799,865,799,799,800,800,800,799,800,1018,2390,1249,1101,800,0,0,100,0,0,0,0,0,0,0,0,0,0,0,0,0,0,0,0,0,0,0,0,0,0,0,0,0,0,0,0,0,0,157546.41357421875,74275.72412109375,0,67221336064,8589930496,2038206464,252059648
200,1727561704205,1100,1135,933,800,1100,800,1100,800,799,799,800,800,800,800,800,799,812,800,799,865,799,799,800,800,800,799,800,1018,2390,1249,1101,800,0,0,100,0,0,0,0,0,0,0,0,0,0,0,0,0,0,0,0,0,0,0,0,0,0,0,0,0,0,0,0,0,0,157556.92474365234,74284.55261230469,0,67221336064,8589930496,2033991680,252059648
200,1727561704405,1100,1135,933,800,1100,800,1100,800,799,799,800,800,800,800,800,799,812,800,799,865,799,799,800,800,800,799,800,1018,2390,1249,1101,800,0,0,100,0,0,0,0,0,0,0,0,0,0,0,0,0,0,0,0,0,0,0,0,0,0,0,0,0,0,0,0,0,0,157567.36932373047,74293.31396484375,0,67221336064,8589930496,2033991680,252059648
200,1727561704605,1100,1135,933,800,1100,800,1100,800,799,799,800,800,800,800,800,799,812,800,799,865,799,799,800,800,800,799,800,1018,2390,1249,1101,800,0,0,100,0,0,0,0,0,0,0,0,0,0,0,0,0,0,0,0,0,0,0,0,0,0,0,0,0,0,0,0,0,0,157577.8139038086,74302.06762695313,0,67221336064,8589930496,2041663488,252059648
200,1727561704805,1100,1135,933,800,1100,800,1100,800,799,799,800,800,800,800,800,799,812,800,799,865,799,799,800,800,800,799,800,1018,2390,1249,1101,800,0,0,100,0,0,0,0,0,0,0,0,0,0,0,0,0,0,0,0,0,0,0,0,0,0,0,0,0,0,0,0,0,0,157588.2501220703,74310.82104492188,0,67221336064,8589930496,2041663488,252059648
200,1727561705005,1100,1135,933,800,1100,800,1100,800,799,799,800,800,800,800,800,799,812,800,799,865,799,799,800,800,800,799,800,1018,2390,1249,1101,800,0,0,100,0,0,0,0,0,0,0,0,0,0,0,0,0,0,0,0,0,0,0,0,0,0,0,0,0,0,0,0,0,0,157598.73858642578,74319.62670898438,0,67221336064,8589930496,2041663488,252059648
200,1727561705205,1100,1135,933,800,1100,800,1100,800,799,799,800,800,800,800,800,799,812,800,799,865,799,799,800,800,800,799,800,1018,2390,1249,1101,800,0,0,100,0,0,0,0,0,0,0,0,0,0,0,0,0,0,0,0,0,0,0,0,0,0,0,0,0,0,0,0,0,0,157609.22723388672,74328.43225097656,0,67221336064,8589930496,2033733632,252059648
0,1727561705406,1100,1135,933,800,1100,800,1100,800,799,799,800,800,800,800,800,799,812,800,799,865,799,799,800,800,800,799,800,1018,2390,1249,1101,800,0,0,75,0,0,0,0,0,0,0,0,0,0,0,0,0,0,0,0,0,0,0,0,0,0,0,0,0,0,0,0,0,0,157617.51385498047,74335.11224365234,0,67221336064,8589930496,2041405440,252059648
