Delta,Time,CPU_FREQUENCY_0,CPU_FREQUENCY_1,CPU_FREQUENCY_10,CPU_FREQUENCY_11,CPU_FREQUENCY_12,CPU_FREQUENCY_13,CPU_FREQUENCY_14,CPU_FREQUENCY_15,CPU_FREQUENCY_16,CPU_FREQUENCY_17,CPU_FREQUENCY_18,CPU_FREQUENCY_19,CPU_FREQUENCY_2,CPU_FREQUENCY_20,CPU_FREQUENCY_21,CPU_FREQUENCY_22,CPU_FREQUENCY_23,CPU_FREQUENCY_24,CPU_FREQUENCY_25,CPU_FREQUENCY_26,CPU_FREQUENCY_27,CPU_FREQUENCY_28,CPU_FREQUENCY_29,CPU_FREQUENCY_3,CPU_FREQUENCY_30,CPU_FREQUENCY_31,CPU_FREQUENCY_4,CPU_FREQUENCY_5,CPU_FREQUENCY_6,CPU_FREQUENCY_7,CPU_FREQUENCY_8,CPU_FREQUENCY_9,CPU_USAGE_0,CPU_USAGE_1,CPU_USAGE_10,CPU_USAGE_11,CPU_USAGE_12,CPU_USAGE_13,CPU_USAGE_14,CPU_USAGE_15,CPU_USAGE_16,CPU_USAGE_17,CPU_USAGE_18,CPU_USAGE_19,CPU_USAGE_2,CPU_USAGE_20,CPU_USAGE_21,CPU_USAGE_22,CPU_USAGE_23,CPU_USAGE_24,CPU_USAGE_25,CPU_USAGE_26,CPU_USAGE_27,CPU_USAGE_28,CPU_USAGE_29,CPU_USAGE_3,CPU_USAGE_30,CPU_USAGE_31,CPU_USAGE_4,CPU_USAGE_5,CPU_USAGE_6,CPU_USAGE_7,CPU_USAGE_8,CPU_USAGE_9,DRAM_ENERGY (J),PACKAGE_ENERGY (J),PP0_ENERGY (J),TOTAL_MEMORY,TOTAL_SWAP,USED_MEMORY,USED_SWAP
0,1724716915282,899,800,800,823,846,848,844,892,830,800,808,799,800,799,800,799,800,800,848,872,826,892,892,800,901,828,800,800,800,800,800,848,4.545454502105713,0,4.545454502105713,4.545454502105713,0,4.545454502105713,4.761904716491699,4.545454502105713,4.761904716491699,4.761904716491699,4.761904716491699,0,4.545454502105713,0,8.69565200805664,4.545454502105713,0,4.761904716491699,0,4.545454502105713,0,4.761904716491699,4.761904716491699,0,0,4.761904716491699,0,0,0,9.090909004211426,4.545454502105713,4.545454502105713,33665.30871582031,16828.56982421875,0,404335509504,0,27050278912,0
199,1724716915282,899,800,800,823,846,848,844,892,830,800,808,799,800,799,800,799,800,800,848,872,826,892,892,800,901,828,800,800,800,800,800,848,4.545454502105713,0,4.545454502105713,4.545454502105713,0,4.545454502105713,4.761904716491699,4.545454502105713,4.761904716491699,4.761904716491699,4.761904716491699,0,4.545454502105713,0,8.69565200805664,4.545454502105713,0,4.761904716491699,0,4.545454502105713,0,4.761904716491699,4.761904716491699,0,0,4.761904716491699,0,0,0,9.090909004211426,4.545454502105713,4.545454502105713,33665.32067871094,16828.591918945313,0,404335509504,0,27050393600,0
199,1724716915482,899,800,800,823,846,848,844,892,830,800,808,799,800,799,800,799,800,800,848,872,826,892,892,800,901,828,800,800,800,800,800,848,0,0,0,0,0,0,0,0,0,0,0,0,4.761904716491699,100,0,0,0,9.090909004211426,0,0,0,0,0,0,0,0,0,0,0,0,0,0,33667.219177246094,16833.302795410156,0,404335509504,0,27053875200,0
199,1724716915682,899,800,800,823,846,848,844,892,830,800,808,799,800,799,800,799,800,800,848,872,826,892,892,800,901,828,800,800,800,800,800,848,0,5.263157844543457,0,5,20,0,9.523809432983398,5,5,4.761904716491699,5,0,5,28.571430206298828,0,0,5,5.263157844543457,5,4.761904716491699,0,5,5,4.761904716491699,4.761904716491699,5,76.19047546386719,5,9.090909004211426,0,0,0,33669.208068847656,16838.219360351563,0,404335509504,0,27054141440,0
199,1724716915882,899,800,800,823,846,848,844,892,830,800,808,799,800,799,800,799,800,800,848,872,826,892,892,800,901,828,800,800,800,800,800,848,0,0,5,0,0,0,5,0,0,0,0,0,4.761904716491699,0,0,0,0,0,0,0,0,5,0,0,0,0,100,0,0,0,0,0,33672.77380371094,16843.94207763672,0,404335509504,0,27054166016,0
199,1724716916083,899,800,800,823,846,848,844,892,830,800,808,799,800,799,800,799,800,800,848,872,826,892,892,800,901,828,800,800,800,800,800,848,23.809524536132813,10,10,5,5.263157844543457,5,5.263157844543457,5,10,5.263157844543457,9.523809432983398,5.263157844543457,10,5.263157844543457,5,42.105262756347656,5.263157844543457,10.526315689086914,85.71428680419922,15.789472579956055,10,10,15.789472579956055,10,10,10,60.000003814697266,5,5.263157844543457,5.263157844543457,5,10,33676.779846191406,16850.422973632813,0,404335509504,0,27054182400,0
199,1724716916283,899,800,800,823,846,848,844,892,830,800,808,799,800,799,800,799,800,800,848,872,826,892,892,800,901,828,800,800,800,800,800,848,0,0,0,0,0,0,0,0,0,0,0,0,0,0,0,35,0,4.761904716491699,100,0,0,0,0,0,0,0,0,0,0,0,0,0,33679.13446044922,16855.337829589844,0,404335509504,0,27054182400,0
199,1724716916483,899,800,800,823,846,848,844,892,830,800,808,799,800,799,800,799,800,800,848,872,826,892,892,800,901,828,800,800,800,800,800,848,0,0,0,0,0,0,0,0,5,0,0,0,0,0,0,0,0,0,100,0,0,0,0,0,0,0,9.523809432983398,0,0,0,0,0,33681.306579589844,16860.50372314453,0,404335509504,0,27054186496,0
199,1724716916683,899,800,800,823,846,848,844,892,830,800,808,799,800,799,800,799,800,800,848,872,826,892,892,800,901,828,800,800,800,800,800,848,4.761904716491699,0,0,0,0,0,4.761904716491699,0,4.761904716491699,0,0,0,0,0,0,0,0,0,100,0,0,0,0,0,5,0,0,0,0,0,0,0,33683.345947265625,16865.63848876953,0,404335509504,0,27054546944,0
199,1724716916883,899,800,800,823,846,848,844,892,830,800,808,799,800,799,800,799,800,800,848,872,826,892,892,800,901,828,800,800,800,800,800,848,0,0,0,0,0,0,0,0,0,0,0,0,0,0,0,0,0,0,100,0,0,0,0,0,0,0,0,0,0,0,0,0,33685.245544433594,16870.7099609375,0,404335509504,0,27054546944,0
199,1724716917083,899,800,800,823,846,848,844,892,830,800,808,799,800,799,800,799,800,800,848,872,826,892,892,800,901,828,800,800,800,800,800,848,0,4.761904716491699,0,0,0,0,0,0,0,0,0,0,0,0,0,0,0,0,100,0,0,0,0,4.761904716491699,0,0,0,0,0,0,0,0,33687.20837402344,16875.798767089844,0,404335509504,0,27054546944,0
199,1724716917283,899,800,800,823,846,848,844,892,830,800,808,799,800,799,800,799,800,800,848,872,826,892,892,800,901,828,800,800,800,800,800,848,0,0,0,0,0,0,0,0,0,0,0,0,0,0,0,0,0,0,100,0,0,0,0,0,0,0,0,0,0,0,0,0,33689.24658203125,16880.862182617188,0,404335509504,0,27054546944,0
199,1724716917484,899,800,800,823,846,848,844,892,830,800,808,799,800,799,800,799,800,800,848,872,826,892,892,800,901,828,800,800,800,800,800,848,0,0,0,0,0,0,0,0,0,0,0,0,0,0,0,0,0,0,100,0,0,0,0,0,0,0,0,0,0,0,0,0,33691.59802246094,16885.970581054688,0,404335509504,0,27054546944,0
199,1724716917684,899,800,800,823,846,848,844,892,830,800,808,799,800,799,800,799,800,800,848,872,826,892,892,800,901,828,800,800,800,800,800,848,0,0,0,0,0,0,0,0,0,0,0,0,0,0,0,0,0,0,100,0,0,0,0,0,0,0,4.761904716491699,0,0,0,0,0,33693.54803466797,16891.106689453125,0,404335509504,0,27054546944,0
199,1724716917884,899,800,800,823,846,848,844,892,830,800,808,799,800,799,800,799,800,800,848,872,826,892,892,800,901,828,800,800,800,800,800,848,0,0,0,0,0,0,0,0,0,0,0,0,0,0,0,0,0,0,100,0,0,0,0,0,0,0,0,0,0,0,0,0,33695.469665527344,16896.189880371094,0,404335509504,0,27054546944,0
199,1724716918084,899,800,800,823,846,848,844,892,830,800,808,799,800,799,800,799,800,800,848,872,826,892,892,800,901,828,800,800,800,800,800,848,0,0,0,0,0,0,0,0,0,0,0,5,0,0,0,4.761904716491699,0,5,100,0,0,0,0,0,0,0,0,0,0,0,0,0,33697.401794433594,16901.276000976563,0,404335509504,0,27054546944,0
199,1724716918284,899,800,800,823,846,848,844,892,830,800,808,799,800,799,800,799,800,800,848,872,826,892,892,800,901,828,800,800,800,800,800,848,0,0,0,0,0,0,0,0,0,0,0,0,0,0,0,0,0,0,100,0,0,0,0,0,0,0,0,0,0,0,0,0,33699.33068847656,16906.37158203125,0,404335509504,0,27054546944,0
199,1724716918484,899,800,800,823,846,848,844,892,830,800,808,799,800,799,800,799,800,800,848,872,826,892,892,800,901,828,800,800,800,800,800,848,0,0,0,0,0,0,0,0,0,0,0,4.761904716491699,0,0,0,0,0,0,100,0,0,0,0,0,0,0,0,0,0,0,0,0,33701.19677734375,16911.46612548828,0,404335509504,0,27054546944,0
199,1724716918684,899,800,800,823,846,848,844,892,830,800,808,799,800,799,800,799,800,800,848,872,826,892,892,800,901,828,800,800,800,800,800,848,0,0,0,0,4.761904716491699,0,0,0,0,0,0,0,0,0,0,0,0,0,100,0,0,0,0,0,0,0,0,9.523809432983398,0,0,0,0,33703.063537597656,16916.493041992188,0,404335509504,0,27054546944,0
199,1724716918885,899,800,800,823,846,848,844,892,830,800,808,799,800,799,800,799,800,800,848,872,826,892,892,800,901,828,800,800,800,800,800,848,0,0,4.761904716491699,0,0,0,0,0,0,0,0,0,0,0,0,0,0,0,100,0,0,0,0,0,0,0,0,5,0,0,0,0,33704.98565673828,16921.520568847656,0,404335509504,0,27054546944,0
199,1724716919085,899,800,800,823,846,848,844,892,830,800,808,799,800,799,800,799,800,800,848,872,826,892,892,800,901,828,800,800,800,800,800,848,0,0,0,0,0,0,0,0,0,0,0,0,0,0,0,10,0,0,100,0,5,0,0,0,0,0,0,0,0,0,0,0,33706.89660644531,16926.561096191406,0,404335509504,0,27054546944,0
199,1724716919285,899,800,800,823,846,848,844,892,830,800,808,799,800,799,800,799,800,800,848,872,826,892,892,800,901,828,800,800,800,800,800,848,4.761904716491699,0,0,0,0,0,0,0,0,0,0,0,0,4.761904716491699,0,0,0,4.761904716491699,100,0,0,0,0,0,0,0,0,10,0,0,0,0,33708.77362060547,16931.638671875,0,404335509504,0,27054551040,0
199,1724716919485,899,800,800,823,846,848,844,892,830,800,808,799,800,799,800,799,800,800,848,872,826,892,892,800,901,828,800,800,800,800,800,848,0,0,4.761904716491699,0,0,0,0,0,0,0,0,0,0,0,0,0,0,0,100,0,0,0,0,0,0,0,0,4.761904716491699,0,0,0,0,33710.640563964844,16936.76239013672,0,404335509504,0,27054551040,0
199,1724716919685,899,800,800,823,846,848,844,892,830,800,808,799,800,799,800,799,800,800,848,872,826,892,892,800,901,828,800,800,800,800,800,848,0,0,0,0,0,0,0,0,0,0,0,0,0,0,0,0,0,0,100,0,0,0,0,0,0,0,0,0,0,0,0,0,33712.524658203125,16941.80517578125,0,404335509504,0,27054551040,0
199,1724716919885,899,800,800,823,846,848,844,892,830,800,808,799,800,799,800,799,800,800,848,872,826,892,892,800,901,828,800,800,800,800,800,848,10,0,0,0,0,0,0,0,0,0,0,0,0,0,0,0,0,0,100,0,0,0,0,0,0,0,0,0,0,0,0,0,33714.463317871094,16946.971069335938,0,404335509504,0,27056201728,0
199,1724716920085,899,800,800,823,846,848,844,892,830,800,808,799,800,799,800,799,800,800,848,872,826,892,892,800,901,828,800,800,800,800,800,848,0,0,0,0,0,0,0,0,0,5,0,0,0,0,5,0,0,0,100,0,0,0,0,0,0,0,0,0,0,0,0,0,33716.42614746094,16952.087768554688,0,404335509504,0,27056594944,0
199,1724716920286,899,800,800,823,846,848,844,892,830,800,808,799,800,799,800,799,800,800,848,872,826,892,892,800,901,828,800,800,800,800,800,848,0,0,0,0,0,0,0,0,0,0,0,0,0,0,0,0,0,0,100,0,0,0,0,0,0,0,0,0,0,0,0,0,33718.31555175781,16957.166442871094,0,404335509504,0,27056607232,0
199,1724716920486,899,800,800,823,846,848,844,892,830,800,808,799,800,799,800,799,800,800,848,872,826,892,892,800,901,828,800,800,800,800,800,848,0,0,5,0,0,0,0,0,0,0,0,0,0,0,0,0,0,0,100,0,4.761904716491699,0,0,0,0,0,0,0,0,4.761904716491699,0,0,33720.21270751953,16962.218139648438,0,404335509504,0,27056922624,0
199,1724716920686,899,800,800,823,846,848,844,892,830,800,808,799,800,799,800,799,800,800,848,872,826,892,892,800,901,828,800,800,800,800,800,848,9.523809432983398,9.523809432983398,5,0,23.809524536132813,0,0,5,0,5,5,0,0,0,5,5,19.047618865966797,4.761904716491699,25,4.761904716491699,0,5,0,0,0,0,0,0,4.761904716491699,63.15789031982422,0,0,33722.21112060547,16967.427185058594,0,404335509504,0,27056922624,0
199,1724716920886,899,800,800,823,846,848,844,892,830,800,808,799,800,799,800,799,800,800,848,872,826,892,892,800,901,828,800,800,800,800,800,848,0,0,0,0,0,0,0,0,0,0,0,0,0,0,0,0,0,0,0,0,5,0,0,0,0,0,0,0,0,100,0,0,33725.379943847656,16972.864501953125,0,404335509504,0,27057913856,0
199,1724716921086,899,800,800,823,846,848,844,892,830,800,808,799,800,799,800,799,800,800,848,872,826,892,892,800,901,828,800,800,800,800,800,848,0,0,0,0,0,0,0,0,0,0,0,0,0,0,0,0,0,0,0,0,5,0,0,0,0,0,0,0,0,100,0,0,33729.74255371094,16979.728271484375,0,404335509504,0,27056939008,0
199,1724716921286,899,800,800,823,846,848,844,892,830,800,808,799,800,799,800,799,800,800,848,872,826,892,892,800,901,828,800,800,800,800,800,848,7.317072868347168,12.820513725280762,7.317072868347168,10,25.641027450561523,2.5,2.5,2.5,0,2.5,2.5,5,2.5641026496887207,2.5,2.5,2.5,2.5,2.5,2.5,0,7.317072868347168,17.5,2.5,2.5,2.4390242099761963,2.5,0,2.5,10.256410598754883,100,2.5,7.500000476837158,33734.06359863281,16986.39385986328,0,404335509504,0,27054653440,0
199,1724716921486,899,800,800,823,846,848,844,892,830,800,808,799,800,799,800,799,800,800,848,872,826,892,892,800,901,828,800,800,800,800,800,848,0,0,0,0,0,0,0,0,0,0,0,0,0,4.761904716491699,0,0,0,0,0,4.761904716491699,0,0,0,0,0,0,0,0,0,10,90,0,33736.30419921875,16991.11883544922,0,404335509504,0,27054653440,0
199,1724716921687,899,800,800,823,846,848,844,892,830,800,808,799,800,799,800,799,800,800,848,872,826,892,892,800,901,828,800,800,800,800,800,848,0,0,0,0,0,0,0,0,0,0,0,0,0,0,0,0,0,0,0,0,0,0,0,0,0,0,0,0,0,0,100,0,33738.26086425781,16996.100708007813,0,404335509504,0,27054653440,0
199,1724716921887,899,800,800,823,846,848,844,892,830,800,808,799,800,799,800,799,800,800,848,872,826,892,892,800,901,828,800,800,800,800,800,848,0,0,0,0,0,0,0,0,0,0,0,0,0,0,0,0,0,0,0,0,0,0,0,0,0,0,0,0,0,0,100,0,33740.197326660156,17001.078125,0,404335509504,0,27054657536,0
199,1724716922087,899,800,800,823,846,848,844,892,830,800,808,799,800,799,800,799,800,800,848,872,826,892,892,800,901,828,800,800,800,800,800,848,0,0,0,0,0,0,0,0,0,0,0,0,0,0,0,0,0,0,0,0,0,0,0,0,0,0,0,0,0,0,100,5,33742.150329589844,17006.108032226563,0,404335509504,0,27054653440,0
199,1724716922287,899,800,800,823,846,848,844,892,830,800,808,799,800,799,800,799,800,800,848,872,826,892,892,800,901,828,800,800,800,800,800,848,0,0,0,0,0,0,0,0,0,0,4.761904716491699,0,9.523809432983398,0,0,0,0,0,0,0,0,0,0,0,0,0,0,0,0,0,100,0,33744.124572753906,17011.240844726563,0,404335509504,0,27054653440,0
199,1724716922487,899,800,800,823,846,848,844,892,830,800,808,799,800,799,800,799,800,800,848,872,826,892,892,800,901,828,800,800,800,800,800,848,0,0,0,0,5,0,0,0,0,0,0,0,0,0,0,0,0,0,0,0,0,0,0,0,0,0,0,0,0,0,100,0,33746.25262451172,17016.426025390625,0,404335509504,0,27054653440,0
199,1724716922687,899,800,800,823,846,848,844,892,830,800,808,799,800,799,800,799,800,800,848,872,826,892,892,800,901,828,800,800,800,800,800,848,0,0,0,0,5,0,0,0,0,0,0,0,0,0,0,0,0,0,0,0,0,0,0,0,0,0,0,0,0,0,100,4.761904716491699,33748.60021972656,17021.59033203125,0,404335509504,0,27054653440,0
199,1724716922887,899,800,800,823,846,848,844,892,830,800,808,799,800,799,800,799,800,800,848,872,826,892,892,800,901,828,800,800,800,800,800,848,0,0,0,0,0,0,0,0,0,0,0,0,0,0,0,0,0,0,0,0,0,0,0,0,0,0,0,0,0,0,100,0,33750.54766845703,17026.684814453125,0,404335509504,0,27054653440,0
199,1724716923087,899,800,800,823,846,848,844,892,830,800,808,799,800,799,800,799,800,800,848,872,826,892,892,800,901,828,800,800,800,800,800,848,0,4.761904716491699,0,0,0,0,0,0,0,0,0,0,0,0,0,5,0,0,0,0,4.761904716491699,0,0,0,0,0,0,0,0,0,100,5,33752.70080566406,17031.807983398438,0,404335509504,0,27054653440,0
199,1724716923287,899,800,800,823,846,848,844,892,830,800,808,799,800,799,800,799,800,800,848,872,826,892,892,800,901,828,800,800,800,800,800,848,4.761904716491699,0,0,0,0,9.090909004211426,0,0,0,0,0,0,0,0,0,0,0,0,0,0,0,0,0,0,0,0,0,0,0,0,100,0,33754.59680175781,17036.88299560547,0,404335509504,0,27054653440,0
199,1724716923488,899,800,800,823,846,848,844,892,830,800,808,799,800,799,800,799,800,800,848,872,826,892,892,800,901,828,800,800,800,800,800,848,0,0,0,0,0,0,0,0,0,0,0,0,0,0,0,0,0,0,0,0,0,0,0,0,0,0,0,0,0,0,100,0,33756.563232421875,17041.935546875,0,404335509504,0,27054653440,0
199,1724716923688,899,800,800,823,846,848,844,892,830,800,808,799,800,799,800,799,800,800,848,872,826,892,892,800,901,828,800,800,800,800,800,848,0,0,0,0,0,4.761904716491699,0,0,0,0,0,0,0,0,0,0,0,0,0,0,4.761904716491699,0,0,0,0,0,0,0,0,0,100,0,33758.439208984375,17047.010192871094,0,404335509504,0,27054653440,0
199,1724716923888,899,800,800,823,846,848,844,892,830,800,808,799,800,799,800,799,800,800,848,872,826,892,892,800,901,828,800,800,800,800,800,848,0,0,0,0,0,0,0,0,0,0,0,0,0,4.761904716491699,0,0,0,0,0,0,0,0,0,0,0,0,0,0,4.761904716491699,0,100,0,33760.31384277344,17052.128845214844,0,404335509504,0,27054653440,0
199,1724716924088,899,800,800,823,846,848,844,892,830,800,808,799,800,799,800,799,800,800,848,872,826,892,892,800,901,828,800,800,800,800,800,848,0,5,0,0,0,0,0,0,0,0,0,0,0,0,0,4.761904716491699,0,0,0,0,0,0,0,0,5,0,0,0,0,0,100,4.761904716491699,33762.198486328125,17057.268798828125,0,404335509504,0,27054653440,0
199,1724716924288,899,800,800,823,846,848,844,892,830,800,808,799,800,799,800,799,800,800,848,872,826,892,892,800,901,828,800,800,800,800,800,848,0,0,0,0,0,0,0,0,0,0,0,0,0,0,0,0,0,0,0,0,0,0,0,0,0,0,0,0,0,0,100,0,33764.07598876953,17062.384216308594,0,404335509504,0,27054653440,0
199,1724716924488,899,800,800,823,846,848,844,892,830,800,808,799,800,799,800,799,800,800,848,872,826,892,892,800,901,828,800,800,800,800,800,848,0,0,0,0,0,5,0,0,0,9.090909004211426,4.761904716491699,0,0,0,0,0,0,0,0,0,0,0,0,0,0,0,0,0,0,0,100,0,33765.94543457031,17067.483032226563,0,404335509504,0,27054653440,0
199,1724716924688,899,800,800,823,846,848,844,892,830,800,808,799,800,799,800,799,800,800,848,872,826,892,892,800,901,828,800,800,800,800,800,848,0,0,0,0,0,0,0,0,0,0,0,0,0,0,0,0,0,0,0,0,0,0,0,0,0,0,0,0,0,0,100,0,33767.76776123047,17072.56463623047,0,404335509504,0,27052421120,0
199,1724716924888,899,800,800,823,846,848,844,892,830,800,808,799,800,799,800,799,800,800,848,872,826,892,892,800,901,828,800,800,800,800,800,848,0,0,0,0,0,0,0,0,0,0,0,0,0,0,0,0,0,0,0,0,0,0,0,0,0,0,0,0,0,0,100,0,33769.58923339844,17077.61865234375,0,404335509504,0,27052421120,0
199,1724716925089,899,800,800,823,846,848,844,892,830,800,808,799,800,799,800,799,800,800,848,872,826,892,892,800,901,828,800,800,800,800,800,848,0,0,0,0,0,0,0,0,0,0,0,0,0,0,0,5,0,0,0,0,4.761904716491699,0,0,0,0,0,0,0,0,4.761904716491699,100,0,33771.45495605469,17082.716552734375,0,404335509504,0,27052244992,0
199,1724716925289,899,800,800,823,846,848,844,892,830,800,808,799,800,799,800,799,800,800,848,872,826,892,892,800,901,828,800,800,800,800,800,848,0,0,0,0,0,0,0,0,0,0,0,0,0,0,0,0,0,0,0,0,0,0,0,0,0,0,0,0,0,0,100,0,33773.31457519531,17087.754821777344,0,404335509504,0,27052244992,0
199,1724716925489,899,800,800,823,846,848,844,892,830,800,808,799,800,799,800,799,800,800,848,872,826,892,892,800,901,828,800,800,800,800,800,848,0,0,0,0,0,0,0,0,0,0,0,0,0,0,0,0,0,0,0,0,0,0,0,0,0,0,0,0,4.761904716491699,0,100,0,33775.175354003906,17092.820922851563,0,404335509504,0,27052244992,0
199,1724716925689,899,800,800,823,846,848,844,892,830,800,808,799,800,799,800,799,800,800,848,872,826,892,892,800,901,828,800,800,800,800,800,848,5,5,0,5,20,0,0,0,4.761904716491699,0,0,0,0,0,0,9.523809432983398,0,0,0,0,0,5,0,4.761904716491699,5,0,5,5,5,5,100,4.761904716491699,33777.115478515625,17097.984497070313,0,404335509504,0,27052244992,0
199,1724716925889,899,800,800,823,846,848,844,892,830,800,808,799,800,799,800,799,800,800,848,872,826,892,892,800,901,828,800,800,800,800,800,848,0,0,0,0,4.761904716491699,0,0,0,0,0,0,0,4.761904716491699,0,0,0,0,0,0,0,10,4.761904716491699,0,0,0,0,0,0,0,0,100,0,33779.03466796875,17103.037658691406,0,404335509504,0,27052244992,0
199,1724716926089,899,800,800,823,846,848,844,892,830,800,808,799,800,799,800,799,800,800,848,872,826,892,892,800,901,828,800,800,800,800,800,848,10,10,5,5,5.263157844543457,9.523809432983398,21.052631378173828,9.523809432983398,10,5.263157844543457,5,15.000000953674316,10,5.263157844543457,9.523809432983398,9.523809432983398,35,9.523809432983398,50,5.263157844543457,20,5.263157844543457,5,10,10,5,5,9.523809432983398,10,5.555555820465088,100,9.523809432983398,33781.423095703125,17108.71160888672,0,404335509504,0,27052244992,0
199,1724716926289,899,800,800,823,846,848,844,892,830,800,808,799,800,799,800,799,800,800,848,872,826,892,892,800,901,828,800,800,800,800,800,848,0,0,0,0,0,0,0,0,0,0,0,0,0,0,0,5,0,0,40.90909194946289,0,0,0,0,0,0,0,0,0,0,0,100,0,33783.354248046875,17113.844360351563,0,404335509504,0,27052244992,0
199,1724716926489,899,800,800,823,846,848,844,892,830,800,808,799,800,799,800,799,800,800,848,872,826,892,892,800,901,828,800,800,800,800,800,848,0,0,0,0,4.761904716491699,0,0,5,0,4.761904716491699,0,0,0,0,0,0,5,0,0,4.761904716491699,0,0,0,0,0,5,0,0,0,4.761904716491699,100,0,33785.32531738281,17118.997009277344,0,404335509504,0,27052269568,0
199,1724716926689,899,800,800,823,846,848,844,892,830,800,808,799,800,799,800,799,800,800,848,872,826,892,892,800,901,828,800,800,800,800,800,848,0,0,0,0,4.761904716491699,0,0,5,0,4.761904716491699,0,0,0,0,0,0,5,0,0,4.761904716491699,0,0,0,0,0,5,0,0,0,4.761904716491699,100,0,33787.243408203125,17124.113220214844,0,404335509504,0,27052269568,0
199,1724716926890,899,800,800,823,846,848,844,892,830,800,808,799,800,799,800,799,800,800,848,872,826,892,892,800,901,828,800,800,800,800,800,848,7.142857551574707,0,2.4390242099761963,0,0,0,0,0,0,0,0,0,0,0,0,0,0,0,0,0,0,0,0,0,0,0,0,0,0,0,100,0,33789.16864013672,17129.363891601563,0,404335509504,0,27052269568,0
199,1724716927090,899,800,800,823,846,848,844,892,830,800,808,799,800,799,800,799,800,800,848,872,826,892,892,800,901,828,800,800,800,800,800,848,0,0,0,0,0,0,0,0,0,0,0,0,0,0,0,0,4.761904716491699,0,0,0,0,0,5,0,0,0,0,0,0,0,100,0,33791.100158691406,17134.42431640625,0,404335509504,0,27052269568,0
199,1724716927290,899,800,800,823,846,848,844,892,830,800,808,799,800,799,800,799,800,800,848,872,826,892,892,800,901,828,800,800,800,800,800,848,0,0,0,0,0,0,0,0,0,0,0,0,0,0,0,0,4.761904716491699,0,0,0,0,0,5,0,0,0,0,0,0,0,100,0,33793.050842285156,17139.58807373047,0,404335509504,0,27052273664,0
199,1724716927490,899,800,800,823,846,848,844,892,830,800,808,799,800,799,800,799,800,800,848,872,826,892,892,800,901,828,800,800,800,800,800,848,0,0,0,0,0,0,0,0,0,0,0,0,0,0,0,0,0,0,0,0,0,0,0,0,0,0,0,0,0,5,100,0,33794.98303222656,17144.728149414063,0,404335509504,0,27052273664,0
199,1724716927690,899,800,800,823,846,848,844,892,830,800,808,799,800,799,800,799,800,800,848,872,826,892,892,800,901,828,800,800,800,800,800,848,9.523809432983398,0,0,0,0,0,0,0,0,0,0,0,0,0,4.761904716491699,0,0,0,0,0,0,0,0,0,0,0,0,0,0,0,100,0,33796.83825683594,17149.942138671875,0,404335509504,0,27052273664,0
199,1724716927890,899,800,800,823,846,848,844,892,830,800,808,799,800,799,800,799,800,800,848,872,826,892,892,800,901,828,800,800,800,800,800,848,0,0,0,0,0,0,0,0,0,0,0,0,0,0,0,0,0,0,0,0,0,0,0,0,0,0,4.761904716491699,0,0,0,100,0,33798.660217285156,17155.068420410156,0,404335509504,0,27052273664,0
199,1724716928090,899,800,800,823,846,848,844,892,830,800,808,799,800,799,800,799,800,800,848,872,826,892,892,800,901,828,800,800,800,800,800,848,4.761904716491699,4.761904716491699,0,0,0,0,0,0,0,0,0,0,0,0,0,9.523809432983398,0,0,0,0,5,0,0,0,0,0,0,0,0,0,100,4.761904716491699,33800.57794189453,17160.249267578125,0,404335509504,0,27052277760,0
199,1724716928291,899,800,800,823,846,848,844,892,830,800,808,799,800,799,800,799,800,800,848,872,826,892,892,800,901,828,800,800,800,800,800,848,0,0,0,0,0,0,0,0,0,0,4.761904716491699,0,0,0,0,0,0,0,0,0,0,0,0,0,0,0,0,0,0,0,100,0,33802.45153808594,17165.310668945313,0,404335509504,0,27052277760,0
199,1724716928491,899,800,800,823,846,848,844,892,830,800,808,799,800,799,800,799,800,800,848,872,826,892,892,800,901,828,800,800,800,800,800,848,4.761904716491699,4.761904716491699,0,0,4.761904716491699,0,0,0,0,0,0,0,0,0,0,0,0,0,9.523809432983398,0,0,0,0,0,0,0,0,0,0,0,100,0,33804.32458496094,17170.436950683594,0,404335509504,0,27052277760,0
199,1724716928691,899,800,800,823,846,848,844,892,830,800,808,799,800,799,800,799,800,800,848,872,826,892,892,800,901,828,800,800,800,800,800,848,0,0,0,0,0,0,0,0,0,0,0,0,4.761904716491699,0,0,0,5,0,0,0,0,0,0,0,0,0,0,0,0,0,100,0,33806.215576171875,17175.584411621094,0,404335509504,0,27052277760,0
199,1724716928891,899,800,800,823,846,848,844,892,830,800,808,799,800,799,800,799,800,800,848,872,826,892,892,800,901,828,800,800,800,800,800,848,0,0,0,0,0,0,0,0,0,0,0,0,0,0,0,0,0,0,0,0,0,0,0,0,0,0,5,0,0,0,100,0,33808.10986328125,17180.74737548828,0,404335509504,0,27052277760,0
199,1724716929091,899,800,800,823,846,848,844,892,830,800,808,799,800,799,800,799,800,800,848,872,826,892,892,800,901,828,800,800,800,800,800,848,0,0,0,0,0,0,0,0,0,0,0,0,0,0,0,4.761904716491699,0,0,0,0,0,0,0,0,0,0,4.761904716491699,0,0,0,100,0,33810.00860595703,17185.897094726563,0,404335509504,0,27052277760,0
199,1724716929291,899,800,800,823,846,848,844,892,830,800,808,799,800,799,800,799,800,800,848,872,826,892,892,800,901,828,800,800,800,800,800,848,0,0,0,0,0,0,0,0,0,0,0,0,0,0,0,0,0,0,0,0,0,0,0,0,0,0,0,0,0,0,100,0,33811.861389160156,17191.013732910156,0,404335509504,0,27052277760,0
199,1724716929491,899,800,800,823,846,848,844,892,830,800,808,799,800,799,800,799,800,800,848,872,826,892,892,800,901,828,800,800,800,800,800,848,0,0,0,0,0,0,0,0,0,0,0,0,0,0,0,0,0,0,0,0,0,0,0,0,0,0,0,0,0,0,100,0,33813.72839355469,17196.056274414063,0,404335509504,0,27052277760,0
199,1724716929692,899,800,800,823,846,848,844,892,830,800,808,799,800,799,800,799,800,800,848,872,826,892,892,800,901,828,800,800,800,800,800,848,0,0,0,0,0,0,0,0,0,0,0,0,0,0,0,0,0,0,0,0,0,0,0,0,0,0,0,0,0,0,100,0,33815.61608886719,17201.272521972656,0,404335509504,0,27052277760,0
199,1724716929892,899,800,800,823,846,848,844,892,830,800,808,799,800,799,800,799,800,800,848,872,826,892,892,800,901,828,800,800,800,800,800,848,0,0,0,0,0,0,0,0,0,0,5,0,0,0,0,0,0,0,0,0,0,0,0,0,0,0,0,0,0,0,100,0,33817.518127441406,17206.43829345703,0,404335509504,0,27053879296,0
199,1724716930092,899,800,800,823,846,848,844,892,830,800,808,799,800,799,800,799,800,800,848,872,826,892,892,800,901,828,800,800,800,800,800,848,0,0,0,0,0,0,0,0,0,0,0,5,0,9.090909004211426,0,0,0,0,0,0,0,0,0,0,0,0,0,0,0,9.523809432983398,100,5,33819.431213378906,17211.647338867188,0,404335509504,0,27054182400,0
199,1724716930292,899,800,800,823,846,848,844,892,830,800,808,799,800,799,800,799,800,800,848,872,826,892,892,800,901,828,800,800,800,800,800,848,0,0,0,0,0,0,0,0,0,0,4.761904716491699,0,0,0,0,4.761904716491699,0,0,0,0,0,0,0,0,0,0,0,0,0,0,100,0,33821.31689453125,17216.848754882813,0,404335509504,0,27054190592,0
199,1724716930492,899,800,800,823,846,848,844,892,830,800,808,799,800,799,800,799,800,800,848,872,826,892,892,800,901,828,800,800,800,800,800,848,0,0,0,0,0,0,0,0,0,0,4.761904716491699,0,0,0,0,4.761904716491699,0,0,0,0,0,0,0,0,0,0,0,0,0,0,100,0,33823.1982421875,17222.007385253906,0,404335509504,0,27054202880,0
199,1724716930692,899,800,800,823,846,848,844,892,830,800,808,799,800,799,800,799,800,800,848,872,826,892,892,800,901,828,800,800,800,800,800,848,5,0,0,0,20,0,0,0,0,0,5,0,5,0,5,5,0,5,0,5,5,4.761904716491699,4.761904716491699,0,0,0,0,4.761904716491699,0,0,100,0,33825.153259277344,17227.251586914063,0,404335509504,0,27054202880,0
199,1724716930892,899,800,800,823,846,848,844,892,830,800,808,799,800,799,800,799,800,800,848,872,826,892,892,800,901,828,800,800,800,800,800,848,0,0,0,0,0,0,0,0,0,0,0,0,0,0,4.761904716491699,0,0,0,0,0,0,0,0,0,0,0,0,0,0,0,100,0,33827.066345214844,17232.45458984375,0,404335509504,0,27054202880,0
199,1724716931092,899,800,800,823,846,848,844,892,830,800,808,799,800,799,800,799,800,800,848,872,826,892,892,800,901,828,800,800,800,800,800,848,0,0,0,0,0,0,0,0,0,0,0,0,0,0,4.761904716491699,0,0,0,0,0,0,0,0,0,0,0,0,0,0,0,100,0,33829.18536376953,17237.952514648438,0,404335509504,0,27054202880,0
199,1724716931292,899,800,800,823,846,848,844,892,830,800,808,799,800,799,800,799,800,800,848,872,826,892,892,800,901,828,800,800,800,800,800,848,2.5641026496887207,5,0,2.4390242099761963,0,0,0,0,2.4390242099761963,4.878048419952393,5,2.4390242099761963,0,0,15.000000953674316,2.5641026496887207,0,0,0,0,5,2.5641026496887207,38.46154022216797,5.128205299377441,0,0,2.5,0,0,5.128205299377441,100,0,33831.09149169922,17243.12530517578,0,404335509504,0,27054518272,0
199,1724716931492,899,800,800,823,846,848,844,892,830,800,808,799,800,799,800,799,800,800,848,872,826,892,892,800,901,828,800,800,800,800,800,848,2.5641026496887207,5,0,2.4390242099761963,0,0,0,0,2.4390242099761963,4.878048419952393,5,2.4390242099761963,0,0,15.000000953674316,2.5641026496887207,0,0,0,0,5,2.5641026496887207,38.46154022216797,5.128205299377441,0,0,2.5,0,0,5.128205299377441,100,0,33833.040771484375,17248.312255859375,0,404335509504,0,27054518272,0
199,1724716931693,899,800,800,823,846,848,844,892,830,800,808,799,800,799,800,799,800,800,848,872,826,892,892,800,901,828,800,800,800,800,800,848,2.5,0,0,0,0,2.4390242099761963,2.4390242099761963,2.5,2.5,0,2.5,0,0,2.5,0,2.5,2.5,0,2.5,2.4390242099761963,2.5,2.4390242099761963,0,0,2.5,2.4390242099761963,0,2.5,2.4390242099761963,2.4390242099761963,100,0,33834.97766113281,17253.516235351563,0,404335509504,0,27054518272,0
199,1724716931893,899,800,800,823,846,848,844,892,830,800,808,799,800,799,800,799,800,800,848,872,826,892,892,800,901,828,800,800,800,800,800,848,0,0,0,0,0,0,0,0,0,0,0,0,0,0,0,0,0,0,0,0,0,0,0,0,0,0,0,0,0,0,100,0,33836.915588378906,17258.586364746094,0,404335509504,0,27054518272,0
199,1724716932093,899,800,800,823,846,848,844,892,830,800,808,799,800,799,800,799,800,800,848,872,826,892,892,800,901,828,800,800,800,800,800,848,0,0,0,0,4.761904716491699,0,0,0,5,0,0,0,0,0,0,5,0,0,0,0,0,0,0,0,0,0,0,0,0,0,100,4.761904716491699,33838.85974121094,17263.801391601563,0,404335509504,0,27054551040,0
199,1724716932293,899,800,800,823,846,848,844,892,830,800,808,799,800,799,800,799,800,800,848,872,826,892,892,800,901,828,800,800,800,800,800,848,0,0,0,0,4.761904716491699,0,0,0,5,0,0,0,0,0,0,5,0,0,0,0,0,0,0,0,0,0,0,0,0,0,100,4.761904716491699,33840.79736328125,17268.96807861328,0,404335509504,0,27054555136,0
199,1724716932493,899,800,800,823,846,848,844,892,830,800,808,799,800,799,800,799,800,800,848,872,826,892,892,800,901,828,800,800,800,800,800,848,0,0,0,0,0,0,0,0,2.5641026496887207,0,0,0,0,0,0,0,0,0,0,0,0,0,0,0,2.4390242099761963,0,0,2.5,0,0,100,0,33842.68096923828,17274.11083984375,0,404335509504,0,27054555136,0
199,1724716932693,899,800,800,823,846,848,844,892,830,800,808,799,800,799,800,799,800,800,848,872,826,892,892,800,901,828,800,800,800,800,800,848,0,0,0,0,0,0,0,0,0,0,0,0,0,0,0,0,0,0,4.761904716491699,0,0,0,0,0,0,0,0,0,0,0,100,0,33844.59881591797,17279.279907226563,0,404335509504,0,27054555136,0
199,1724716932893,899,800,800,823,846,848,844,892,830,800,808,799,800,799,800,799,800,800,848,872,826,892,892,800,901,828,800,800,800,800,800,848,0,0,0,0,0,0,0,0,0,0,0,0,0,0,0,0,0,0,0,0,0,0,0,0,0,0,0,0,0,0,100,0,33846.52917480469,17284.45263671875,0,404335509504,0,27054555136,0
199,1724716933093,899,800,800,823,846,848,844,892,830,800,808,799,800,799,800,799,800,800,848,872,826,892,892,800,901,828,800,800,800,800,800,848,0,4.761904716491699,0,0,0,0,0,0,0,0,0,0,0,0,0,0,0,0,0,0,0,0,0,0,0,0,0,0,0,0,100,5.263157844543457,33848.44641113281,17289.659057617188,0,404335509504,0,27054571520,0
199,1724716933294,899,800,800,823,846,848,844,892,830,800,808,799,800,799,800,799,800,800,848,872,826,892,892,800,901,828,800,800,800,800,800,848,0,0,0,0,0,0,0,0,0,0,0,0,4.761904716491699,0,0,0,4.761904716491699,0,0,0,0,0,0,0,0,0,0,0,0,0,100,0,33850.360412597656,17294.760314941406,0,404335509504,0,27054571520,0
199,1724716933494,899,800,800,823,846,848,844,892,830,800,808,799,800,799,800,799,800,800,848,872,826,892,892,800,901,828,800,800,800,800,800,848,5,0,0,0,0,0,0,0,0,0,0,0,0,0,0,0,0,0,0,0,0,0,0,0,0,0,0,0,0,0,100,0,33852.31750488281,17299.983642578125,0,404335509504,0,27052335104,0
199,1724716933694,899,800,800,823,846,848,844,892,830,800,808,799,800,799,800,799,800,800,848,872,826,892,892,800,901,828,800,800,800,800,800,848,0,0,0,0,0,0,0,0,0,0,0,0,4.761904716491699,0,5,0,0,0,0,0,0,0,0,0,0,0,0,0,0,0,100,0,33854.23449707031,17305.11883544922,0,404335509504,0,27052335104,0
199,1724716933894,899,800,800,823,846,848,844,892,830,800,808,799,800,799,800,799,800,800,848,872,826,892,892,800,901,828,800,800,800,800,800,848,0,0,0,0,0,0,0,0,0,0,4.761904716491699,0,0,0,4.761904716491699,0,0,0,0,0,0,0,0,4.761904716491699,0,0,0,0,0,0,100,0,33856.09002685547,17310.233825683594,0,404335509504,0,27052335104,0
199,1724716934094,899,800,800,823,846,848,844,892,830,800,808,799,800,799,800,799,800,800,848,872,826,892,892,800,901,828,800,800,800,800,800,848,5,0,0,0,0,0,0,0,0,0,0,0,0,0,0,0,5,0,0,0,5,0,0,0,0,0,0,0,0,0,100,4.761904716491699,33857.923889160156,17315.472717285156,0,404335509504,0,27052335104,0
199,1724716934294,899,800,800,823,846,848,844,892,830,800,808,799,800,799,800,799,800,800,848,872,826,892,892,800,901,828,800,800,800,800,800,848,5,0,0,0,0,0,0,0,0,0,4.761904716491699,0,0,0,0,0,0,0,0,0,0,0,0,0,0,0,0,0,0,0,100,0,33859.781494140625,17320.576232910156,0,404335509504,0,27052335104,0
199,1724716934494,899,800,800,823,846,848,844,892,830,800,808,799,800,799,800,799,800,800,848,872,826,892,892,800,901,828,800,800,800,800,800,848,9.090909004211426,0,0,0,0,0,0,0,0,0,0,0,0,0,0,0,0,0,0,0,0,0,0,4.761904716491699,0,0,4.761904716491699,0,0,0,100,0,33861.630859375,17325.714111328125,0,404335509504,0,27052335104,0
199,1724716934695,899,800,800,823,846,848,844,892,830,800,808,799,800,799,800,799,800,800,848,872,826,892,892,800,901,828,800,800,800,800,800,848,0,0,0,0,0,0,0,0,0,0,0,0,0,0,0,0,0,0,0,0,0,0,0,0,0,0,0,0,0,0,100,0,33863.445251464844,17330.935607910156,0,404335509504,0,27052335104,0
199,1724716934895,899,800,800,823,846,848,844,892,830,800,808,799,800,799,800,799,800,800,848,872,826,892,892,800,901,828,800,800,800,800,800,848,0,0,0,0,0,0,0,0,0,0,0,0,0,0,0,0,0,0,0,0,0,0,0,0,0,0,0,0,0,0,100,0,33865.32360839844,17336.08563232422,0,404335509504,0,27052335104,0
199,1724716935095,899,800,800,823,846,848,844,892,830,800,808,799,800,799,800,799,800,800,848,872,826,892,892,800,901,828,800,800,800,800,800,848,4.761904716491699,4.761904716491699,0,0,0,0,0,0,0,0,0,0,0,0,4.761904716491699,0,0,0,0,0,0,4.761904716491699,9.523809432983398,0,0,0,0,0,0,0,100,0,33867.26318359375,17341.339111328125,0,404335509504,0,27052339200,0
199,1724716935295,899,800,800,823,846,848,844,892,830,800,808,799,800,799,800,799,800,800,848,872,826,892,892,800,901,828,800,800,800,800,800,848,0,0,0,0,0,0,0,0,0,0,0,0,0,0,0,0,5,0,0,0,0,0,0,0,0,0,0,0,0,0,100,0,33869.16149902344,17346.521545410156,0,404335509504,0,27052339200,0
199,1724716935495,899,800,800,823,846,848,844,892,830,800,808,799,800,799,800,799,800,800,848,872,826,892,892,800,901,828,800,800,800,800,800,848,0,0,0,0,0,0,0,0,0,0,0,0,4.761904716491699,0,0,0,0,0,0,0,0,0,0,0,0,0,4.761904716491699,0,0,0,100,0,33871.07482910156,17351.663696289063,0,404335509504,0,27052339200,0
199,1724716935695,899,800,800,823,846,848,844,892,830,800,808,799,800,799,800,799,800,800,848,872,826,892,892,800,901,828,800,800,800,800,800,848,5,0,5,4.761904716491699,23.809524536132813,5,5,5,0,0,0,9.090909004211426,5,0,0,5,9.523809432983398,0,0,5,5,5,4.761904716491699,0,0,5,0,0,0,0,100,5,33873.034240722656,17356.997192382813,0,404335509504,0,27052306432,0
199,1724716935895,899,800,800,823,846,848,844,892,830,800,808,799,800,799,800,799,800,800,848,872,826,892,892,800,901,828,800,800,800,800,800,848,0,0,0,0,0,0,0,5,0,0,9.523809432983398,0,0,4.761904716491699,0,0,0,0,0,0,0,0,0,4.761904716491699,0,0,0,0,0,0,100,0,33874.97784423828,17362.19061279297,0,404335509504,0,27052306432,0
199,1724716936095,899,800,800,823,846,848,844,892,830,800,808,799,800,799,800,799,800,800,848,872,826,892,892,800,901,828,800,800,800,800,800,848,0,0,0,0,0,0,0,5,0,0,9.523809432983398,0,0,4.761904716491699,0,0,0,0,0,0,0,0,0,4.761904716491699,0,0,0,0,0,0,100,0,33877.28692626953,17367.98223876953,0,404335509504,0,27052306432,0
199,1724716936295,899,800,800,823,846,848,844,892,830,800,808,799,800,799,800,799,800,800,848,872,826,892,892,800,901,828,800,800,800,800,800,848,0,50,2.5,0,10.256410598754883,2.5,0,2.5,2.5,7.142857551574707,0,0,2.5641026496887207,2.5641026496887207,2.5,4.878048419952393,2.5,2.5,5,2.5,0,2.5641026496887207,2.5,2.5,2.5,0,2.5,5.128205299377441,7.500000476837158,7.500000476837158,100,2.5,33879.69061279297,17373.476928710938,0,404335509504,0,27052306432,0
199,1724716936496,899,800,800,823,846,848,844,892,830,800,808,799,800,799,800,799,800,800,848,872,826,892,892,800,901,828,800,800,800,800,800,848,0,0,0,0,0,0,0,0,0,0,0,0,0,0,0,0,0,0,0,0,0,0,0,0,0,0,0,0,4.761904716491699,4.761904716491699,100,0,33881.65625,17378.71160888672,0,404335509504,0,27052306432,0
199,1724716936696,899,800,800,823,846,848,844,892,830,800,808,799,800,799,800,799,800,800,848,872,826,892,892,800,901,828,800,800,800,800,800,848,0,0,0,0,0,0,0,0,0,0,0,0,0,0,0,0,0,0,0,0,0,0,0,0,0,0,0,0,0,0,100,0,33883.53271484375,17383.883056640625,0,404335509504,0,27052306432,0
199,1724716936896,899,800,800,823,846,848,844,892,830,800,808,799,800,799,800,799,800,800,848,872,826,892,892,800,901,828,800,800,800,800,800,848,5,0,0,0,10,0,0,0,0,0,4.761904716491699,0,4.761904716491699,4.761904716491699,5,0,0,4.761904716491699,5,0,4.761904716491699,4.761904716491699,0,0,0,5,0,0,0,0,100,5,33885.61767578125,17389.15447998047,0,404335509504,0,27052306432,0
199,1724716937096,899,800,800,823,846,848,844,892,830,800,808,799,800,799,800,799,800,800,848,872,826,892,892,800,901,828,800,800,800,800,800,848,0,0,0,0,0,0,0,0,0,0,0,0,0,0,0,0,0,0,0,0,0,0,0,0,0,0,0,0,0,0,100,0,33887.54754638672,17394.266235351563,0,404335509504,0,27052560384,0
199,1724716937296,899,800,800,823,846,848,844,892,830,800,808,799,800,799,800,799,800,800,848,872,826,892,892,800,901,828,800,800,800,800,800,848,4.761904716491699,0,0,0,5,0,0,0,0,0,0,0,0,0,0,0,0,0,0,0,0,0,0,0,0,0,0,0,0,0,100,0,33889.61395263672,17399.51708984375,0,404335509504,0,27052560384,0
199,1724716937496,899,800,800,823,846,848,844,892,830,800,808,799,800,799,800,799,800,800,848,872,826,892,892,800,901,828,800,800,800,800,800,848,0,0,0,0,0,0,0,0,0,0,0,0,0,0,0,0,4.761904716491699,0,0,0,0,0,0,0,0,0,0,5,0,0,100,0,33891.62469482422,17404.761840820313,0,404335509504,0,27052564480,0
199,1724716937696,899,800,800,823,846,848,844,892,830,800,808,799,800,799,800,799,800,800,848,872,826,892,892,800,901,828,800,800,800,800,800,848,0,0,0,0,0,0,0,0,0,4.761904716491699,0,0,0,0,0,0,0,0,0,0,0,0,0,0,0,0,0,0,0,0,100,0,33893.53649902344,17409.991943359375,0,404335509504,0,27052703744,0
199,1724716937897,899,800,800,823,846,848,844,892,830,800,808,799,800,799,800,799,800,800,848,872,826,892,892,800,901,828,800,800,800,800,800,848,0,0,0,0,0,0,0,0,0,4.761904716491699,0,0,0,0,0,0,0,0,0,0,0,0,0,0,0,0,0,0,0,0,100,0,33895.43835449219,17415.150329589844,0,404335509504,0,27052703744,0
199,1724716938097,899,800,800,823,846,848,844,892,830,800,808,799,800,799,800,799,800,800,848,872,826,892,892,800,901,828,800,800,800,800,800,848,0,0,0,0,5,0,0,0,0,0,0,0,0,0,0,0,5,0,0,0,4.761904716491699,0,0,0,0,0,0,0,0,0,100,0,33897.3828125,17420.38006591797,0,404335509504,0,27052843008,0
199,1724716938297,899,800,800,823,846,848,844,892,830,800,808,799,800,799,800,799,800,800,848,872,826,892,892,800,901,828,800,800,800,800,800,848,0,0,0,0,0,0,0,0,0,0,0,0,0,0,0,0,0,0,0,0,0,0,0,0,0,0,0,0,0,0,100,0,33899.35498046875,17425.51336669922,0,404335509504,0,27052843008,0
199,1724716938497,899,800,800,823,846,848,844,892,830,800,808,799,800,799,800,799,800,800,848,872,826,892,892,800,901,828,800,800,800,800,800,848,0,0,0,0,0,0,0,0,0,0,0,0,0,0,0,0,0,0,0,0,0,0,0,0,0,0,0,0,0,0,100,0,33901.27282714844,17430.705078125,0,404335509504,0,27052843008,0
199,1724716938697,899,800,800,823,846,848,844,892,830,800,808,799,800,799,800,799,800,800,848,872,826,892,892,800,901,828,800,800,800,800,800,848,0,0,0,0,2.5,0,0,0,0,4.761904716491699,2.4390242099761963,0,0,0,0,0,0,0,0,0,0,0,0,0,0,0,0,0,2.5,0,100,0,33903.21032714844,17435.87713623047,0,404335509504,0,27052982272,0
199,1724716938897,899,800,800,823,846,848,844,892,830,800,808,799,800,799,800,799,800,800,848,872,826,892,892,800,901,828,800,800,800,800,800,848,0,0,0,0,0,4.761904716491699,0,0,0,0,0,0,0,0,0,0,0,0,0,0,0,0,0,0,0,0,0,0,0,0,100,0,33905.128845214844,17441.061767578125,0,404335509504,0,27052982272,0
199,1724716939097,899,800,800,823,846,848,844,892,830,800,808,799,800,799,800,799,800,800,848,872,826,892,892,800,901,828,800,800,800,800,800,848,0,0,0,0,0,5,0,0,0,0,0,0,0,0,0,0,5,0,0,0,0,0,0,0,0,0,0,0,0,0,100,5,33907.046447753906,17446.220336914063,0,404335509504,0,27053277184,0
199,1724716939298,899,800,800,823,846,848,844,892,830,800,808,799,800,799,800,799,800,800,848,872,826,892,892,800,901,828,800,800,800,800,800,848,0,0,0,0,0,4.761904716491699,0,0,0,0,5,0,0,0,0,0,0,0,0,0,0,0,0,0,0,0,0,0,0,0,100,0,33908.96942138672,17451.429260253906,0,404335509504,0,27053277184,0
199,1724716939498,899,800,800,823,846,848,844,892,830,800,808,799,800,799,800,799,800,800,848,872,826,892,892,800,901,828,800,800,800,800,800,848,0,0,0,0,0,0,9.523809432983398,0,0,0,0,0,0,0,0,0,0,0,0,0,0,0,0,0,0,0,0,0,0,0,100,0,33910.900390625,17456.63494873047,0,404335509504,0,27053277184,0
199,1724716939698,899,800,800,823,846,848,844,892,830,800,808,799,800,799,800,799,800,800,848,872,826,892,892,800,901,828,800,800,800,800,800,848,0,0,0,0,0,0,0,0,0,0,0,0,0,0,0,0,0,0,0,0,0,0,0,0,0,0,0,0,0,0,100,0,33912.835205078125,17461.742797851563,0,404335509504,0,27053277184,0
199,1724716939898,899,800,800,823,846,848,844,892,830,800,808,799,800,799,800,799,800,800,848,872,826,892,892,800,901,828,800,800,800,800,800,848,0,0,0,0,0,0,0,0,0,0,0,0,0,0,0,0,0,0,0,0,0,0,0,0,0,0,0,0,0,0,100,0,33914.73962402344,17466.815673828125,0,404335509504,0,27053277184,0
199,1724716940098,899,800,800,823,846,848,844,892,830,800,808,799,800,799,800,799,800,800,848,872,826,892,892,800,901,828,800,800,800,800,800,848,0,0,0,0,4.761904716491699,0,5,0,4.761904716491699,0,9.523809432983398,0,5,0,0,0,0,0,0,0,0,0,0,0,0,0,0,0,0,0,100,0,33916.66375732422,17472.009826660156,0,404335509504,0,27053555712,0
199,1724716940298,899,800,800,823,846,848,844,892,830,800,808,799,800,799,800,799,800,800,848,872,826,892,892,800,901,828,800,800,800,800,800,848,4.761904716491699,0,0,0,0,0,0,0,0,0,0,0,0,0,0,0,0,0,0,0,0,0,0,0,0,0,0,4.761904716491699,0,0,100,0,33918.57891845703,17477.214782714844,0,404335509504,0,27053559808,0
199,1724716940498,899,800,800,823,846,848,844,892,830,800,808,799,800,799,800,799,800,800,848,872,826,892,892,800,901,828,800,800,800,800,800,848,0,0,0,0,0,0,0,0,0,0,0,0,0,0,0,0,0,0,0,0,0,0,0,0,0,0,0,0,0,0,100,0,33920.55322265625,17482.392944335938,0,404335509504,0,27053559808,0
199,1724716940699,899,800,800,823,846,848,844,892,830,800,808,799,800,799,800,799,800,800,848,872,826,892,892,800,901,828,800,800,800,800,800,848,4.761904716491699,4.761904716491699,0,5,20,0,5,5,0,0,0,0,0,0,0,0,0,0,0,0,5,0,0,0,0,0,0,10,0,0,100,5,33922.56640625,17487.690368652344,0,404335509504,0,27053559808,0
199,1724716940899,899,800,800,823,846,848,844,892,830,800,808,799,800,799,800,799,800,800,848,872,826,892,892,800,901,828,800,800,800,800,800,848,0,0,0,0,0,0,0,0,0,0,0,0,0,0,0,0,9.090909004211426,0,0,0,0,9.523809432983398,9.523809432983398,0,0,0,0,0,0,4.761904716491699,100,0,33924.538146972656,17492.8876953125,0,404335509504,0,27053625344,0
199,1724716941099,899,800,800,823,846,848,844,892,830,800,808,799,800,799,800,799,800,800,848,872,826,892,892,800,901,828,800,800,800,800,800,848,4.761904716491699,0,4.761904716491699,0,0,0,5.263157844543457,5,9.523809432983398,0,5,80.95238494873047,5.263157844543457,0,0,0,21.052631378173828,5,0,0,10,5,10,4.761904716491699,5,5,5,5,5,4.761904716491699,100,0,33926.811462402344,17498.705139160156,0,404335509504,0,27053764608,0
199,1724716941299,899,800,800,823,846,848,844,892,830,800,808,799,800,799,800,799,800,800,848,872,826,892,892,800,901,828,800,800,800,800,800,848,0,0,0,0,0,0,0,0,0,0,4.761904716491699,5.263157844543457,0,0,0,0,0,0,0,0,0,0,0,0,4.761904716491699,0,0,0,0,0,100,0,33929.03369140625,17504.094665527344,0,404335509504,0,27053764608,0
199,1724716941499,899,800,800,823,846,848,844,892,830,800,808,799,800,799,800,799,800,800,848,872,826,892,892,800,901,828,800,800,800,800,800,848,0,0,0,0,0,0,0,0,0,0,0,0,4.761904716491699,0,0,0,0,0,0,0,0,0,0,0,0,0,4.545454502105713,0,0,0,100,0,33930.94464111328,17509.321350097656,0,404335509504,0,27053764608,0
199,1724716941699,899,800,800,823,846,848,844,892,830,800,808,799,800,799,800,799,800,800,848,872,826,892,892,800,901,828,800,800,800,800,800,848,0,0,0,5,10,0,4.761904716491699,0,0,0,0,4.761904716491699,0,0,0,0,0,0,4.761904716491699,0,0,4.761904716491699,0,0,0,0,0,0,0,0,100,0,33932.95397949219,17514.588806152344,0,404335509504,0,27051970560,0
199,1724716941899,899,800,800,823,846,848,844,892,830,800,808,799,800,799,800,799,800,800,848,872,826,892,892,800,901,828,800,800,800,800,800,848,0,0,0,0,0,0,0,0,0,0,0,0,0,0,0,0,0,0,0,0,0,0,0,0,0,0,0,0,0,0,100,0,33934.856384277344,17519.72869873047,0,404335509504,0,27051970560,0
199,1724716942099,899,800,800,823,846,848,844,892,830,800,808,799,800,799,800,799,800,800,848,872,826,892,892,800,901,828,800,800,800,800,800,848,0,4.761904716491699,0,0,0,0,0,0,0,0,0,0,0,0,0,4.761904716491699,0,0,0,0,4.761904716491699,0,0,0,0,0,0,0,0,0,100,0,33936.814025878906,17524.909912109375,0,404335509504,0,27051970560,0
199,1724716942300,899,800,800,823,846,848,844,892,830,800,808,799,800,799,800,799,800,800,848,872,826,892,892,800,901,828,800,800,800,800,800,848,0,0,0,0,5,0,0,0,0,0,0,0,0,0,0,0,0,0,0,0,0,0,0,0,0,0,0,0,0,0,100,0,33938.827697753906,17530.123962402344,0,404335509504,0,27051970560,0
199,1724716942500,899,800,800,823,846,848,844,892,830,800,808,799,800,799,800,799,800,800,848,872,826,892,892,800,901,828,800,800,800,800,800,848,0,0,0,0,0,0,0,0,0,0,0,0,0,0,0,0,0,0,0,0,0,0,0,0,0,0,0,0,0,0,100,0,33940.76983642578,17535.286743164063,0,404335509504,0,27051970560,0
199,1724716942700,899,800,800,823,846,848,844,892,830,800,808,799,800,799,800,799,800,800,848,872,826,892,892,800,901,828,800,800,800,800,800,848,0,0,0,0,0,0,0,0,0,0,0,0,0,0,0,5,0,0,0,0,0,0,0,0,0,0,0,0,0,0,100,0,33942.68017578125,17540.493774414063,0,404335509504,0,27051970560,0
199,1724716942900,899,800,800,823,846,848,844,892,830,800,808,799,800,799,800,799,800,800,848,872,826,892,892,800,901,828,800,800,800,800,800,848,0,0,0,0,0,0,0,0,0,0,0,0,0,0,0,4.761904716491699,0,0,0,0,0,0,0,0,0,0,0,0,0,0,100,0,33944.58703613281,17545.66729736328,0,404335509504,0,27051974656,0
199,1724716943100,899,800,800,823,846,848,844,892,830,800,808,799,800,799,800,799,800,800,848,872,826,892,892,800,901,828,800,800,800,800,800,848,0,0,0,0,0,0,5,0,0,0,0,0,4.761904716491699,4.761904716491699,0,0,0,0,0,0,0,0,0,0,0,0,0,0,0,0,100,9.523809432983398,33946.58087158203,17550.92547607422,0,404335509504,0,27051974656,0
199,1724716943301,899,800,800,823,846,848,844,892,830,800,808,799,800,799,800,799,800,800,848,872,826,892,892,800,901,828,800,800,800,800,800,848,0,0,0,0,0,0,5,0,0,0,0,0,0,0,0,0,0,0,0,0,0,0,0,9.523809432983398,5,0,0,0,0,0,100,0,33948.754333496094,17556.115600585938,0,404335509504,0,27053629440,0
199,1724716943500,899,800,800,823,846,848,844,892,830,800,808,799,800,799,800,799,800,800,848,872,826,892,892,800,901,828,800,800,800,800,800,848,0,0,0,0,0,0,5,0,0,0,0,0,0,0,0,0,0,0,0,0,0,0,0,9.523809432983398,5,0,0,0,0,0,100,0,33950.769104003906,17561.314208984375,0,404335509504,0,27053903872,0
199,1724716943701,899,800,800,823,846,848,844,892,830,800,808,799,800,799,800,799,800,800,848,872,826,892,892,800,901,828,800,800,800,800,800,848,2.4390242099761963,0,0,0,0,0,0,0,0,0,0,0,0,2.5641026496887207,0,2.5641026496887207,0,0,0,0,0,0,0,2.5,0,0,0,0,0,0,100,0,33952.63952636719,17566.463623046875,0,404335509504,0,27053903872,0
199,1724716943901,899,800,800,823,846,848,844,892,830,800,808,799,800,799,800,799,800,800,848,872,826,892,892,800,901,828,800,800,800,800,800,848,0,0,0,0,0,0,0,0,0,0,0,0,0,4.761904716491699,0,0,0,0,0,0,0,0,0,0,0,0,0,0,0,0,100,0,33954.517822265625,17571.64434814453,0,404335509504,0,27054219264,0
199,1724716944101,899,800,800,823,846,848,844,892,830,800,808,799,800,799,800,799,800,800,848,872,826,892,892,800,901,828,800,800,800,800,800,848,0,0,0,0,0,0,5,0,0,0,0,0,0,0,0,0,4.761904716491699,0,0,0,0,0,0,0,0,0,0,0,0,0,100,4.761904716491699,33956.42889404297,17576.79168701172,0,404335509504,0,27054219264,0
199,1724716944301,899,800,800,823,846,848,844,892,830,800,808,799,800,799,800,799,800,800,848,872,826,892,892,800,901,828,800,800,800,800,800,848,0,0,0,0,0,0,0,0,0,0,4.761904716491699,0,0,0,0,0,0,0,0,0,0,0,0,5.263157844543457,0,0,0,0,0,0,100,0,33958.38684082031,17581.95440673828,0,404335509504,0,27055853568,0
199,1724716944501,899,800,800,823,846,848,844,892,830,800,808,799,800,799,800,799,800,800,848,872,826,892,892,800,901,828,800,800,800,800,800,848,0,0,0,0,0,0,0,0,0,0,0,0,0,0,0,0,0,0,0,0,0,0,0,0,0,0,0,0,0,0,100,0,33960.27844238281,17587.03564453125,0,404335509504,0,27055865856,0
199,1724716944701,899,800,800,823,846,848,844,892,830,800,808,799,800,799,800,799,800,800,848,872,826,892,892,800,901,828,800,800,800,800,800,848,5,4.761904716491699,0,4.761904716491699,4.761904716491699,5,5,0,0,5,5,0,4.761904716491699,0,5,5.263157844543457,5,5,5,5,9.090909004211426,0,4.761904716491699,4.761904716491699,5.263157844543457,5,5,5,5,4.761904716491699,100,0,33962.28302001953,17592.28289794922,0,404335509504,0,27055865856,0
199,1724716944901,899,800,800,823,846,848,844,892,830,800,808,799,800,799,800,799,800,800,848,872,826,892,892,800,901,828,800,800,800,800,800,848,0,0,0,0,0,0,0,0,0,0,0,0,0,0,0,0,0,0,0,0,0,0,0,0,0,0,0,0,0,0,100,0,33964.15026855469,17597.440979003906,0,404335509504,0,27055865856,0
199,1724716945101,899,800,800,823,846,848,844,892,830,800,808,799,800,799,800,799,800,800,848,872,826,892,892,800,901,828,800,800,800,800,800,848,0,0,0,0,0,0,0,0,0,0,0,0,0,0,0,0,0,0,0,0,0,0,0,0,0,0,0,0,0,0,100,4.761904716491699,33966.03955078125,17602.62518310547,0,404335509504,0,27055865856,0
199,1724716945302,899,800,800,823,846,848,844,892,830,800,808,799,800,799,800,799,800,800,848,872,826,892,892,800,901,828,800,800,800,800,800,848,0,0,0,0,0,0,0,0,0,0,0,0,0,0,0,0,0,0,0,0,0,0,0,0,0,0,0,0,0,0,100,0,33967.93585205078,17607.758056640625,0,404335509504,0,27055865856,0
199,1724716945502,899,800,800,823,846,848,844,892,830,800,808,799,800,799,800,799,800,800,848,872,826,892,892,800,901,828,800,800,800,800,800,848,0,0,0,0,0,0,0,0,0,0,0,4.761904716491699,10,0,0,0,0,0,0,0,0,4.761904716491699,0,0,0,0,0,0,0,0,100,0,33969.795959472656,17612.956909179688,0,404335509504,0,27057778688,0
199,1724716945702,899,800,800,823,846,848,844,892,830,800,808,799,800,799,800,799,800,800,848,872,826,892,892,800,901,828,800,800,800,800,800,848,5,0,9.090909004211426,0,20,5,0,5,4.761904716491699,9.523809432983398,5,0,4.761904716491699,0,0,0,10,0,0,5,0,0,0,5,5,4.761904716491699,4.761904716491699,9.523809432983398,5,0,100,0,33971.73809814453,17618.291625976563,0,404335509504,0,27057790976,0
199,1724716945902,899,800,800,823,846,848,844,892,830,800,808,799,800,799,800,799,800,800,848,872,826,892,892,800,901,828,800,800,800,800,800,848,4.761904716491699,9.523809432983398,0,0,0,4.761904716491699,0,0,0,0,0,10,0,9.523809432983398,0,5,10,0,0,0,4.761904716491699,0,4.761904716491699,0,0,0,0,0,0,0,100,0,33973.72302246094,17623.612731933594,0,404335509504,0,27058069504,0
199,1724716946102,899,800,800,823,846,848,844,892,830,800,808,799,800,799,800,799,800,800,848,872,826,892,892,800,901,828,800,800,800,800,800,848,4.761904716491699,9.523809432983398,0,0,0,4.761904716491699,0,0,0,0,0,10,0,9.523809432983398,0,5,10,0,0,0,4.761904716491699,0,4.761904716491699,0,0,0,0,0,0,0,100,0,33976.0205078125,17629.236389160156,0,404335509504,0,27058073600,0
199,1724716946302,899,800,800,823,846,848,844,892,830,800,808,799,800,799,800,799,800,800,848,872,826,892,892,800,901,828,800,800,800,800,800,848,5,0,0,0,0,0,0,0,0,0,0,0,0,0,0,0,0,0,0,30.000001907348633,0,0,0,0,0,0,0,0,0,0,100,0,33977.92687988281,17634.454956054688,0,404335509504,0,27058438144,0
199,1724716946502,899,800,800,823,846,848,844,892,830,800,808,799,800,799,800,799,800,800,848,872,826,892,892,800,901,828,800,800,800,800,800,848,5,0,0,0,0,0,0,0,0,0,0,0,0,0,0,0,0,0,0,30.000001907348633,0,0,0,0,0,0,0,0,0,0,100,0,33979.82586669922,17639.574645996094,0,404335509504,0,27058438144,0
199,1724716946703,899,800,800,823,846,848,844,892,830,800,808,799,800,799,800,799,800,800,848,872,826,892,892,800,901,828,800,800,800,800,800,848,2.5,0,0,0,0,0,0,0,0,0,0,0,2.4390242099761963,0,0,0,2.4390242099761963,0,2.5,0,0,0,0,0,0,0,0,0,0,0,100,0,33981.70568847656,17644.79071044922,0,404335509504,0,27058446336,0
199,1724716946903,899,800,800,823,846,848,844,892,830,800,808,799,800,799,800,799,800,800,848,872,826,892,892,800,901,828,800,800,800,800,800,848,4.761904716491699,0,0,0,0,0,0,0,0,0,0,0,5,0,0,0,0,0,0,0,0,0,0,0,0,0,0,0,0,0,100,0,33983.61004638672,17650.034606933594,0,404335509504,0,27058446336,0
199,1724716947103,899,800,800,823,846,848,844,892,830,800,808,799,800,799,800,799,800,800,848,872,826,892,892,800,901,828,800,800,800,800,800,848,4.761904716491699,0,0,0,0,0,0,0,4.761904716491699,0,0,0,0,0,0,5,0,0,0,0,0,0,0,5,0,0,0,0,0,0,100,5,33985.542053222656,17655.217529296875,0,404335509504,0,27058802688,0
199,1724716947303,899,800,800,823,846,848,844,892,830,800,808,799,800,799,800,799,800,800,848,872,826,892,892,800,901,828,800,800,800,800,800,848,0,4.761904716491699,0,0,0,0,0,0,0,0,4.761904716491699,0,5,0,0,0,0,0,0,0,0,0,0,0,0,0,0,0,0,0,100,0,33987.437927246094,17660.429565429688,0,404335509504,0,27058802688,0
199,1724716947503,899,800,800,823,846,848,844,892,830,800,808,799,800,799,800,799,800,800,848,872,826,892,892,800,901,828,800,800,800,800,800,848,0,0,0,0,0,0,0,0,0,0,0,0,0,0,0,0,0,0,0,0,0,0,0,0,0,0,0,0,0,0,100,0,33989.35321044922,17665.593688964844,0,404335509504,0,27058802688,0
199,1724716947703,899,800,800,823,846,848,844,892,830,800,808,799,800,799,800,799,800,800,848,872,826,892,892,800,901,828,800,800,800,800,800,848,0,4.761904716491699,0,0,0,0,0,0,0,0,0,0,0,0,4.761904716491699,0,5,0,0,0,0,0,0,0,0,0,0,0,0,0,100,0,33991.237548828125,17670.809936523438,0,404335509504,0,27058802688,0
199,1724716947903,899,800,800,823,846,848,844,892,830,800,808,799,800,799,800,799,800,800,848,872,826,892,892,800,901,828,800,800,800,800,800,848,0,0,0,0,0,0,0,0,0,0,0,0,0,0,0,0,0,0,0,0,0,0,0,5,0,0,0,0,0,0,100,0,33993.16174316406,17676.04180908203,0,404335509504,0,27058802688,0
199,1724716948103,899,800,800,823,846,848,844,892,830,800,808,799,800,799,800,799,800,800,848,872,826,892,892,800,901,828,800,800,800,800,800,848,0,0,0,0,0,0,0,0,0,0,0,0,0,0,0,0,0,0,0,0,4.761904716491699,0,0,0,0,0,0,0,0,0,100,0,33995.07849121094,17681.206665039063,0,404335509504,0,27056562176,0
199,1724716948304,899,800,800,823,846,848,844,892,830,800,808,799,800,799,800,799,800,800,848,872,826,892,892,800,901,828,800,800,800,800,800,848,0,0,0,0,0,0,0,0,0,0,0,0,0,0,0,0,0,0,0,0,0,0,5,0,0,0,0,0,0,0,100,0,33997.023498535156,17686.417114257813,0,404335509504,0,27056562176,0
199,1724716948504,899,800,800,823,846,848,844,892,830,800,808,799,800,799,800,799,800,800,848,872,826,892,892,800,901,828,800,800,800,800,800,848,0,0,0,0,0,0,0,0,0,0,0,0,0,0,0,0,0,0,0,0,0,0,5,0,0,0,0,0,0,0,100,0,33998.923400878906,17691.682189941406,0,404335509504,0,27056562176,0
199,1724716948704,899,800,800,823,846,848,844,892,830,800,808,799,800,799,800,799,800,800,848,872,826,892,892,800,901,828,800,800,800,800,800,848,0,0,0,0,0,0,0,0,0,0,0,0,0,0,0,0,0,0,0,0,0,0,0,0,0,0,0,0,0,0,100,0,34000.830139160156,17696.908813476563,0,404335509504,0,27056562176,0
199,1724716948904,899,800,800,823,846,848,844,892,830,800,808,799,800,799,800,799,800,800,848,872,826,892,892,800,901,828,800,800,800,800,800,848,0,0,0,0,0,0,0,0,0,0,0,0,9.090909004211426,4.761904716491699,0,0,0,0,0,0,0,0,0,0,0,0,0,0,0,0,100,0,34002.698791503906,17702.218383789063,0,404335509504,0,27056562176,0
199,1724716949104,899,800,800,823,846,848,844,892,830,800,808,799,800,799,800,799,800,800,848,872,826,892,892,800,901,828,800,800,800,800,800,848,4.761904716491699,0,0,0,0,0,0,0,0,0,0,0,0,0,0,9.523809432983398,0,0,0,0,5,0,0,0,0,0,0,0,0,0,100,4.761904716491699,34004.65753173828,17707.45489501953,0,404335509504,0,27056570368,0
199,1724716949304,899,800,800,823,846,848,844,892,830,800,808,799,800,799,800,799,800,800,848,872,826,892,892,800,901,828,800,800,800,800,800,848,5,0,0,0,0,0,0,0,0,0,0,0,0,0,0,0,0,0,0,0,0,0,0,4.761904716491699,0,0,0,0,0,0,100,0,34006.57556152344,17712.701599121094,0,404335509504,0,27056570368,0
199,1724716949504,899,800,800,823,846,848,844,892,830,800,808,799,800,799,800,799,800,800,848,872,826,892,892,800,901,828,800,800,800,800,800,848,0,0,0,0,0,0,0,0,0,0,0,0,9.523809432983398,0,0,0,0,0,0,0,0,0,0,0,0,0,0,0,0,0,100,0,34008.502197265625,17717.96710205078,0,404335509504,0,27054280704,0
199,1724716949704,899,800,800,823,846,848,844,892,830,800,808,799,800,799,800,799,800,800,848,872,826,892,892,800,901,828,800,800,800,800,800,848,0,0,0,0,0,0,0,0,0,0,0,0,0,0,0,0,0,0,0,0,0,0,0,0,0,0,0,0,0,0,100,0,34010.419677734375,17723.218627929688,0,404335509504,0,27054288896,0
199,1724716949905,899,800,800,823,846,848,844,892,830,800,808,799,800,799,800,799,800,800,848,872,826,892,892,800,901,828,800,800,800,800,800,848,0,0,0,0,0,0,0,0,0,0,0,0,0,0,0,0,0,0,0,0,0,0,0,0,0,0,0,0,0,0,100,0,34012.33068847656,17728.466918945313,0,404335509504,0,27054288896,0
199,1724716950105,899,800,800,823,846,848,844,892,830,800,808,799,800,799,800,799,800,800,848,872,826,892,892,800,901,828,800,800,800,800,800,848,0,0,0,0,0,0,0,0,0,0,0,4.761904716491699,5,0,0,0,0,0,0,0,0,0,0,0,0,0,0,0,0,0,100,0,34014.190673828125,17733.693908691406,0,404335509504,0,27054288896,0
199,1724716950305,899,800,800,823,846,848,844,892,830,800,808,799,800,799,800,799,800,800,848,872,826,892,892,800,901,828,800,800,800,800,800,848,0,0,0,0,0,0,0,0,0,0,0,0,0,0,0,0,0,0,0,0,0,0,0,0,0,0,0,4.761904716491699,0,0,100,0,34016.07342529297,17738.940856933594,0,404335509504,0,27052011520,0
199,1724716950505,899,800,800,823,846,848,844,892,830,800,808,799,800,799,800,799,800,800,848,872,826,892,892,800,901,828,800,800,800,800,800,848,0,0,0,0,0,0,0,0,0,0,0,0,4.761904716491699,4.761904716491699,0,0,0,0,0,0,0,0,0,0,0,0,0,5,0,0,100,0,34017.949645996094,17744.21954345703,0,404335509504,0,27052011520,0
199,1724716950705,899,800,800,823,846,848,844,892,830,800,808,799,800,799,800,799,800,800,848,872,826,892,892,800,901,828,800,800,800,800,800,848,9.523809432983398,0,5,5,19.047618865966797,5,5,5,0,4.761904716491699,9.523809432983398,0,0,9.523809432983398,0,5,10.526315689086914,0,0,5,5,9.090909004211426,4.761904716491699,0,4.761904716491699,0,4.761904716491699,0,4.761904716491699,4.761904716491699,100,4.761904716491699,34019.94494628906,17749.581420898438,0,404335509504,0,27053916160,0
199,1724716950905,899,800,800,823,846,848,844,892,830,800,808,799,800,799,800,799,800,800,848,872,826,892,892,800,901,828,800,800,800,800,800,848,0,5.263157844543457,0,0,0,4.761904716491699,0,9.523809432983398,4.761904716491699,0,0,5,5,0,5,10,4.761904716491699,5,0,5,5,0,5,5,5,0,4.761904716491699,0,0,0,100,0,34021.957275390625,17754.876098632813,0,404335509504,0,27053924352,0
199,1724716951105,899,800,800,823,846,848,844,892,830,800,808,799,800,799,800,799,800,800,848,872,826,892,892,800,901,828,800,800,800,800,800,848,0,5.263157844543457,0,0,0,4.761904716491699,0,9.523809432983398,4.761904716491699,0,0,5,5,0,5,10,4.761904716491699,5,0,5,5,0,5,5,5,0,4.761904716491699,0,0,0,100,0,34024.130126953125,17760.463134765625,0,404335509504,0,27054006272,0
199,1724716951305,899,800,800,823,846,848,844,892,830,800,808,799,800,799,800,799,800,800,848,872,826,892,892,800,901,828,800,800,800,800,800,848,10.256410598754883,7.500000476837158,2.5,2.5,2.5,0,2.5,2.5641026496887207,2.5641026496887207,0,2.5,0,2.5,2.5,0,0,0,0,5.128205299377441,2.4390242099761963,2.5,2.5,0,2.5,5.128205299377441,33.333335876464844,0,2.5,2.5,20,100,2.5,34026.07263183594,17765.71435546875,0,404335509504,0,27054018560,0
199,1724716951505,899,800,800,823,846,848,844,892,830,800,808,799,800,799,800,799,800,800,848,872,826,892,892,800,901,828,800,800,800,800,800,848,10.256410598754883,7.500000476837158,2.5,2.5,2.5,0,2.5,2.5641026496887207,2.5641026496887207,0,2.5,0,2.5,2.5,0,0,0,0,5.128205299377441,2.4390242099761963,2.5,2.5,0,2.5,5.128205299377441,33.333335876464844,0,2.5,2.5,20,100,2.5,34027.99279785156,17770.861572265625,0,404335509504,0,27054018560,0
199,1724716951706,899,800,800,823,846,848,844,892,830,800,808,799,800,799,800,799,800,800,848,872,826,892,892,800,901,828,800,800,800,800,800,848,0,0,0,0,0,0,0,0,0,0,0,0,0,0,0,0,0,0,0,0,0,0,0,0,0,0,0,0,0,0,100,0,34029.92724609375,17776.04296875,0,404335509504,0,27054030848,0
199,1724716951906,899,800,800,823,846,848,844,892,830,800,808,799,800,799,800,799,800,800,848,872,826,892,892,800,901,828,800,800,800,800,800,848,5,0,0,0,0,0,0,0,0,0,0,0,0,0,0,0,0,0,0,0,0,0,0,0,0,0,0,0,0,0,100,0,34031.84442138672,17781.299194335938,0,404335509504,0,27054030848,0
199,1724716952106,899,800,800,823,846,848,844,892,830,800,808,799,800,799,800,799,800,800,848,872,826,892,892,800,901,828,800,800,800,800,800,848,0,0,0,0,0,0,0,0,4.761904716491699,0,0,0,0,0,5,5,0,0,0,0,5,0,0,0,4.761904716491699,0,0,0,0,0,100,4.761904716491699,34033.80645751953,17786.5810546875,0,404335509504,0,27054350336,0
199,1724716952306,899,800,800,823,846,848,844,892,830,800,808,799,800,799,800,799,800,800,848,872,826,892,892,800,901,828,800,800,800,800,800,848,0,4.761904716491699,0,0,0,0,0,0,0,0,0,0,0,0,0,0,0,0,0,0,0,0,0,0,0,0,0,0,0,0,100,0,34035.728942871094,17791.849243164063,0,404335509504,0,27054350336,0
199,1724716952506,899,800,800,823,846,848,844,892,830,800,808,799,800,799,800,799,800,800,848,872,826,892,892,800,901,828,800,800,800,800,800,848,4.761904716491699,0,0,0,0,0,0,0,0,0,0,0,0,0,0,0,0,0,0,0,0,0,4.761904716491699,0,0,0,0,0,0,0,100,0,34037.65594482422,17797.025512695313,0,404335509504,0,27054350336,0
199,1724716952706,899,800,800,823,846,848,844,892,830,800,808,799,800,799,800,799,800,800,848,872,826,892,892,800,901,828,800,800,800,800,800,848,0,0,0,0,0,0,0,0,0,0,0,0,0,0,0,0,0,0,0,0,0,0,4.761904716491699,0,0,4.761904716491699,0,0,0,0,100,0,34039.5693359375,17802.279907226563,0,404335509504,0,27054350336,0
199,1724716952906,899,800,800,823,846,848,844,892,830,800,808,799,800,799,800,799,800,800,848,872,826,892,892,800,901,828,800,800,800,800,800,848,5,4.761904716491699,0,0,0,0,0,0,0,0,0,0,0,0,0,0,0,0,0,0,0,0,0,0,0,0,0,0,0,0,100,0,34041.507385253906,17807.519104003906,0,404335509504,0,27054350336,0
199,1724716953107,899,800,800,823,846,848,844,892,830,800,808,799,800,799,800,799,800,800,848,872,826,892,892,800,901,828,800,800,800,800,800,848,0,0,0,0,0,0,0,0,0,0,0,0,5,0,0,0,0,0,0,0,0,0,0,0,0,0,0,0,0,0,100,5,34043.434631347656,17812.743286132813,0,404335509504,0,27054354432,0
199,1724716953307,899,800,800,823,846,848,844,892,830,800,808,799,800,799,800,799,800,800,848,872,826,892,892,800,901,828,800,800,800,800,800,848,0,0,0,0,0,0,0,0,0,0,0,0,0,0,0,0,0,0,0,0,0,0,0,0,0,0,0,0,0,0,100,0,34045.37921142578,17817.988647460938,0,404335509504,0,27054358528,0
199,1724716953507,899,800,800,823,846,848,844,892,830,800,808,799,800,799,800,799,800,800,848,872,826,892,892,800,901,828,800,800,800,800,800,848,0,0,0,0,0,0,0,0,0,0,0,0,0,0,0,0,0,0,0,0,0,0,0,0,0,0,0,0,0,0,100,0,34047.24737548828,17823.197692871094,0,404335509504,0,27054358528,0
199,1724716953707,899,800,800,823,846,848,844,892,830,800,808,799,800,799,800,799,800,800,848,872,826,892,892,800,901,828,800,800,800,800,800,848,0,0,0,0,0,0,0,0,0,0,0,0,0,0,0,0,0,0,0,0,0,0,0,0,0,0,0,9.523809432983398,0,0,100,0,34049.09344482422,17828.48016357422,0,404335509504,0,27054362624,0
199,1724716953907,899,800,800,823,846,848,844,892,830,800,808,799,800,799,800,799,800,800,848,872,826,892,892,800,901,828,800,800,800,800,800,848,5,0,0,0,0,0,0,4.761904716491699,0,0,0,0,0,0,0,0,0,0,0,0,0,0,0,0,0,0,0,0,0,0,100,0,34050.95666503906,17833.685791015625,0,404335509504,0,27054362624,0
199,1724716954107,899,800,800,823,846,848,844,892,830,800,808,799,800,799,800,799,800,800,848,872,826,892,892,800,901,828,800,800,800,800,800,848,0,0,0,0,0,0,0,0,0,0,0,0,5,0,0,4.761904716491699,0,0,0,0,4.761904716491699,0,0,0,0,0,0,5,0,0,100,5,34052.83819580078,17838.96173095703,0,404335509504,0,27054366720,0
199,1724716954307,899,800,800,823,846,848,844,892,830,800,808,799,800,799,800,799,800,800,848,872,826,892,892,800,901,828,800,800,800,800,800,848,0,0,0,0,0,0,0,5,0,0,0,0,0,0,0,0,0,0,0,0,0,0,0,0,0,0,0,0,0,0,100,0,34054.749938964844,17844.109741210938,0,404335509504,0,27054366720,0
199,1724716954507,899,800,800,823,846,848,844,892,830,800,808,799,800,799,800,799,800,800,848,872,826,892,892,800,901,828,800,800,800,800,800,848,4.761904716491699,0,0,0,0,0,0,4.761904716491699,0,0,0,0,0,0,0,0,0,0,0,0,0,0,0,0,0,0,0,0,0,4.761904716491699,100,0,34056.64562988281,17849.271911621094,0,404335509504,0,27054366720,0
199,1724716954708,899,800,800,823,846,848,844,892,830,800,808,799,800,799,800,799,800,800,848,872,826,892,892,800,901,828,800,800,800,800,800,848,0,0,0,0,0,0,0,0,0,0,0,0,0,0,0,0,0,0,0,0,0,0,0,0,4.761904716491699,0,0,0,0,0,100,0,34058.535217285156,17854.51220703125,0,404335509504,0,27054370816,0
199,1724716954908,899,800,800,823,846,848,844,892,830,800,808,799,800,799,800,799,800,800,848,872,826,892,892,800,901,828,800,800,800,800,800,848,0,0,0,0,0,0,0,0,0,0,0,0,0,0,0,0,0,0,0,0,0,0,0,0,4.761904716491699,0,0,0,0,0,100,0,34060.38171386719,17859.73388671875,0,404335509504,0,27054370816,0
199,1724716955108,899,800,800,823,846,848,844,892,830,800,808,799,800,799,800,799,800,800,848,872,826,892,892,800,901,828,800,800,800,800,800,848,0,0,5,0,0,0,0,0,0,0,0,0,10,0,0,0,0,0,0,0,0,0,5,0,0,0,0,0,0,0,100,0,34062.30401611328,17864.97576904297,0,404335509504,0,27056279552,0
199,1724716955308,899,800,800,823,846,848,844,892,830,800,808,799,800,799,800,799,800,800,848,872,826,892,892,800,901,828,800,800,800,800,800,848,0,0,0,0,0,0,0,4.761904716491699,0,0,5,0,0,0,0,0,4.761904716491699,0,0,0,0,0,0,4.761904716491699,0,0,0,0,0,0,100,0,34064.18963623047,17870.208618164063,0,404335509504,0,27056287744,0
199,1724716955508,899,800,800,823,846,848,844,892,830,800,808,799,800,799,800,799,800,800,848,872,826,892,892,800,901,828,800,800,800,800,800,848,0,0,0,0,0,0,0,0,0,0,0,0,0,0,0,0,0,0,0,0,0,0,0,5,0,4.761904716491699,0,0,0,0,100,0,34066.10266113281,17875.40753173828,0,404335509504,0,27056300032,0
199,1724716955708,899,800,800,823,846,848,844,892,830,800,808,799,800,799,800,799,800,800,848,872,826,892,892,800,901,828,800,800,800,800,800,848,0,0,0,5,10,5,4.761904716491699,5.263157844543457,0,0,0,0,0,4.761904716491699,0,0,5,61.904762268066406,5,0,0,5.263157844543457,4.761904716491699,0,0,5,4.761904716491699,0,0,5,40,0,34068.06530761719,17880.671936035156,0,404335509504,0,27056300032,0
199,1724716955908,899,800,800,823,846,848,844,892,830,800,808,799,800,799,800,799,800,800,848,872,826,892,892,800,901,828,800,800,800,800,800,848,0,0,0,0,0,4.761904716491699,0,9.090909004211426,0,4.761904716491699,5,4.761904716491699,0,0,9.523809432983398,4.761904716491699,9.523809432983398,100,0,0,0,0,0,5,14.285715103149414,0,0,0,5,0,0,0,34070.13330078125,17885.93084716797,0,404335509504,0,27056304128,0
199,1724716956108,899,800,800,823,846,848,844,892,830,800,808,799,800,799,800,799,800,800,848,872,826,892,892,800,901,828,800,800,800,800,800,848,0,0,0,0,0,4.761904716491699,0,9.090909004211426,0,4.761904716491699,5,4.761904716491699,0,0,9.523809432983398,4.761904716491699,9.523809432983398,100,0,0,0,0,0,5,14.285715103149414,0,0,0,5,0,0,0,34072.420166015625,17891.38543701172,0,404335509504,0,27056754688,0
199,1724716956309,899,800,800,823,846,848,844,892,830,800,808,799,800,799,800,799,800,800,848,872,826,892,892,800,901,828,800,800,800,800,800,848,5,5,9.756096839904785,4.878048419952393,5,2.5,50,2.5641026496887207,4.878048419952393,2.5,15.000000953674316,5,7.317072868347168,4.878048419952393,2.5641026496887207,2.5641026496887207,2.5,10,2.4390242099761963,0,4.878048419952393,2.5,2.5,2.5,2.5641026496887207,4.878048419952393,7.500000476837158,2.5,2.5,2.5641026496887207,92.5,5,34074.44226074219,17896.603149414063,0,404335509504,0,27054510080,0
199,1724716956509,899,800,800,823,846,848,844,892,830,800,808,799,800,799,800,799,800,800,848,872,826,892,892,800,901,828,800,800,800,800,800,848,0,0,0,0,0,0,0,0,0,0,0,0,0,0,0,0,0,0,0,0,5,0,0,0,5,0,0,0,0,0,100,4.761904716491699,34076.3291015625,17901.761108398438,0,404335509504,0,27054510080,0
199,1724716956709,899,800,800,823,846,848,844,892,830,800,808,799,800,799,800,799,800,800,848,872,826,892,892,800,901,828,800,800,800,800,800,848,0,0,0,0,0,0,0,0,0,0,0,0,0,0,0,0,0,0,0,0,0,0,0,0,0,0,0,0,0,0,100,0,34078.249267578125,17906.98583984375,0,404335509504,0,27054518272,0
199,1724716956909,899,800,800,823,846,848,844,892,830,800,808,799,800,799,800,799,800,800,848,872,826,892,892,800,901,828,800,800,800,800,800,848,0,0,0,0,0,0,0,0,0,0,0,0,4.761904716491699,0,0,0,0,0,0,0,0,0,0,0,0,0,0,0,0,0,100,0,34080.12878417969,17912.208557128906,0,404335509504,0,27054518272,0
199,1724716957109,899,800,800,823,846,848,844,892,830,800,808,799,800,799,800,799,800,800,848,872,826,892,892,800,901,828,800,800,800,800,800,848,0,0,0,0,0,0,0,0,0,0,0,0,0,0,0,4.761904716491699,0,0,0,0,0,0,0,0,0,5,0,0,0,0,100,0,34082.04943847656,17917.47576904297,0,404335509504,0,27054518272,0
199,1724716957309,899,800,800,823,846,848,844,892,830,800,808,799,800,799,800,799,800,800,848,872,826,892,892,800,901,828,800,800,800,800,800,848,0,0,0,0,0,0,0,0,0,0,4.761904716491699,0,0,0,0,0,0,0,0,0,0,0,0,0,0,0,0,0,0,0,100,0,34083.93444824219,17922.70245361328,0,404335509504,0,27054518272,0
199,1724716957509,899,800,800,823,846,848,844,892,830,800,808,799,800,799,800,799,800,800,848,872,826,892,892,800,901,828,800,800,800,800,800,848,0,0,0,0,0,0,5,0,0,0,0,0,0,0,0,0,0,0,0,0,0,0,0,0,0,0,0,0,0,0,100,0,34085.82092285156,17927.910583496094,0,404335509504,0,27054518272,0
199,1724716957710,899,800,800,823,846,848,844,892,830,800,808,799,800,799,800,799,800,800,848,872,826,892,892,800,901,828,800,800,800,800,800,848,0,0,0,0,0,0,0,0,0,0,0,0,0,0,0,0,0,0,0,0,0,0,0,0,0,0,0,0,0,0,100,0,34087.68878173828,17933.091918945313,0,404335509504,0,27054518272,0
199,1724716957910,899,800,800,823,846,848,844,892,830,800,808,799,800,799,800,799,800,800,848,872,826,892,892,800,901,828,800,800,800,800,800,848,0,0,0,0,0,0,0,0,0,0,0,0,0,0,0,0,0,0,0,0,0,0,0,0,0,0,0,0,0,0,100,0,34089.611328125,17938.241821289063,0,404335509504,0,27054518272,0
199,1724716958110,899,800,800,823,846,848,844,892,830,800,808,799,800,799,800,799,800,800,848,872,826,892,892,800,901,828,800,800,800,800,800,848,0,0,0,0,0,0,0,0,0,0,0,0,0,0,0,5,0,0,0,0,9.523809432983398,0,0,0,0,0,0,0,0,0,100,4.761904716491699,34091.56457519531,17943.448669433594,0,404335509504,0,27054518272,0
199,1724716958310,899,800,800,823,846,848,844,892,830,800,808,799,800,799,800,799,800,800,848,872,826,892,892,800,901,828,800,800,800,800,800,848,5,0,0,0,0,0,0,0,0,0,0,0,0,0,0,0,0,0,0,0,0,0,4.761904716491699,0,0,0,0,0,4.761904716491699,0,100,0,34093.502014160156,17948.690673828125,0,404335509504,0,27054518272,0
199,1724716958510,899,800,800,823,846,848,844,892,830,800,808,799,800,799,800,799,800,800,848,872,826,892,892,800,901,828,800,800,800,800,800,848,5,0,0,0,0,0,0,0,0,0,0,0,0,0,0,0,0,0,0,0,0,0,4.761904716491699,0,0,0,0,0,4.761904716491699,0,100,0,34095.396484375,17953.83837890625,0,404335509504,0,27054522368,0
199,1724716958710,899,800,800,823,846,848,844,892,830,800,808,799,800,799,800,799,800,800,848,872,826,892,892,800,901,828,800,800,800,800,800,848,2.4390242099761963,0,0,0,0,0,0,0,0,0,0,0,2.5,0,0,0,0,0,0,0,0,0,0,0,0,0,0,0,0,0,100,0,34097.305419921875,17958.9921875,0,404335509504,0,27054522368,0
199,1724716958910,899,800,800,823,846,848,844,892,830,800,808,799,800,799,800,799,800,800,848,872,826,892,892,800,901,828,800,800,800,800,800,848,0,0,0,0,0,0,0,0,0,0,0,0,0,0,0,0,0,0,0,0,0,0,0,0,0,5,0,0,0,0,100,0,34099.20849609375,17964.207946777344,0,404335509504,0,27054534656,0
199,1724716959111,899,800,800,823,846,848,844,892,830,800,808,799,800,799,800,799,800,800,848,872,826,892,892,800,901,828,800,800,800,800,800,848,0,0,0,0,0,0,0,0,0,0,0,0,5,0,0,0,0,0,0,0,0,0,0,0,0,4.761904716491699,0,0,0,0,100,0,34101.11096191406,17969.411560058594,0,404335509504,0,27054542848,0
199,1724716959311,899,800,800,823,846,848,844,892,830,800,808,799,800,799,800,799,800,800,848,872,826,892,892,800,901,828,800,800,800,800,800,848,4.761904716491699,0,0,0,0,0,0,0,0,0,0,0,0,0,0,0,0,0,0,0,0,0,0,0,0,0,0,0,0,0,100,0,34103.053466796875,17974.524780273438,0,404335509504,0,27054542848,0
199,1724716959511,899,800,800,823,846,848,844,892,830,800,808,799,800,799,800,799,800,800,848,872,826,892,892,800,901,828,800,800,800,800,800,848,0,0,0,0,0,0,0,0,0,0,0,0,0,0,0,0,4.761904716491699,0,0,0,0,0,0,0,0,5,0,0,0,0,100,0,34104.960510253906,17979.640197753906,0,404335509504,0,27054542848,0
199,1724716959711,899,800,800,823,846,848,844,892,830,800,808,799,800,799,800,799,800,800,848,872,826,892,892,800,901,828,800,800,800,800,800,848,0,0,0,0,0,0,0,0,0,0,0,0,0,0,0,0,0,0,0,0,0,0,0,0,0,0,0,0,0,0,100,0,34106.81903076172,17984.771057128906,0,404335509504,0,27054542848,0
199,1724716959911,899,800,800,823,846,848,844,892,830,800,808,799,800,799,800,799,800,800,848,872,826,892,892,800,901,828,800,800,800,800,800,848,0,0,0,0,0,0,0,0,0,0,0,0,0,0,0,0,0,0,0,0,0,0,0,0,0,0,0,0,0,0,100,0,34108.721618652344,17989.912048339844,0,404335509504,0,27054542848,0
199,1724716960111,899,800,800,823,846,848,844,892,830,800,808,799,800,799,800,799,800,800,848,872,826,892,892,800,901,828,800,800,800,800,800,848,0,0,0,0,0,0,0,0,0,0,0,0,0,0,0,4.761904716491699,0,0,0,0,0,4.761904716491699,0,0,0,4.761904716491699,0,0,0,0,100,4.761904716491699,34110.641662597656,17995.10076904297,0,404335509504,0,27054546944,0
199,1724716960311,899,800,800,823,846,848,844,892,830,800,808,799,800,799,800,799,800,800,848,872,826,892,892,800,901,828,800,800,800,800,800,848,0,0,0,0,0,0,0,0,0,0,0,0,0,0,0,0,0,0,0,0,0,5,0,0,0,5,0,0,0,0,100,0,34112.57336425781,18000.281616210938,0,404335509504,0,27052306432,0
199,1724716960511,899,800,800,823,846,848,844,892,830,800,808,799,800,799,800,799,800,800,848,872,826,892,892,800,901,828,800,800,800,800,800,848,4.761904716491699,4.761904716491699,4.761904716491699,0,0,0,4.761904716491699,0,0,4.761904716491699,0,4.761904716491699,4.761904716491699,10,0,4.761904716491699,0,0,0,0,0,5,0,0,0,0,0,4.761904716491699,4.761904716491699,4.761904716491699,100,0,34114.53485107422,18005.490112304688,0,404335509504,0,27054215168,0
199,1724716960711,899,800,800,823,846,848,844,892,830,800,808,799,800,799,800,799,800,800,848,872,826,892,892,800,901,828,800,800,800,800,800,848,4.761904716491699,4.761904716491699,4.761904716491699,0,0,0,4.761904716491699,0,0,4.761904716491699,0,4.761904716491699,4.761904716491699,10,0,4.761904716491699,0,0,0,0,0,5,0,0,0,0,0,4.761904716491699,4.761904716491699,4.761904716491699,100,0,34116.49285888672,18010.73468017578,0,404335509504,0,27054215168,0
199,1724716960912,899,800,800,823,846,848,844,892,830,800,808,799,800,799,800,799,800,800,848,872,826,892,892,800,901,828,800,800,800,800,800,848,5.263157844543457,2.5,0,4.878048419952393,2.4390242099761963,0,2.5,0,2.5,0,2.5,0,0,2.4390242099761963,0,0,2.5641026496887207,7.500000476837158,2.5,0,2.5,2.5,0,4.878048419952393,2.5,2.5,2.4390242099761963,2.5,0,2.5641026496887207,100,2.5,34118.43054199219,18016.053649902344,0,404335509504,0,27054219264,0
199,1724716961112,899,800,800,823,846,848,844,892,830,800,808,799,800,799,800,799,800,800,848,872,826,892,892,800,901,828,800,800,800,800,800,848,5.263157844543457,2.5,0,4.878048419952393,2.4390242099761963,0,2.5,0,2.5,0,2.5,0,0,2.4390242099761963,0,0,2.5641026496887207,7.500000476837158,2.5,0,2.5,2.5,0,4.878048419952393,2.5,2.5,2.4390242099761963,2.5,0,2.5641026496887207,100,2.5,34120.55419921875,18021.40020751953,0,404335509504,0,27054219264,0
199,1724716961312,899,800,800,823,846,848,844,892,830,800,808,799,800,799,800,799,800,800,848,872,826,892,892,800,901,828,800,800,800,800,800,848,7.500000476837158,0,47.5,0,2.5,2.4390242099761963,2.4390242099761963,2.5,0,2.5,2.5,2.4390242099761963,2.5,2.5,2.4390242099761963,2.5,2.5,2.5,2.5,2.5,2.5641026496887207,2.5,2.5,0,0,5.128205299377441,2.5,0,2.5,2.5,100,7.500000476837158,34122.473388671875,18026.545471191406,0,404335509504,0,27054219264,0
199,1724716961512,899,800,800,823,846,848,844,892,830,800,808,799,800,799,800,799,800,800,848,872,826,892,892,800,901,828,800,800,800,800,800,848,0,0,0,0,0,0,0,0,0,0,4.761904716491699,0,0,0,0,0,0,0,0,0,0,0,0,0,0,0,0,0,0,0,100,0,34124.31524658203,18031.727111816406,0,404335509504,0,27054219264,0
199,1724716961712,899,800,800,823,846,848,844,892,830,800,808,799,800,799,800,799,800,800,848,872,826,892,892,800,901,828,800,800,800,800,800,848,9.523809432983398,0,0,0,0,0,0,0,0,0,0,0,0,5,5.263157844543457,0,0,0,4.761904716491699,0,0,0,0,0,0,0,0,0,0,0,100,0,34126.213928222656,18036.935791015625,0,404335509504,0,27054239744,0
199,1724716961912,899,800,800,823,846,848,844,892,830,800,808,799,800,799,800,799,800,800,848,872,826,892,892,800,901,828,800,800,800,800,800,848,4.761904716491699,0,0,0,0,0,0,0,0,0,0,0,0,4.761904716491699,0,0,0,0,0,0,0,0,0,5,0,0,0,0,0,0,100,0,34128.12414550781,18042.113708496094,0,404335509504,0,27056140288,0
199,1724716962112,899,800,800,823,846,848,844,892,830,800,808,799,800,799,800,799,800,800,848,872,826,892,892,800,901,828,800,800,800,800,800,848,5,0,4.761904716491699,0,0,0,0,0,0,0,0,0,4.761904716491699,0,0,0,0,0,0,0,4.761904716491699,0,0,0,0,0,0,0,0,0,100,0,34129.974060058594,18047.2490234375,0,404335509504,0,27056140288,0
199,1724716962313,899,800,800,823,846,848,844,892,830,800,808,799,800,799,800,799,800,800,848,872,826,892,892,800,901,828,800,800,800,800,800,848,0,0,5,0,0,0,0,0,0,0,0,0,0,0,0,0,0,0,0,0,0,0,4.761904716491699,0,0,0,0,0,0,0,100,0,34131.79864501953,18052.379943847656,0,404335509504,0,27056148480,0
199,1724716962513,899,800,800,823,846,848,844,892,830,800,808,799,800,799,800,799,800,800,848,872,826,892,892,800,901,828,800,800,800,800,800,848,0,0,0,0,0,0,0,0,0,0,0,0,0,5.263157844543457,0,0,0,0,0,0,0,0,0,5,0,0,0,0,0,0,100,0,34133.68731689453,18057.525756835938,0,404335509504,0,27056476160,0
199,1724716962713,899,800,800,823,846,848,844,892,830,800,808,799,800,799,800,799,800,800,848,872,826,892,892,800,901,828,800,800,800,800,800,848,0,0,0,0,0,0,0,0,0,0,0,0,0,0,0,0,0,0,0,0,0,0,0,0,0,0,0,0,0,0,100,0,34135.54815673828,18062.66619873047,0,404335509504,0,27056476160,0
199,1724716962913,899,800,800,823,846,848,844,892,830,800,808,799,800,799,800,799,800,800,848,872,826,892,892,800,901,828,800,800,800,800,800,848,0,0,0,0,0,0,0,0,0,0,0,0,0,0,0,0,0,0,0,0,0,0,0,0,0,0,4.761904716491699,0,0,0,100,0,34137.41632080078,18067.7900390625,0,404335509504,0,27056476160,0
199,1724716963113,899,800,800,823,846,848,844,892,830,800,808,799,800,799,800,799,800,800,848,872,826,892,892,800,901,828,800,800,800,800,800,848,0,0,0,0,0,0,0,4.761904716491699,0,0,0,0,0,0,0,5,0,0,0,5,5,0,0,0,0,0,0,0,0,0,100,5,34139.32971191406,18073.03155517578,0,404335509504,0,27056840704,0
199,1724716963314,899,800,800,823,846,848,844,892,830,800,808,799,800,799,800,799,800,800,848,872,826,892,892,800,901,828,800,800,800,800,800,848,0,0,0,0,0,0,0,0,0,0,0,0,5,0,0,0,0,0,0,0,0,0,0,0,0,0,0,0,0,0,100,0,34141.22802734375,18078.21453857422,0,404335509504,0,27056844800,0
199,1724716963513,899,800,800,823,846,848,844,892,830,800,808,799,800,799,800,799,800,800,848,872,826,892,892,800,901,828,800,800,800,800,800,848,0,0,0,0,0,0,0,0,0,0,0,0,5,0,0,0,0,0,0,0,0,0,0,0,0,0,0,0,0,0,100,0,34143.12060546875,18083.32763671875,0,404335509504,0,27056844800,0
199,1724716963714,899,800,800,823,846,848,844,892,830,800,808,799,800,799,800,799,800,800,848,872,826,892,892,800,901,828,800,800,800,800,800,848,0,0,0,0,0,0,0,0,0,0,0,0,0,0,0,0,0,0,0,0,0,0,0,0,0,0,0,0,0,0,100,0,34145.01336669922,18088.56427001953,0,404335509504,0,27056848896,0
199,1724716963914,899,800,800,823,846,848,844,892,830,800,808,799,800,799,800,799,800,800,848,872,826,892,892,800,901,828,800,800,800,800,800,848,0,5,4.761904716491699,0,0,0,0,0,0,0,0,0,0,0,0,0,4.761904716491699,0,0,0,0,0,0,4.761904716491699,0,0,0,0,0,0,100,0,34146.87585449219,18093.74432373047,0,404335509504,0,27056848896,0
199,1724716964114,899,800,800,823,846,848,844,892,830,800,808,799,800,799,800,799,800,800,848,872,826,892,892,800,901,828,800,800,800,800,800,848,0,5,4.761904716491699,0,0,0,0,0,0,0,0,0,0,0,0,0,4.761904716491699,0,0,0,0,0,0,4.761904716491699,0,0,0,0,0,0,100,0,34148.745178222656,18098.950073242188,0,404335509504,0,27056881664,0
199,1724716964314,899,800,800,823,846,848,844,892,830,800,808,799,800,799,800,799,800,800,848,872,826,892,892,800,901,828,800,800,800,800,800,848,5,0,0,0,0,0,0,0,0,0,4.761904716491699,0,0,0,0,0,0,0,0,0,0,0,0,0,0,0,5,0,0,0,100,0,34150.616149902344,18104.144409179688,0,404335509504,0,27056881664,0
199,1724716964514,899,800,800,823,846,848,844,892,830,800,808,799,800,799,800,799,800,800,848,872,826,892,892,800,901,828,800,800,800,800,800,848,5,0,0,0,0,0,0,0,0,0,4.761904716491699,0,0,0,0,0,0,0,0,0,0,0,0,0,0,0,5,0,0,0,100,0,34152.562072753906,18109.401611328125,0,404335509504,0,27056881664,0
199,1724716964714,899,800,800,823,846,848,844,892,830,800,808,799,800,799,800,799,800,800,848,872,826,892,892,800,901,828,800,800,800,800,800,848,2.5,4.878048419952393,2.5,0,0,2.5,0,0,2.4390242099761963,2.5,2.4390242099761963,0,2.5,5,2.5,0,2.5,0,2.5,0,2.4390242099761963,2.5,2.5,2.5,2.5,0,2.5,2.5,2.5,2.5,100,2.4390242099761963,34154.423278808594,18114.588439941406,0,404335509504,0,27054637056,0
199,1724716964914,899,800,800,823,846,848,844,892,830,800,808,799,800,799,800,799,800,800,848,872,826,892,892,800,901,828,800,800,800,800,800,848,0,0,0,0,0,0,0,0,0,0,0,0,0,0,0,0,0,0,0,0,0,0,0,0,0,0,0,0,0,0,100,0,34156.247802734375,18119.727478027344,0,404335509504,0,27054637056,0
199,1724716965114,899,800,800,823,846,848,844,892,830,800,808,799,800,799,800,799,800,800,848,872,826,892,892,800,901,828,800,800,800,800,800,848,0,0,0,0,0,0,0,0,0,0,0,0,4.761904716491699,0,4.761904716491699,0,0,0,0,0,0,0,0,0,0,0,0,0,0,0,100,0,34158.09582519531,18124.917602539063,0,404335509504,0,27054768128,0
199,1724716965315,899,800,800,823,846,848,844,892,830,800,808,799,800,799,800,799,800,800,848,872,826,892,892,800,901,828,800,800,800,800,800,848,0,4.761904716491699,0,0,0,0,0,0,0,0,0,0,0,5,0,0,0,0,0,0,0,0,0,0,0,0,0,0,0,0,100,0,34159.953186035156,18130.029724121094,0,404335509504,0,27054768128,0
199,1724716965515,899,800,800,823,846,848,844,892,830,800,808,799,800,799,800,799,800,800,848,872,826,892,892,800,901,828,800,800,800,800,800,848,0,0,0,0,0,0,0,0,0,0,0,0,0,0,0,0,0,0,0,0,0,0,0,0,0,0,5,0,0,0,100,0,34161.80822753906,18135.194946289063,0,404335509504,0,27054768128,0
199,1724716965715,899,800,800,823,846,848,844,892,830,800,808,799,800,799,800,799,800,800,848,872,826,892,892,800,901,828,800,800,800,800,800,848,0,0,0,0,0,0,0,0,0,0,0,0,0,0,0,0,0,0,0,0,0,0,0,0,0,0,5,0,0,0,100,0,34163.728454589844,18140.48358154297,0,404335509504,0,27055017984,0
199,1724716965915,899,800,800,823,846,848,844,892,830,800,808,799,800,799,800,799,800,800,848,872,826,892,892,800,901,828,800,800,800,800,800,848,5,5,0,4.878048419952393,2.5,2.5,2.5,2.5,2.5,2.5641026496887207,0,7.142857551574707,2.5641026496887207,5,2.5641026496887207,4.878048419952393,4.878048419952393,2.5,2.5,4.878048419952393,2.5,0,9.756096839904785,5,2.5,4.878048419952393,7.692307949066162,2.5,2.5,2.5,100,0,34165.77429199219,18145.734252929688,0,404335509504,0,27055026176,0
199,1724716966115,899,800,800,823,846,848,844,892,830,800,808,799,800,799,800,799,800,800,848,872,826,892,892,800,901,828,800,800,800,800,800,848,5,5,0,4.878048419952393,2.5,2.5,2.5,2.5,2.5,2.5641026496887207,0,7.142857551574707,2.5641026496887207,5,2.5641026496887207,4.878048419952393,4.878048419952393,2.5,2.5,4.878048419952393,2.5,0,9.756096839904785,5,2.5,4.878048419952393,7.692307949066162,2.5,2.5,2.5,100,0,34167.98278808594,18151.510498046875,0,404335509504,0,27055169536,0
199,1724716966315,899,800,800,823,846,848,844,892,830,800,808,799,800,799,800,799,800,800,848,872,826,892,892,800,901,828,800,800,800,800,800,848,0,0,0,2.5,0,2.5,7.500000476837158,0,0,0,2.4390242099761963,47.5,4.878048419952393,0,2.5,2.5,5.128205299377441,0,5,0,2.5,2.5,2.6315789222717285,2.5,2.5,0,2.5,2.5,0,19.51219367980957,100,2.5,34169.898010253906,18156.755004882813,0,404335509504,0,27055169536,0
199,1724716966515,899,800,800,823,846,848,844,892,830,800,808,799,800,799,800,799,800,800,848,872,826,892,892,800,901,828,800,800,800,800,800,848,0,0,0,0,0,0,0,0,0,0,0,0,0,0,0,0,0,0,5,0,0,0,0,5,0,0,0,0,0,0,100,0,34171.800048828125,18161.888793945313,0,404335509504,0,27052888064,0
199,1724716966716,899,800,800,823,846,848,844,892,830,800,808,799,800,799,800,799,800,800,848,872,826,892,892,800,901,828,800,800,800,800,800,848,0,0,0,0,0,0,4.761904716491699,0,0,0,0,0,0,0,0,0,0,0,0,0,0,0,0,0,0,0,0,0,0,0,100,0,34173.672912597656,18166.955993652344,0,404335509504,0,27051241472,0
199,1724716966916,899,800,800,823,846,848,844,892,830,800,808,799,800,799,800,799,800,800,848,872,826,892,892,800,901,828,800,800,800,800,800,848,0,0,4.761904716491699,0,0,0,0,0,0,0,0,0,0,0,0,0,0,0,0,0,0,0,0,0,0,0,0,0,0,0,100,0,34175.526306152344,18172.01336669922,0,404335509504,0,27051241472,0
199,1724716967116,899,800,800,823,846,848,844,892,830,800,808,799,800,799,800,799,800,800,848,872,826,892,892,800,901,828,800,800,800,800,800,848,0,0,0,0,0,0,0,0,0,0,0,0,4.761904716491699,0,0,0,0,0,0,0,0,0,0,0,0,0,0,0,0,0,100,4.761904716491699,34177.40985107422,18177.110717773438,0,404335509504,0,27051380736,0
199,1724716967316,899,800,800,823,846,848,844,892,830,800,808,799,800,799,800,799,800,800,848,872,826,892,892,800,901,828,800,800,800,800,800,848,0,0,0,0,0,0,0,0,4.761904716491699,0,0,10,0,4.761904716491699,0,0,0,0,4.761904716491699,0,0,0,0,0,0,0,0,0,0,0,100,0,34179.27502441406,18182.26593017578,0,404335509504,0,27053289472,0
199,1724716967516,899,800,800,823,846,848,844,892,830,800,808,799,800,799,800,799,800,800,848,872,826,892,892,800,901,828,800,800,800,800,800,848,0,0,0,0,0,0,0,0,0,0,0,4.761904716491699,0,5,0,0,0,0,5,0,0,0,0,0,0,0,0,0,0,0,100,0,34181.14923095703,18187.367553710938,0,404335509504,0,27053301760,0
199,1724716967716,899,800,800,823,846,848,844,892,830,800,808,799,800,799,800,799,800,800,848,872,826,892,892,800,901,828,800,800,800,800,800,848,0,0,0,0,0,0,0,0,0,0,0,0,4.761904716491699,0,0,0,0,0,0,0,0,0,0,0,0,0,0,0,0,0,100,0,34183.04968261719,18192.476013183594,0,404335509504,0,27053756416,0
199,1724716967916,899,800,800,823,846,848,844,892,830,800,808,799,800,799,800,799,800,800,848,872,826,892,892,800,901,828,800,800,800,800,800,848,0,0,0,0,4.761904716491699,0,0,0,0,0,0,0,0,0,0,0,0,0,0,0,0,0,0,0,0,0,0,0,0,0,100,0,34184.93933105469,18197.615661621094,0,404335509504,0,27053756416,0
199,1724716968117,899,800,800,823,846,848,844,892,830,800,808,799,800,799,800,799,800,800,848,872,826,892,892,800,901,828,800,800,800,800,800,848,0,0,4.761904716491699,0,0,0,0,0,0,0,0,9.090909004211426,0,0,0,4.761904716491699,0,0,0,0,0,0,0,0,0,0,0,0,0,0,100,0,34186.88653564453,18202.73895263672,0,404335509504,0,27054034944,0
199,1724716968317,899,800,800,823,846,848,844,892,830,800,808,799,800,799,800,799,800,800,848,872,826,892,892,800,901,828,800,800,800,800,800,848,0,0,0,4.761904716491699,0,0,0,0,0,0,0,0,0,0,0,0,0,0,4.761904716491699,0,0,0,0,0,0,0,0,0,0,0,100,0,34188.762268066406,18207.91064453125,0,404335509504,0,27054034944,0
199,1724716968517,899,800,800,823,846,848,844,892,830,800,808,799,800,799,800,799,800,800,848,872,826,892,892,800,901,828,800,800,800,800,800,848,0,0,0,4.761904716491699,0,0,0,0,0,0,0,0,0,0,0,0,0,0,4.761904716491699,0,0,0,0,0,0,0,0,0,0,0,100,0,34190.661682128906,18213.002014160156,0,404335509504,0,27054039040,0
199,1724716968717,899,800,800,823,846,848,844,892,830,800,808,799,800,799,800,799,800,800,848,872,826,892,892,800,901,828,800,800,800,800,800,848,0,0,0,0,0,0,0,0,0,0,0,2.4390242099761963,0,0,0,0,0,0,2.5,0,0,0,0,0,0,0,0,0,0,0,100,0,34192.59600830078,18218.151977539063,0,404335509504,0,27054178304,0
199,1724716968917,899,800,800,823,846,848,844,892,830,800,808,799,800,799,800,799,800,800,848,872,826,892,892,800,901,828,800,800,800,800,800,848,0,0,0,0,0,0,0,0,0,0,0,4.761904716491699,0,0,0,0,0,0,0,0,0,0,0,0,0,0,0,0,0,0,100,0,34194.48742675781,18223.29803466797,0,404335509504,0,27054178304,0
199,1724716969117,899,800,800,823,846,848,844,892,830,800,808,799,800,799,800,799,800,800,848,872,826,892,892,800,901,828,800,800,800,800,800,848,0,0,0,0,0,0,0,0,0,0,4.761904716491699,0,0,0,0,9.523809432983398,0,0,0,0,0,0,0,0,0,0,0,0,0,0,100,5,34196.416015625,18228.384765625,0,404335509504,0,27054456832,0
199,1724716969317,899,800,800,823,846,848,844,892,830,800,808,799,800,799,800,799,800,800,848,872,826,892,892,800,901,828,800,800,800,800,800,848,4.761904716491699,0,0,0,0,5,0,0,0,0,0,0,0,0,0,0,0,0,0,9.523809432983398,0,0,0,0,0,0,0,0,0,0,100,0,34198.286376953125,18233.498046875,0,404335509504,0,27054456832,0
199,1724716969518,899,800,800,823,846,848,844,892,830,800,808,799,800,799,800,799,800,800,848,872,826,892,892,800,901,828,800,800,800,800,800,848,0,0,0,0,0,0,0,0,0,0,0,0,0,0,0,0,0,0,0,0,0,0,0,0,0,0,0,0,0,0,100,0,34200.19592285156,18238.566955566406,0,404335509504,0,27054456832,0
199,1724716969718,899,800,800,823,846,848,844,892,830,800,808,799,800,799,800,799,800,800,848,872,826,892,892,800,901,828,800,800,800,800,800,848,0,0,0,0,0,0,5,0,0,0,0,0,0,0,0,0,0,0,0,5,0,5,0,0,0,0,0,0,0,0,100,0,34202.094970703125,18243.593688964844,0,404335509504,0,27054456832,0
199,1724716969918,899,800,800,823,846,848,844,892,830,800,808,799,800,799,800,799,800,800,848,872,826,892,892,800,901,828,800,800,800,800,800,848,0,0,0,0,0,0,0,0,0,0,0,0,0,0,0,0,0,0,0,0,0,0,0,0,0,0,0,0,0,0,100,0,34203.94805908203,18248.67462158203,0,404335509504,0,27054456832,0
199,1724716970118,899,800,800,823,846,848,844,892,830,800,808,799,800,799,800,799,800,800,848,872,826,892,892,800,901,828,800,800,800,800,800,848,0,0,0,0,0,0,0,0,0,4.761904716491699,0,0,4.761904716491699,0,0,0,0,0,0,0,0,0,0,0,0,0,0,0,0,0,100,0,34205.83850097656,18253.82196044922,0,404335509504,0,27052359680,0
199,1724716970318,899,800,800,823,846,848,844,892,830,800,808,799,800,799,800,799,800,800,848,872,826,892,892,800,901,828,800,800,800,800,800,848,0,0,0,0,4.761904716491699,4.761904716491699,0,0,0,0,0,0,0,0,0,0,0,0,0,0,0,0,0,0,0,0,0,0,0,0,100,0,34207.72863769531,18258.88348388672,0,404335509504,0,27052359680,0
199,1724716970518,899,800,800,823,846,848,844,892,830,800,808,799,800,799,800,799,800,800,848,872,826,892,892,800,901,828,800,800,800,800,800,848,5,5,0,0,0,0,4.761904716491699,4.761904716491699,5,5,5,4.761904716491699,0,4.761904716491699,0,0,5,5,4.761904716491699,0,5,4.761904716491699,5.263157844543457,5,5,5,5,0,5,0,100,4.761904716491699,34209.71472167969,18264.04998779297,0,404335509504,0,27052359680,0
199,1724716970719,899,800,800,823,846,848,844,892,830,800,808,799,800,799,800,799,800,800,848,872,826,892,892,800,901,828,800,800,800,800,800,848,5,5,5,5,5,0,0,5,4.761904716491699,4.761904716491699,5,0,9.523809432983398,0,5,5,0,4.761904716491699,0,4.761904716491699,9.523809432983398,0,19.047618865966797,5,0,0,4.761904716491699,5,0,0,100,0,34211.68200683594,18269.286987304688,0,404335509504,0,27052359680,0
199,1724716970919,899,800,800,823,846,848,844,892,830,800,808,799,800,799,800,799,800,800,848,872,826,892,892,800,901,828,800,800,800,800,800,848,0,0,0,5,0,0,0,0,0,0,0,0,0,0,0,0,0,0,0,0,11.111111640930176,5,0,0,0,5,0,0,0,0,100,0,34213.710693359375,18274.48016357422,0,404335509504,0,27052392448,0
199,1724716971119,899,800,800,823,846,848,844,892,830,800,808,799,800,799,800,799,800,800,848,872,826,892,892,800,901,828,800,800,800,800,800,848,0,0,0,5,0,0,0,0,0,0,0,0,0,0,0,0,0,0,0,0,11.111111640930176,5,0,0,0,5,0,0,0,0,100,0,34216.482421875,18280.368713378906,0,404335509504,0,27052539904,0
199,1724716971319,899,800,800,823,846,848,844,892,830,800,808,799,800,799,800,799,800,800,848,872,826,892,892,800,901,828,800,800,800,800,800,848,0,5.128205299377441,2.4390242099761963,0,0,2.5641026496887207,0,2.5,2.5,4.878048419952393,7.500000476837158,0,2.5,2.4390242099761963,37.5,4.878048419952393,2.5,2.5,2.5,7.317072868347168,12.5,2.5,0,2.5,2.4390242099761963,5,2.5,2.5,2.5,2.5,100,2.5,34218.426513671875,18285.560546875,0,404335509504,0,27052539904,0
199,1724716971519,899,800,800,823,846,848,844,892,830,800,808,799,800,799,800,799,800,800,848,872,826,892,892,800,901,828,800,800,800,800,800,848,0,0,0,0,0,4.761904716491699,0,0,0,0,0,0,0,0,0,0,0,0,0,0,0,0,0,0,0,0,0,0,0,0,100,0,34220.51123046875,18290.836303710938,0,404335509504,0,27052539904,0
199,1724716971719,899,800,800,823,846,848,844,892,830,800,808,799,800,799,800,799,800,800,848,872,826,892,892,800,901,828,800,800,800,800,800,848,0,0,0,0,0,0,0,0,0,0,0,0,0,0,0,0,0,0,0,0,0,0,0,0,0,0,0,0,0,0,100,0,34222.54815673828,18296.091430664063,0,404335509504,0,27052679168,0
199,1724716971919,899,800,800,823,846,848,844,892,830,800,808,799,800,799,800,799,800,800,848,872,826,892,892,800,901,828,800,800,800,800,800,848,0,0,0,0,0,0,0,0,0,0,0,0,0,0,0,0,0,0,0,0,0,0,0,0,0,0,0,0,0,0,100,0,34224.40783691406,18301.224365234375,0,404335509504,0,27052679168,0
199,1724716972120,899,800,800,823,846,848,844,892,830,800,808,799,800,799,800,799,800,800,848,872,826,892,892,800,901,828,800,800,800,800,800,848,0,0,0,0,0,5,0,0,0,0,0,0,0,0,0,0,0,0,0,0,4.761904716491699,0,0,0,0,0,0,0,0,0,100,0,34226.394104003906,18306.430236816406,0,404335509504,0,27052818432,0
199,1724716972320,899,800,800,823,846,848,844,892,830,800,808,799,800,799,800,799,800,800,848,872,826,892,892,800,901,828,800,800,800,800,800,848,0,0,0,0,0,0,0,0,0,0,0,0,0,0,0,0,0,0,0,0,0,0,0,0,0,0,0,0,0,0,100,0,34228.30352783203,18311.6142578125,0,404335509504,0,27052818432,0
199,1724716972520,899,800,800,823,846,848,844,892,830,800,808,799,800,799,800,799,800,800,848,872,826,892,892,800,901,828,800,800,800,800,800,848,0,0,0,0,0,5,0,0,0,0,0,0,0,0,0,0,0,0,0,0,0,0,0,0,0,0,0,0,0,0,100,0,34230.180419921875,18316.791564941406,0,404335509504,0,27052818432,0
199,1724716972720,899,800,800,823,846,848,844,892,830,800,808,799,800,799,800,799,800,800,848,872,826,892,892,800,901,828,800,800,800,800,800,848,0,0,0,0,0,0,0,0,0,0,0,0,0,0,0,0,0,0,0,0,0,0,0,0,0,0,0,0,0,0,100,0,34232.03302001953,18321.9443359375,0,404335509504,0,27052818432,0
199,1724716972920,899,800,800,823,846,848,844,892,830,800,808,799,800,799,800,799,800,800,848,872,826,892,892,800,901,828,800,800,800,800,800,848,0,0,0,0,0,0,0,0,0,0,0,0,0,0,0,0,0,0,0,0,0,0,0,0,0,0,0,0,0,0,100,0,34233.93737792969,18327.111450195313,0,404335509504,0,27052818432,0
199,1724716973120,899,800,800,823,846,848,844,892,830,800,808,799,800,799,800,799,800,800,848,872,826,892,892,800,901,828,800,800,800,800,800,848,5,0,0,4.761904716491699,0,5,4.761904716491699,0,0,0,0,9.090909004211426,4.761904716491699,0,5,0,0,0,0,0,0,0,0,0,0,0,0,0,0,0,100,5,34235.864501953125,18332.35693359375,0,404335509504,0,27051249664,0
199,1724716973320,899,800,800,823,846,848,844,892,830,800,808,799,800,799,800,799,800,800,848,872,826,892,892,800,901,828,800,800,800,800,800,848,0,0,0,0,0,0,0,0,0,0,0,0,0,0,0,0,0,0,0,0,0,0,0,0,0,0,0,0,0,0,100,0,34237.74542236328,18337.526916503906,0,404335509504,0,27052109824,0
199,1724716973521,899,800,800,823,846,848,844,892,830,800,808,799,800,799,800,799,800,800,848,872,826,892,892,800,901,828,800,800,800,800,800,848,0,0,0,0,0,0,0,0,0,0,0,0,0,0,0,0,0,0,0,0,0,0,0,0,0,0,5,0,0,0,100,0,34239.65789794922,18342.721313476563,0,404335509504,0,27052900352,0
199,1724716973721,899,800,800,823,846,848,844,892,830,800,808,799,800,799,800,799,800,800,848,872,826,892,892,800,901,828,800,800,800,800,800,848,0,0,0,0,0,5,0,0,0,0,0,0,0,0,0,4.761904716491699,0,0,0,4.761904716491699,0,0,0,0,0,0,0,0,0,0,100,0,34241.54608154297,18347.91717529297,0,404335509504,0,27052904448,0
199,1724716973921,899,800,800,823,846,848,844,892,830,800,808,799,800,799,800,799,800,800,848,872,826,892,892,800,901,828,800,800,800,800,800,848,0,0,0,0,0,0,0,0,0,0,9.523809432983398,0,0,0,0,0,0,0,0,0,0,0,0,0,0,0,0,0,0,0,100,0,34243.406494140625,18353.155700683594,0,404335509504,0,27052904448,0
199,1724716974121,899,800,800,823,846,848,844,892,830,800,808,799,800,799,800,799,800,800,848,872,826,892,892,800,901,828,800,800,800,800,800,848,0,0,0,0,0,0,0,0,0,0,0,0,0,0,0,5,0,0,0,0,5,0,0,0,0,0,0,0,0,0,100,0,34245.29553222656,18358.330444335938,0,404335509504,0,27052904448,0
199,1724716974321,899,800,800,823,846,848,844,892,830,800,808,799,800,799,800,799,800,800,848,872,826,892,892,800,901,828,800,800,800,800,800,848,0,0,0,0,0,4.761904716491699,0,0,0,0,0,0,0,0,0,0,0,0,0,0,0,0,0,0,0,0,0,0,0,0,100,0,34247.16015625,18363.542724609375,0,404335509504,0,27052904448,0
199,1724716974521,899,800,800,823,846,848,844,892,830,800,808,799,800,799,800,799,800,800,848,872,826,892,892,800,901,828,800,800,800,800,800,848,0,0,0,0,0,0,0,0,0,0,0,0,0,0,0,0,0,0,0,0,0,0,0,0,0,0,0,0,0,0,100,0,34249.033264160156,18368.76690673828,0,404335509504,0,27052904448,0
199,1724716974721,899,800,800,823,846,848,844,892,830,800,808,799,800,799,800,799,800,800,848,872,826,892,892,800,901,828,800,800,800,800,800,848,0,0,0,0,5,0,0,0,0,0,0,0,0,0,0,0,0,0,0,0,0,0,0,0,0,0,5,0,0,0,100,0,34250.92199707031,18374.056213378906,0,404335509504,0,27052904448,0
199,1724716974922,899,800,800,823,846,848,844,892,830,800,808,799,800,799,800,799,800,800,848,872,826,892,892,800,901,828,800,800,800,800,800,848,0,0,0,0,0,0,0,0,0,0,4.761904716491699,0,0,0,4.761904716491699,0,0,0,0,0,0,0,0,0,0,0,0,0,0,0,100,0,34252.80792236328,18379.28973388672,0,404335509504,0,27052904448,0
199,1724716975122,899,800,800,823,846,848,844,892,830,800,808,799,800,799,800,799,800,800,848,872,826,892,892,800,901,828,800,800,800,800,800,848,0,0,0,0,0,0,0,0,0,0,0,0,0,0,0,0,0,0,0,0,0,0,0,0,5,0,0,0,0,5,100,5,34254.72644042969,18384.478759765625,0,404335509504,0,27052908544,0
199,1724716975322,899,800,800,823,846,848,844,892,830,800,808,799,800,799,800,799,800,800,848,872,826,892,892,800,901,828,800,800,800,800,800,848,0,0,0,0,0,0,0,0,0,0,0,0,0,0,0,0,0,0,0,0,0,0,0,0,0,0,0,0,0,0,100,0,34256.62048339844,18389.726623535156,0,404335509504,0,27052908544,0
199,1724716975522,899,800,800,823,846,848,844,892,830,800,808,799,800,799,800,799,800,800,848,872,826,892,892,800,901,828,800,800,800,800,800,848,0,0,0,0,5,0,0,0,0,4.761904716491699,0,0,0,4.761904716491699,0,0,0,0,4.761904716491699,0,0,0,0,0,4.761904716491699,0,0,0,0,0,100,0,34258.54522705078,18394.890197753906,0,404335509504,0,27052908544,0
199,1724716975722,899,800,800,823,846,848,844,892,830,800,808,799,800,799,800,799,800,800,848,872,826,892,892,800,901,828,800,800,800,800,800,848,0,0,0,0,5,0,0,0,0,4.761904716491699,0,0,0,4.761904716491699,0,0,0,0,4.761904716491699,0,0,0,0,0,4.761904716491699,0,0,0,0,0,100,0,34260.50524902344,18400.19464111328,0,404335509504,0,27052908544,0
199,1724716975922,899,800,800,823,846,848,844,892,830,800,808,799,800,799,800,799,800,800,848,872,826,892,892,800,901,828,800,800,800,800,800,848,2.5641026496887207,2.5641026496887207,2.5641026496887207,2.5,2.5641026496887207,2.5641026496887207,5,4.878048419952393,2.6315789222717285,5,5.128205299377441,0,2.5,0,2.5641026496887207,0,2.5641026496887207,90,2.5,5,5.128205299377441,2.5,10,2.5,2.5,0,2.5,2.5,2.5,2.5,10.256410598754883,0,34262.56201171875,18405.580932617188,0,404335509504,0,27052916736,0
199,1724716976122,899,800,800,823,846,848,844,892,830,800,808,799,800,799,800,799,800,800,848,872,826,892,892,800,901,828,800,800,800,800,800,848,2.5641026496887207,2.5641026496887207,2.5641026496887207,2.5,2.5641026496887207,2.5641026496887207,5,4.878048419952393,2.6315789222717285,5,5.128205299377441,0,2.5,0,2.5641026496887207,0,2.5641026496887207,90,2.5,5,5.128205299377441,2.5,10,2.5,2.5,0,2.5,2.5,2.5,2.5,10.256410598754883,0,34264.786071777344,18411.07244873047,0,404335509504,0,27052916736,0
199,1724716976323,899,800,800,823,846,848,844,892,830,800,808,799,800,799,800,799,800,800,848,872,826,892,892,800,901,828,800,800,800,800,800,848,5,2.5,2.5,2.5641026496887207,2.5,2.5,0,5,10,2.5,2.5641026496887207,2.5,7.500000476837158,4.878048419952393,2.5641026496887207,7.317072868347168,0,100,5,2.5,2.5,7.692307949066162,21.95121955871582,2.5641026496887207,39.02438735961914,2.5641026496887207,4.878048419952393,2.5641026496887207,4.878048419952393,2.5641026496887207,2.5,5,34266.69561767578,18416.333984375,0,404335509504,0,27052920832,0
199,1724716976523,899,800,800,823,846,848,844,892,830,800,808,799,800,799,800,799,800,800,848,872,826,892,892,800,901,828,800,800,800,800,800,848,0,0,0,0,0,4.761904716491699,0,0,0,4.761904716491699,0,0,0,0,0,0,0,100,0,0,0,0,0,0,0,0,0,0,0,0,0,0,34268.6240234375,18421.494750976563,0,404335509504,0,27052920832,0
199,1724716976723,899,800,800,823,846,848,844,892,830,800,808,799,800,799,800,799,800,800,848,872,826,892,892,800,901,828,800,800,800,800,800,848,0,0,0,0,0,4.761904716491699,0,0,0,4.761904716491699,0,0,0,0,0,0,0,100,0,0,0,0,0,0,0,0,0,0,0,0,0,0,34270.516357421875,18426.661376953125,0,404335509504,0,27052920832,0
199,1724716976923,899,800,800,823,846,848,844,892,830,800,808,799,800,799,800,799,800,800,848,872,826,892,892,800,901,828,800,800,800,800,800,848,0,0,2.5,0,0,0,0,0,0,0,0,0,0,0,0,0,0,100,0,0,0,0,0,0,0,0,0,0,0,0,0,0,34272.435302734375,18431.814392089844,0,404335509504,0,27052920832,0
199,1724716977123,899,800,800,823,846,848,844,892,830,800,808,799,800,799,800,799,800,800,848,872,826,892,892,800,901,828,800,800,800,800,800,848,0,0,4.761904716491699,0,0,0,0,0,0,0,0,0,0,0,0,0,0,100,0,0,0,0,0,0,0,0,0,0,0,0,0,0,34274.31201171875,18437.021240234375,0,404335509504,0,27052920832,0
199,1724716977323,899,800,800,823,846,848,844,892,830,800,808,799,800,799,800,799,800,800,848,872,826,892,892,800,901,828,800,800,800,800,800,848,0,0,0,0,0,0,0,0,0,0,4.761904716491699,14.285715103149414,0,0,0,0,0,100,0,0,0,0,0,0,0,4.761904716491699,0,0,0,0,0,0,34276.201904296875,18442.25518798828,0,404335509504,0,27054833664,0
199,1724716977523,899,800,800,823,846,848,844,892,830,800,808,799,800,799,800,799,800,800,848,872,826,892,892,800,901,828,800,800,800,800,800,848,0,0,0,0,0,0,0,0,9.090909004211426,0,0,0,0,0,0,0,0,100,0,0,0,0,0,0,0,0,4.761904716491699,0,0,0,0,0,34278.124267578125,18447.47314453125,0,404335509504,0,27054841856,0
199,1724716977724,899,800,800,823,846,848,844,892,830,800,808,799,800,799,800,799,800,800,848,872,826,892,892,800,901,828,800,800,800,800,800,848,0,0,0,0,0,0,0,0,5,0,0,0,0,0,0,0,0,100,0,0,0,0,0,0,0,0,5,0,0,0,0,0,34279.99346923828,18452.659606933594,0,404335509504,0,27054854144,0
199,1724716977924,899,800,800,823,846,848,844,892,830,800,808,799,800,799,800,799,800,800,848,872,826,892,892,800,901,828,800,800,800,800,800,848,0,0,0,0,0,0,0,0,0,0,4.761904716491699,0,0,0,0,0,0,100,0,0,0,0,0,0,0,0,0,0,0,0,0,0,34281.886779785156,18457.767944335938,0,404335509504,0,27054854144,0
199,1724716978124,899,800,800,823,846,848,844,892,830,800,808,799,800,799,800,799,800,800,848,872,826,892,892,800,901,828,800,800,800,800,800,848,0,0,0,0,0,0,0,0,0,0,0,0,0,0,0,0,0,100,0,0,4.761904716491699,0,0,0,0,0,0,0,0,0,0,0,34283.775939941406,18462.95721435547,0,404335509504,0,27054854144,0
199,1724716978324,899,800,800,823,846,848,844,892,830,800,808,799,800,799,800,799,800,800,848,872,826,892,892,800,901,828,800,800,800,800,800,848,0,0,0,0,0,0,0,0,0,0,0,0,0,0,0,0,0,100,0,0,0,0,0,0,0,0,0,0,0,0,0,0,34285.66015625,18468.182983398438,0,404335509504,0,27054854144,0
199,1724716978524,899,800,800,823,846,848,844,892,830,800,808,799,800,799,800,799,800,800,848,872,826,892,892,800,901,828,800,800,800,800,800,848,4.761904716491699,0,0,0,0,0,0,0,0,0,0,0,0,0,0,0,0,100,0,0,0,0,0,0,0,0,0,0,0,0,0,0,34287.60821533203,18473.358642578125,0,404335509504,0,27055214592,0
199,1724716978724,899,800,800,823,846,848,844,892,830,800,808,799,800,799,800,799,800,800,848,872,826,892,892,800,901,828,800,800,800,800,800,848,0,0,0,0,0,0,0,0,0,0,0,0,0,0,0,0,0,100,0,5,0,0,0,0,0,0,0,0,0,0,0,0,34289.547119140625,18478.58123779297,0,404335509504,0,27055214592,0
199,1724716978924,899,800,800,823,846,848,844,892,830,800,808,799,800,799,800,799,800,800,848,872,826,892,892,800,901,828,800,800,800,800,800,848,5,0,0,0,0,0,0,0,0,0,0,0,0,0,0,0,0,100,0,0,0,0,0,0,0,0,0,0,0,0,0,0,34291.45227050781,18483.744506835938,0,404335509504,0,27055218688,0
199,1724716979125,899,800,800,823,846,848,844,892,830,800,808,799,800,799,800,799,800,800,848,872,826,892,892,800,901,828,800,800,800,800,800,848,13.043478012084961,0,4.761904716491699,0,0,5,0,0,0,0,0,0,5,0,0,5,0,75,0,0,0,0,0,0,0,0,0,0,0,0,25,0,34293.397399902344,18489.02783203125,0,404335509504,0,27055226880,0
199,1724716979325,899,800,800,823,846,848,844,892,830,800,808,799,800,799,800,799,800,800,848,872,826,892,892,800,901,828,800,800,800,800,800,848,0,0,0,0,0,0,0,0,0,0,0,0,0,0,0,0,0,0,0,0,0,0,0,0,0,0,0,0,0,0,100,0,34295.319580078125,18494.172973632813,0,404335509504,0,27055226880,0
199,1724716979525,899,800,800,823,846,848,844,892,830,800,808,799,800,799,800,799,800,800,848,872,826,892,892,800,901,828,800,800,800,800,800,848,0,0,0,0,0,0,0,0,0,0,0,0,4.761904716491699,0,0,0,0,0,0,0,0,0,0,4.761904716491699,0,0,0,0,0,0,100,0,34297.220703125,18499.41046142578,0,404335509504,0,27055226880,0
199,1724716979725,899,800,800,823,846,848,844,892,830,800,808,799,800,799,800,799,800,800,848,872,826,892,892,800,901,828,800,800,800,800,800,848,0,0,0,0,0,0,0,0,0,0,0,0,0,0,0,0,0,0,0,0,4.761904716491699,0,0,0,0,0,0,0,0,0,100,0,34299.135498046875,18504.599243164063,0,404335509504,0,27055226880,0
199,1724716979925,899,800,800,823,846,848,844,892,830,800,808,799,800,799,800,799,800,800,848,872,826,892,892,800,901,828,800,800,800,800,800,848,0,4.761904716491699,0,0,0,0,0,0,0,0,0,0,0,0,0,0,0,0,0,0,0,0,0,0,0,0,0,0,0,0,100,0,34301.050354003906,18509.77655029297,0,404335509504,0,27055226880,0
199,1724716980125,899,800,800,823,846,848,844,892,830,800,808,799,800,799,800,799,800,800,848,872,826,892,892,800,901,828,800,800,800,800,800,848,0,0,0,0,0,0,0,0,0,4.761904716491699,0,0,4.761904716491699,0,0,4.761904716491699,0,30.000001907348633,0,0,5,0,0,0,0,0,0,0,0,0,70,0,34302.99725341797,18515.01641845703,0,404335509504,0,27055230976,0
199,1724716980325,899,800,800,823,846,848,844,892,830,800,808,799,800,799,800,799,800,800,848,872,826,892,892,800,901,828,800,800,800,800,800,848,0,0,0,0,0,0,0,0,0,4.761904716491699,0,0,4.761904716491699,0,0,4.761904716491699,0,30.000001907348633,0,0,5,0,0,0,0,0,0,0,0,0,70,0,34304.91711425781,18520.231018066406,0,404335509504,0,27055230976,0
199,1724716980526,899,800,800,823,846,848,844,892,830,800,808,799,800,799,800,799,800,800,848,872,826,892,892,800,901,828,800,800,800,800,800,848,2.4390242099761963,0,0,0,0,2.4390242099761963,2.4390242099761963,0,0,0,2.4390242099761963,2.4390242099761963,0,0,0,2.4390242099761963,2.4390242099761963,100,2.4390242099761963,2.4390242099761963,0,2.4390242099761963,0,0,0,2.4390242099761963,0,0,0,2.4390242099761963,0,2.4390242099761963,34306.847595214844,18525.526733398438,0,404335509504,0,27055230976,0
199,1724716980726,899,800,800,823,846,848,844,892,830,800,808,799,800,799,800,799,800,800,848,872,826,892,892,800,901,828,800,800,800,800,800,848,0,0,4.761904716491699,4.761904716491699,5,0,0,0,0,5,0,0,0,5,4.761904716491699,0,5,100,10.526315689086914,0,0,0,5,0,0,0,5,0,0,0,5,0,34308.80633544922,18530.881713867188,0,404335509504,0,27055230976,0
199,1724716980926,899,800,800,823,846,848,844,892,830,800,808,799,800,799,800,799,800,800,848,872,826,892,892,800,901,828,800,800,800,800,800,848,0,0,4.761904716491699,4.761904716491699,5,0,0,0,0,5,0,0,0,5,4.761904716491699,0,5,100,10.526315689086914,0,0,0,5,0,0,0,5,0,0,0,5,0,34310.747619628906,18536.130493164063,0,404335509504,0,27052941312,0
199,1724716981126,899,800,800,823,846,848,844,892,830,800,808,799,800,799,800,799,800,800,848,872,826,892,892,800,901,828,800,800,800,800,800,848,2.5,4.878048419952393,2.5641026496887207,2.5,2.5,2.5641026496887207,2.5,0,2.5641026496887207,5,21.95121955871582,2.5,38.46154022216797,5.128205299377441,2.5641026496887207,2.5,2.5,45,0,2.5,5.128205299377441,5,0,7.317072868347168,0,2.5,2.5641026496887207,2.4390242099761963,9.756096839904785,2.5,55,5,34312.90936279297,18541.986938476563,0,404335509504,0,27052875776,0
199,1724716981326,899,800,800,823,846,848,844,892,830,800,808,799,800,799,800,799,800,800,848,872,826,892,892,800,901,828,800,800,800,800,800,848,0,0,0,0,0,0,0,0,0,0,0,0,0,0,0,0,0,100,0,0,0,0,0,0,0,0,0,0,0,0,0,0,34314.831115722656,18547.10528564453,0,404335509504,0,27052879872,0
199,1724716981526,899,800,800,823,846,848,844,892,830,800,808,799,800,799,800,799,800,800,848,872,826,892,892,800,901,828,800,800,800,800,800,848,0,0,0,0,0,0,0,0,0,0,0,0,0,0,0,0,0,100,0,0,0,0,0,0,0,0,0,0,0,0,0,0,34316.70916748047,18552.236938476563,0,404335509504,0,27052879872,0
199,1724716981726,899,800,800,823,846,848,844,892,830,800,808,799,800,799,800,799,800,800,848,872,826,892,892,800,901,828,800,800,800,800,800,848,0,4.761904716491699,0,0,0,0,0,0,4.761904716491699,0,0,0,0,0,0,0,0,100,0,0,0,0,0,0,0,0,0,0,0,0,0,0,34318.590759277344,18557.29815673828,0,404335509504,0,27052879872,0
199,1724716981927,899,800,800,823,846,848,844,892,830,800,808,799,800,799,800,799,800,800,848,872,826,892,892,800,901,828,800,800,800,800,800,848,0,4.761904716491699,0,0,0,0,0,0,0,0,0,0,0,0,0,0,0,100,0,0,0,0,0,0,0,0,0,0,0,0,0,9.523809432983398,34320.49560546875,18562.45819091797,0,404335509504,0,27052879872,0
199,1724716982127,899,800,800,823,846,848,844,892,830,800,808,799,800,799,800,799,800,800,848,872,826,892,892,800,901,828,800,800,800,800,800,848,0,5,0,0,0,4.761904716491699,0,0,0,0,0,0,0,0,0,4.761904716491699,0,100,0,0,0,0,0,0,0,0,0,0,0,0,0,0,34322.40887451172,18567.649169921875,0,404335509504,0,27052888064,0
199,1724716982327,899,800,800,823,846,848,844,892,830,800,808,799,800,799,800,799,800,800,848,872,826,892,892,800,901,828,800,800,800,800,800,848,0,0,0,0,0,0,0,0,0,0,0,0,0,0,0,0,0,100,0,0,0,0,0,0,0,0,0,0,0,0,0,0,34324.31726074219,18572.80059814453,0,404335509504,0,27052888064,0
199,1724716982527,899,800,800,823,846,848,844,892,830,800,808,799,800,799,800,799,800,800,848,872,826,892,892,800,901,828,800,800,800,800,800,848,0,0,0,0,0,0,0,0,0,0,0,0,4.761904716491699,0,0,0,0,100,0,0,0,0,0,0,0,0,0,0,0,0,0,0,34326.208251953125,18578.003479003906,0,404335509504,0,27052888064,0
199,1724716982727,899,800,800,823,846,848,844,892,830,800,808,799,800,799,800,799,800,800,848,872,826,892,892,800,901,828,800,800,800,800,800,848,0,0,4.761904716491699,0,0,0,0,0,0,0,0,0,0,0,0,0,0,100,0,0,0,0,0,0,0,0,4.761904716491699,0,0,0,0,5,34328.081481933594,18583.195739746094,0,404335509504,0,27052888064,0
199,1724716982927,899,800,800,823,846,848,844,892,830,800,808,799,800,799,800,799,800,800,848,872,826,892,892,800,901,828,800,800,800,800,800,848,0,0,0,0,0,0,0,0,0,0,0,0,5,0,0,0,0,100,0,0,0,0,0,0,0,0,0,0,0,0,0,0,34329.96893310547,18588.395874023438,0,404335509504,0,27052888064,0
199,1724716983127,899,800,800,823,846,848,844,892,830,800,808,799,800,799,800,799,800,800,848,872,826,892,892,800,901,828,800,800,800,800,800,848,0,0,5,0,0,0,0,0,0,0,0,10,0,0,0,0,0,100,0,0,0,0,0,0,0,0,0,0,0,0,0,4.761904716491699,34331.891845703125,18593.584045410156,0,404335509504,0,27054804992,0
199,1724716983328,899,800,800,823,846,848,844,892,830,800,808,799,800,799,800,799,800,800,848,872,826,892,892,800,901,828,800,800,800,800,800,848,0,0,0,0,0,0,0,0,0,0,0,5,0,0,0,0,0,100,0,0,0,0,0,0,0,0,5,0,0,0,0,0,34333.776794433594,18598.772399902344,0,404335509504,0,27054817280,0
199,1724716983528,899,800,800,823,846,848,844,892,830,800,808,799,800,799,800,799,800,800,848,872,826,892,892,800,901,828,800,800,800,800,800,848,0,0,0,0,0,0,0,0,0,0,0,0,0,0,0,0,0,100,0,0,0,0,0,0,0,0,0,0,0,0,0,0,34335.71350097656,18603.9423828125,0,404335509504,0,27054817280,0
199,1724716983728,899,800,800,823,846,848,844,892,830,800,808,799,800,799,800,799,800,800,848,872,826,892,892,800,901,828,800,800,800,800,800,848,0,0,0,0,0,0,0,0,0,0,0,0,0,0,0,0,0,100,0,0,0,0,0,0,0,0,0,0,0,0,0,0,34337.587158203125,18609.016174316406,0,404335509504,0,27054817280,0
199,1724716983928,899,800,800,823,846,848,844,892,830,800,808,799,800,799,800,799,800,800,848,872,826,892,892,800,901,828,800,800,800,800,800,848,0,0,0,0,0,0,0,4.761904716491699,0,0,0,0,0,0,0,0,0,100,0,0,0,0,0,0,0,0,0,0,0,0,0,0,34339.49981689453,18614.2509765625,0,404335509504,0,27055177728,0
199,1724716984128,899,800,800,823,846,848,844,892,830,800,808,799,800,799,800,799,800,800,848,872,826,892,892,800,901,828,800,800,800,800,800,848,0,0,0,0,0,0,0,0,0,0,0,0,0,0,0,0,0,100,0,0,5,0,0,0,0,0,0,0,0,0,0,0,34341.431579589844,18619.418518066406,0,404335509504,0,27055177728,0
199,1724716984328,899,800,800,823,846,848,844,892,830,800,808,799,800,799,800,799,800,800,848,872,826,892,892,800,901,828,800,800,800,800,800,848,0,0,0,0,0,0,0,0,0,0,0,0,0,0,0,0,0,100,0,0,0,0,0,4.761904716491699,0,0,0,0,0,0,0,0,34343.337890625,18624.612915039063,0,404335509504,0,27055177728,0
199,1724716984528,899,800,800,823,846,848,844,892,830,800,808,799,800,799,800,799,800,800,848,872,826,892,892,800,901,828,800,800,800,800,800,848,0,0,0,0,0,0,0,0,0,0,0,0,0,0,0,0,0,100,0,0,0,0,0,0,0,0,0,0,0,0,0,0,34345.24609375,18629.810119628906,0,404335509504,0,27055177728,0
199,1724716984728,899,800,800,823,846,848,844,892,830,800,808,799,800,799,800,799,800,800,848,872,826,892,892,800,901,828,800,800,800,800,800,848,0,0,0,0,0,0,0,0,0,0,0,0,0,0,0,0,0,100,0,0,0,0,0,0,0,0,0,0,0,0,0,0,34347.144592285156,18634.988403320313,0,404335509504,0,27055177728,0
199,1724716984929,899,800,800,823,846,848,844,892,830,800,808,799,800,799,800,799,800,800,848,872,826,892,892,800,901,828,800,800,800,800,800,848,0,0,0,2.5,0,0,0,0,0,0,0,0,0,0,2.4390242099761963,0,0,100,0,0,0,0,0,0,0,0,0,0,0,0,0,0,34349.09143066406,18640.13409423828,0,404335509504,0,27055177728,0
199,1724716985129,899,800,800,823,846,848,844,892,830,800,808,799,800,799,800,799,800,800,848,872,826,892,892,800,901,828,800,800,800,800,800,848,4.761904716491699,0,4.761904716491699,9.523809432983398,0,0,0,0,0,0,0,0,0,0,0,0,0,100,0,0,0,0,0,0,0,0,0,0,0,0,0,0,34351.01086425781,18645.311157226563,0,404335509504,0,27055177728,0
199,1724716985329,899,800,800,823,846,848,844,892,830,800,808,799,800,799,800,799,800,800,848,872,826,892,892,800,901,828,800,800,800,800,800,848,0,0,0,0,0,0,0,0,0,0,0,0,0,0,0,0,0,100,0,0,0,0,0,0,0,0,0,0,0,0,0,0,34352.93292236328,18650.48211669922,0,404335509504,0,27055177728,0
199,1724716985529,899,800,800,823,846,848,844,892,830,800,808,799,800,799,800,799,800,800,848,872,826,892,892,800,901,828,800,800,800,800,800,848,0,5,0,5,0,0,0,0,0,0,0,0,0,0,0,0,0,100,5,0,0,0,0,0,0,0,0,0,0,0,0,0,34354.85400390625,18655.69842529297,0,404335509504,0,27055177728,0
199,1724716985729,899,800,800,823,846,848,844,892,830,800,808,799,800,799,800,799,800,800,848,872,826,892,892,800,901,828,800,800,800,800,800,848,4.761904716491699,5,4.761904716491699,4.761904716491699,0,4.761904716491699,0,14.285715103149414,0,5,5,5,5,9.523809432983398,0,5,0,100,5,0,5,0,4.761904716491699,0,0,0,4.761904716491699,0,0,5,5,0,34356.820373535156,18660.94464111328,0,404335509504,0,27055177728,0
199,1724716985929,899,800,800,823,846,848,844,892,830,800,808,799,800,799,800,799,800,800,848,872,826,892,892,800,901,828,800,800,800,800,800,848,4.761904716491699,5,4.761904716491699,4.761904716491699,0,4.761904716491699,0,14.285715103149414,0,5,5,5,5,9.523809432983398,0,5,0,100,5,0,5,0,4.761904716491699,0,0,0,4.761904716491699,0,0,5,5,0,34358.93518066406,18666.27325439453,0,404335509504,0,27055177728,0
199,1724716986129,899,800,800,823,846,848,844,892,830,800,808,799,800,799,800,799,800,800,848,872,826,892,892,800,901,828,800,800,800,800,800,848,5,5.263157844543457,2.5641026496887207,15.384615898132324,2.5,2.5641026496887207,7.692307949066162,5,2.5,2.5,2.5,2.5641026496887207,7.692307949066162,2.5641026496887207,4.878048419952393,5,2.5641026496887207,100,2.5,5.128205299377441,5,30.000001907348633,2.5,7.142857551574707,4.878048419952393,2.5,5,2.5,7.500000476837158,5,2.5,17.073171615600586,34361.19055175781,18671.68963623047,0,404335509504,0,27052892160,0
199,1724716986330,899,800,800,823,846,848,844,892,830,800,808,799,800,799,800,799,800,800,848,872,826,892,892,800,901,828,800,800,800,800,800,848,0,4.761904716491699,0,0,0,0,0,0,0,0,5,0,0,0,0,0,0,100,0,0,0,21.052631378173828,0,0,0,0,0,0,0,0,0,0,34363.160705566406,18676.89776611328,0,404335509504,0,27052892160,0
199,1724716986530,899,800,800,823,846,848,844,892,830,800,808,799,800,799,800,799,800,800,848,872,826,892,892,800,901,828,800,800,800,800,800,848,0,0,0,0,0,0,0,0,0,0,0,0,0,0,0,0,0,100,0,0,0,0,0,0,0,0,0,0,0,0,0,0,34365.1337890625,18682.108947753906,0,404335509504,0,27052896256,0
199,1724716986730,899,800,800,823,846,848,844,892,830,800,808,799,800,799,800,799,800,800,848,872,826,892,892,800,901,828,800,800,800,800,800,848,0,0,0,0,0,0,0,0,0,0,0,0,0,0,0,0,0,100,0,0,0,0,0,0,0,4.761904716491699,0,0,0,0,0,0,34367.112731933594,18687.299072265625,0,404335509504,0,27052896256,0
199,1724716986930,899,800,800,823,846,848,844,892,830,800,808,799,800,799,800,799,800,800,848,872,826,892,892,800,901,828,800,800,800,800,800,848,0,4.761904716491699,0,0,0,0,0,0,0,0,0,0,0,0,0,0,0,100,0,0,0,0,0,0,0,5,0,0,0,0,0,0,34369.058044433594,18692.477661132813,0,404335509504,0,27052896256,0
199,1724716987130,899,800,800,823,846,848,844,892,830,800,808,799,800,799,800,799,800,800,848,872,826,892,892,800,901,828,800,800,800,800,800,848,0,0,0,0,0,0,0,0,0,0,0,0,5,0,0,0,0,100,0,0,0,0,0,0,0,0,0,0,0,0,0,0,34371.02844238281,18697.67803955078,0,404335509504,0,27052896256,0
199,1724716987330,899,800,800,823,846,848,844,892,830,800,808,799,800,799,800,799,800,800,848,872,826,892,892,800,901,828,800,800,800,800,800,848,0,0,0,0,0,0,0,0,0,0,0,0,0,0,0,0,0,100,0,0,0,0,0,0,0,0,0,0,0,0,0,0,34372.92950439453,18702.886169433594,0,404335509504,0,27052896256,0
199,1724716987530,899,800,800,823,846,848,844,892,830,800,808,799,800,799,800,799,800,800,848,872,826,892,892,800,901,828,800,800,800,800,800,848,5,4.761904716491699,0,0,0,0,0,0,0,0,0,0,0,0,0,0,0,100,0,0,0,0,0,0,0,0,0,0,0,0,0,0,34374.776794433594,18708.081115722656,0,404335509504,0,27052896256,0
199,1724716987730,899,800,800,823,846,848,844,892,830,800,808,799,800,799,800,799,800,800,848,872,826,892,892,800,901,828,800,800,800,800,800,848,0,5,0,0,0,0,0,0,0,0,0,0,0,0,0,0,0,100,0,0,0,0,0,0,0,0,0,0,0,0,0,0,34376.70751953125,18713.289001464844,0,404335509504,0,27052896256,0
199,1724716987931,899,800,800,823,846,848,844,892,830,800,808,799,800,799,800,799,800,800,848,872,826,892,892,800,901,828,800,800,800,800,800,848,4.761904716491699,0,0,0,0,0,0,0,0,0,0,0,0,0,0,0,0,100,0,0,0,0,0,0,0,0,0,0,0,0,0,0,34378.595947265625,18718.50067138672,0,404335509504,0,27052896256,0
199,1724716988131,899,800,800,823,846,848,844,892,830,800,808,799,800,799,800,799,800,800,848,872,826,892,892,800,901,828,800,800,800,800,800,848,0,0,0,0,0,0,0,0,0,0,0,0,4.761904716491699,0,0,0,0,100,0,0,5,0,0,0,0,0,0,0,0,0,0,0,34380.50848388672,18723.721252441406,0,404335509504,0,27052896256,0
199,1724716988331,899,800,800,823,846,848,844,892,830,800,808,799,800,799,800,799,800,800,848,872,826,892,892,800,901,828,800,800,800,800,800,848,0,5,0,0,0,0,0,0,0,0,0,0,0,0,0,0,0,100,0,0,0,0,0,0,0,0,0,0,0,0,0,0,34382.48254394531,18728.91534423828,0,404335509504,0,27052896256,0
199,1724716988531,899,800,800,823,846,848,844,892,830,800,808,799,800,799,800,799,800,800,848,872,826,892,892,800,901,828,800,800,800,800,800,848,0,0,0,0,0,0,0,0,0,0,0,0,0,0,0,0,0,100,0,0,0,0,0,0,0,0,0,0,0,0,0,0,34384.43395996094,18734.081420898438,0,404335509504,0,27052896256,0
199,1724716988731,899,800,800,823,846,848,844,892,830,800,808,799,800,799,800,799,800,800,848,872,826,892,892,800,901,828,800,800,800,800,800,848,0,0,0,0,0,0,0,0,0,0,0,0,0,0,0,0,0,100,0,0,0,4.761904716491699,0,0,0,0,0,0,5,0,0,0,34386.42315673828,18739.289428710938,0,404335509504,0,27052896256,0
199,1724716988931,899,800,800,823,846,848,844,892,830,800,808,799,800,799,800,799,800,800,848,872,826,892,892,800,901,828,800,800,800,800,800,848,4.761904716491699,0,0,0,0,0,0,0,0,0,0,10,0,0,0,0,0,100,0,0,0,0,0,0,0,0,0,0,0,0,0,0,34388.411682128906,18744.541015625,0,404335509504,0,27054546944,0
199,1724716989131,899,800,800,823,846,848,844,892,830,800,808,799,800,799,800,799,800,800,848,872,826,892,892,800,901,828,800,800,800,800,800,848,0,4.761904716491699,0,0,0,0,0,0,0,0,0,0,0,0,0,9.523809432983398,0,100,0,0,4.761904716491699,0,0,0,0,0,0,5,0,0,0,0,34390.43768310547,18749.816040039063,0,404335509504,0,27054813184,0
199,1724716989331,899,800,800,823,846,848,844,892,830,800,808,799,800,799,800,799,800,800,848,872,826,892,892,800,901,828,800,800,800,800,800,848,4.761904716491699,0,0,0,0,0,0,0,0,0,4.761904716491699,0,0,0,0,0,0,100,0,0,0,0,0,0,0,0,0,9.523809432983398,0,4.761904716491699,0,0,34392.393127441406,18755.021118164063,0,404335509504,0,27054829568,0
199,1724716989532,899,800,800,823,846,848,844,892,830,800,808,799,800,799,800,799,800,800,848,872,826,892,892,800,901,828,800,800,800,800,800,848,0,0,0,0,0,0,0,0,0,0,0,0,0,0,0,0,0,100,0,0,0,0,0,0,0,0,0,0,0,0,0,0,34394.268127441406,18760.253967285156,0,404335509504,0,27055149056,0
199,1724716989732,899,800,800,823,846,848,844,892,830,800,808,799,800,799,800,799,800,800,848,872,826,892,892,800,901,828,800,800,800,800,800,848,0,0,0,0,0,0,0,0,0,0,0,0,0,0,0,0,0,100,0,0,0,0,0,0,0,0,0,0,0,0,0,5,34396.24090576172,18765.45391845703,0,404335509504,0,27055149056,0
199,1724716989932,899,800,800,823,846,848,844,892,830,800,808,799,800,799,800,799,800,800,848,872,826,892,892,800,901,828,800,800,800,800,800,848,0,5,4.761904716491699,0,9.523809432983398,4.761904716491699,0,0,4.761904716491699,5,5,0,0,5,0,5,4.761904716491699,100,5,4.761904716491699,0,0,0,0,0,0,0,5,4.761904716491699,0,0,5,34398.30212402344,18770.7470703125,0,404335509504,0,27055149056,0
199,1724716990132,899,800,800,823,846,848,844,892,830,800,808,799,800,799,800,799,800,800,848,872,826,892,892,800,901,828,800,800,800,800,800,848,0,0,0,0,0,0,4.761904716491699,0,0,0,0,0,0,0,0,0,0,100,0,0,0,0,0,4.761904716491699,0,0,0,0,0,0,0,0,34400.277893066406,18775.94842529297,0,404335509504,0,27055149056,0
199,1724716990332,899,800,800,823,846,848,844,892,830,800,808,799,800,799,800,799,800,800,848,872,826,892,892,800,901,828,800,800,800,800,800,848,0,0,0,0,0,0,0,0,0,0,0,0,0,0,0,0,0,100,0,0,0,0,0,0,0,0,0,0,0,0,0,0,34402.238525390625,18781.195373535156,0,404335509504,0,27055149056,0
199,1724716990532,899,800,800,823,846,848,844,892,830,800,808,799,800,799,800,799,800,800,848,872,826,892,892,800,901,828,800,800,800,800,800,848,9.090909004211426,0,0,4.761904716491699,0,0,5,5,4.761904716491699,0,0,5,4.761904716491699,0,0,0,0,100,0,0,0,0,0,0,4.761904716491699,4.761904716491699,0,0,0,0,0,4.761904716491699,34404.20935058594,18786.429077148438,0,404335509504,0,27055149056,0
199,1724716990732,899,800,800,823,846,848,844,892,830,800,808,799,800,799,800,799,800,800,848,872,826,892,892,800,901,828,800,800,800,800,800,848,0,0,4.761904716491699,15.000000953674316,5,5,4.761904716491699,5,0,5,0,0,0,4.761904716491699,0,0,0,100,4.761904716491699,0,5,0,0,0,0,0,0,5,0,9.090909004211426,5.263157844543457,0,34406.23291015625,18791.73193359375,0,404335509504,0,27055149056,0
199,1724716990932,899,800,800,823,846,848,844,892,830,800,808,799,800,799,800,799,800,800,848,872,826,892,892,800,901,828,800,800,800,800,800,848,0,0,0,0,0,0,0,0,0,0,0,0,0,20,0,0,0,100,5,0,0,5,4.761904716491699,0,0,0,0,0,5.263157844543457,0,0,0,34408.26824951172,18796.97821044922,0,404335509504,0,27055149056,0
199,1724716991132,899,800,800,823,846,848,844,892,830,800,808,799,800,799,800,799,800,800,848,872,826,892,892,800,901,828,800,800,800,800,800,848,0,0,0,0,0,0,0,0,0,0,0,0,0,20,0,0,0,100,5,0,0,5,4.761904716491699,0,0,0,0,0,5.263157844543457,0,0,0,34410.93194580078,18802.92987060547,0,404335509504,0,27055149056,0
199,1724716991333,899,800,800,823,846,848,844,892,830,800,808,799,800,799,800,799,800,800,848,872,826,892,892,800,901,828,800,800,800,800,800,848,0,37.5,2.5,0,0,2.5,0,2.5,2.4390242099761963,2.5,7.317072868347168,2.5,0,7.692307949066162,2.5,2.5,4.878048419952393,100,0,2.5,2.5,2.5641026496887207,2.5,2.5,2.5,2.5,2.4390242099761963,5,2.5,4.878048419952393,2.4390242099761963,2.5,34412.92803955078,18808.11749267578,0,404335509504,0,27055149056,0
199,1724716991533,899,800,800,823,846,848,844,892,830,800,808,799,800,799,800,799,800,800,848,872,826,892,892,800,901,828,800,800,800,800,800,848,0,0,0,0,0,0,5,0,0,0,0,0,0,0,0,0,0,100,0,0,0,0,0,0,0,0,0,0,0,0,0,0,34414.90380859375,18813.236389160156,0,404335509504,0,27055149056,0
199,1724716991733,899,800,800,823,846,848,844,892,830,800,808,799,800,799,800,799,800,800,848,872,826,892,892,800,901,828,800,800,800,800,800,848,0,0,0,0,0,0,0,0,0,0,0,0,4.761904716491699,0,0,0,0,100,0,0,0,0,0,0,0,0,0,5,0,0,0,0,34416.85382080078,18818.478454589844,0,404335509504,0,27055153152,0
199,1724716991933,899,800,800,823,846,848,844,892,830,800,808,799,800,799,800,799,800,800,848,872,826,892,892,800,901,828,800,800,800,800,800,848,0,0,0,0,0,0,4.761904716491699,0,0,0,0,0,0,0,0,0,5,100,0,0,0,0,0,0,0,0,0,0,0,0,0,0,34418.82208251953,18823.729431152344,0,404335509504,0,27055153152,0
199,1724716992133,899,800,800,823,846,848,844,892,830,800,808,799,800,799,800,799,800,800,848,872,826,892,892,800,901,828,800,800,800,800,800,848,0,0,0,0,0,0,0,0,0,0,0,0,0,0,0,0,0,100,0,0,5,0,0,5,0,0,0,4.761904716491699,0,0,0,4.761904716491699,34420.85754394531,18828.955932617188,0,404335509504,0,27055153152,0
199,1724716992333,899,800,800,823,846,848,844,892,830,800,808,799,800,799,800,799,800,800,848,872,826,892,892,800,901,828,800,800,800,800,800,848,0,0,0,0,0,0,0,0,0,0,0,0,0,0,0,0,0,100,0,0,5,0,0,5,0,0,0,4.761904716491699,0,0,0,4.761904716491699,34422.876525878906,18834.16552734375,0,404335509504,0,27055153152,0
199,1724716992533,899,800,800,823,846,848,844,892,830,800,808,799,800,799,800,799,800,800,848,872,826,892,892,800,901,828,800,800,800,800,800,848,0,2.5,0,0,0,0,0,0,0,0,2.4390242099761963,0,0,0,0,0,0,100,0,0,0,0,0,0,0,0,0,0,0,0,0,0,34424.84069824219,18839.338928222656,0,404335509504,0,27055153152,0
199,1724716992734,899,800,800,823,846,848,844,892,830,800,808,799,800,799,800,799,800,800,848,872,826,892,892,800,901,828,800,800,800,800,800,848,0,0,0,0,0,0,4.761904716491699,0,0,0,0,0,0,0,0,0,0,100,0,0,0,0,0,0,0,0,0,0,0,4.761904716491699,0,0,34426.86828613281,18844.61737060547,0,404335509504,0,27055153152,0
199,1724716992934,899,800,800,823,846,848,844,892,830,800,808,799,800,799,800,799,800,800,848,872,826,892,892,800,901,828,800,800,800,800,800,848,0,0,0,0,0,0,5,0,0,0,0,0,0,0,0,0,0,100,0,0,0,0,4.761904716491699,0,0,0,0,4.761904716491699,0,0,0,0,34428.754943847656,18849.86865234375,0,404335509504,0,27055153152,0
199,1724716993134,899,800,800,823,846,848,844,892,830,800,808,799,800,799,800,799,800,800,848,872,826,892,892,800,901,828,800,800,800,800,800,848,0,0,5.263157844543457,0,0,0,0,0,0,0,0,0,0,0,0,5,0,100,0,0,0,0,0,0,0,0,0,0,0,0,0,0,34430.67010498047,18855.11376953125,0,404335509504,0,27055153152,0
199,1724716993334,899,800,800,823,846,848,844,892,830,800,808,799,800,799,800,799,800,800,848,872,826,892,892,800,901,828,800,800,800,800,800,848,0,0,0,0,4.761904716491699,0,0,0,0,0,0,0,4.761904716491699,0,0,0,0,100,0,0,0,0,0,0,0,0,0,0,0,0,0,0,34432.620178222656,18860.3505859375,0,404335509504,0,27055157248,0
199,1724716993534,899,800,800,823,846,848,844,892,830,800,808,799,800,799,800,799,800,800,848,872,826,892,892,800,901,828,800,800,800,800,800,848,4.761904716491699,0,0,0,0,0,0,0,0,0,0,0,0,0,0,0,0,100,0,0,0,0,0,0,0,0,0,0,0,0,0,5,34434.51721191406,18865.577575683594,0,404335509504,0,27055157248,0
199,1724716993734,899,800,800,823,846,848,844,892,830,800,808,799,800,799,800,799,800,800,848,872,826,892,892,800,901,828,800,800,800,800,800,848,4.761904716491699,0,0,0,0,0,0,0,0,0,0,0,0,0,0,0,0,100,0,0,0,0,0,0,0,0,0,0,0,0,0,0,34436.3857421875,18870.709716796875,0,404335509504,0,27055157248,0
199,1724716993934,899,800,800,823,846,848,844,892,830,800,808,799,800,799,800,799,800,800,848,872,826,892,892,800,901,828,800,800,800,800,800,848,5,0,0,0,0,0,0,4.761904716491699,0,0,0,0,0,0,0,0,0,100,0,0,0,0,0,0,0,0,0,0,0,0,0,0,34438.3125,18875.905395507813,0,404335509504,0,27052916736,0
199,1724716994135,899,800,800,823,846,848,844,892,830,800,808,799,800,799,800,799,800,800,848,872,826,892,892,800,901,828,800,800,800,800,800,848,0,0,4.761904716491699,0,0,0,0,0,0,0,0,0,0,0,0,0,0,100,0,0,0,0,0,4.761904716491699,0,0,0,0,0,0,0,0,34440.24462890625,18881.09649658203,0,404335509504,0,27052916736,0
199,1724716994335,899,800,800,823,846,848,844,892,830,800,808,799,800,799,800,799,800,800,848,872,826,892,892,800,901,828,800,800,800,800,800,848,0,0,0,0,0,0,4.761904716491699,0,0,0,0,0,0,4.761904716491699,0,0,0,100,0,0,0,0,0,0,0,0,0,0,0,0,0,0,34442.12957763672,18886.3603515625,0,404335509504,0,27052916736,0
199,1724716994535,899,800,800,823,846,848,844,892,830,800,808,799,800,799,800,799,800,800,848,872,826,892,892,800,901,828,800,800,800,800,800,848,4.761904716491699,0,0,0,0,0,0,0,0,0,0,0,0,0,0,0,0,100,0,0,0,0,0,0,0,0,0,0,0,0,0,0,34444.02600097656,18891.508422851563,0,404335509504,0,27052920832,0
199,1724716994735,899,800,800,823,846,848,844,892,830,800,808,799,800,799,800,799,800,800,848,872,826,892,892,800,901,828,800,800,800,800,800,848,0,0,0,0,0,0,0,0,0,0,0,0,0,0,0,0,0,100,0,0,0,0,0,0,0,0,0,0,0,0,0,0,34445.94268798828,18896.73944091797,0,404335509504,0,27052920832,0
199,1724716994935,899,800,800,823,846,848,844,892,830,800,808,799,800,799,800,799,800,800,848,872,826,892,892,800,901,828,800,800,800,800,800,848,0,0,0,0,0,0,0,0,0,0,0,0,0,0,0,0,0,100,0,0,0,0,0,0,0,0,0,0,0,0,0,0,34447.89709472656,18901.990600585938,0,404335509504,0,27052920832,0
199,1724716995135,899,800,800,823,846,848,844,892,830,800,808,799,800,799,800,799,800,800,848,872,826,892,892,800,901,828,800,800,800,800,800,848,0,0,0,5,5,0,0,0,0,0,0,0,0,0,0,0,0,100,0,0,5,0,0,0,0,0,0,0,0,0,0,0,34449.89990234375,18907.25421142578,0,404335509504,0,27052937216,0
199,1724716995335,899,800,800,823,846,848,844,892,830,800,808,799,800,799,800,799,800,800,848,872,826,892,892,800,901,828,800,800,800,800,800,848,0,0,0,0,0,0,0,0,0,0,0,0,0,0,0,0,0,100,0,0,0,0,0,0,0,5,0,0,0,0,0,0,34451.82061767578,18912.515869140625,0,404335509504,0,27052937216,0
199,1724716995535,899,800,800,823,846,848,844,892,830,800,808,799,800,799,800,799,800,800,848,872,826,892,892,800,901,828,800,800,800,800,800,848,0,5,0,10,5,0,4.761904716491699,0,0,0,0,0,0,0,4.761904716491699,5,5,100,5,5,4.761904716491699,4.761904716491699,0,0,5,0,0,0,5,4.761904716491699,0,0,34453.799865722656,18917.780700683594,0,404335509504,0,27052937216,0
199,1724716995736,899,800,800,823,846,848,844,892,830,800,808,799,800,799,800,799,800,800,848,872,826,892,892,800,901,828,800,800,800,800,800,848,0,0,0,14.285715103149414,0,0,0,0,0,0,4.761904716491699,0,0,0,0,4.761904716491699,0,100,0,0,0,0,0,0,0,0,4.761904716491699,0,0,0,0,0,34455.753356933594,18923.00946044922,0,404335509504,0,27052937216,0
199,1724716995936,899,800,800,823,846,848,844,892,830,800,808,799,800,799,800,799,800,800,848,872,826,892,892,800,901,828,800,800,800,800,800,848,10,0,0,0,9.523809432983398,4.761904716491699,0,5,5,0,0,5,5,0,0,0,0,100,0,4.761904716491699,0,0,0,5,5,5,5.263157844543457,0,0,0,5,9.523809432983398,34457.8837890625,18928.336486816406,0,404335509504,0,27052969984,0
199,1724716996136,899,800,800,823,846,848,844,892,830,800,808,799,800,799,800,799,800,800,848,872,826,892,892,800,901,828,800,800,800,800,800,848,10,0,0,0,9.523809432983398,4.761904716491699,0,5,5,0,0,5,5,0,0,0,0,100,0,4.761904716491699,0,0,0,5,5,5,5.263157844543457,0,0,0,5,9.523809432983398,34460.07452392578,18934.134033203125,0,404335509504,0,27054882816,0
199,1724716996336,899,800,800,823,846,848,844,892,830,800,808,799,800,799,800,799,800,800,848,872,826,892,892,800,901,828,800,800,800,800,800,848,0,0,5,0,0,0,0,0,5,0,0,20,0,4.761904716491699,0,0,0,100,0,0,4.761904716491699,0,0,0,0,0,0,5,0,4.761904716491699,0,0,34462.06170654297,18939.491088867188,0,404335509504,0,27054891008,0
199,1724716996536,899,800,800,823,846,848,844,892,830,800,808,799,800,799,800,799,800,800,848,872,826,892,892,800,901,828,800,800,800,800,800,848,0,0,0,4.761904716491699,0,5,0,0,4.761904716491699,0,5,5,4.761904716491699,5,0,0,0,100,5,5,0,14.285715103149414,0,4.761904716491699,4.761904716491699,5,4.761904716491699,0,0,0,0,0,34464.00958251953,18944.74835205078,0,404335509504,0,27055009792,0
199,1724716996736,899,800,800,823,846,848,844,892,830,800,808,799,800,799,800,799,800,800,848,872,826,892,892,800,901,828,800,800,800,800,800,848,0,0,0,0,0,0,0,0,0,0,0,0,0,0,0,0,0,100,0,0,0,0,0,0,0,5,0,0,0,0,0,5,34465.940490722656,18950.019653320313,0,404335509504,0,27055022080,0
199,1724716996936,899,800,800,823,846,848,844,892,830,800,808,799,800,799,800,799,800,800,848,872,826,892,892,800,901,828,800,800,800,800,800,848,0,0,0,0,0,0,0,0,0,0,0,0,0,0,0,0,0,100,0,0,0,0,0,0,0,0,0,0,0,0,0,0,34467.87927246094,18955.234497070313,0,404335509504,0,27055026176,0
199,1724716997136,899,800,800,823,846,848,844,892,830,800,808,799,800,799,800,799,800,800,848,872,826,892,892,800,901,828,800,800,800,800,800,848,0,0,4.761904716491699,0,0,0,0,0,0,0,0,0,0,0,0,0,0,100,0,0,5,0,0,0,0,0,0,0,0,0,0,0,34469.84356689453,18960.494079589844,0,404335509504,0,27055026176,0
199,1724716997337,899,800,800,823,846,848,844,892,830,800,808,799,800,799,800,799,800,800,848,872,826,892,892,800,901,828,800,800,800,800,800,848,0,0,0,0,0,0,0,0,0,0,0,0,0,0,0,0,0,100,0,0,4.761904716491699,0,0,0,0,0,0,0,0,0,0,0,34471.778564453125,18965.7177734375,0,404335509504,0,27055382528,0
199,1724716997537,899,800,800,823,846,848,844,892,830,800,808,799,800,799,800,799,800,800,848,872,826,892,892,800,901,828,800,800,800,800,800,848,0,0,0,0,0,0,0,0,0,0,0,0,0,0,0,0,0,100,0,0,0,0,0,0,0,0,0,0,0,0,0,0,34473.70928955078,18970.992309570313,0,404335509504,0,27055382528,0
199,1724716997737,899,800,800,823,846,848,844,892,830,800,808,799,800,799,800,799,800,800,848,872,826,892,892,800,901,828,800,800,800,800,800,848,0,0,0,0,0,0,0,0,0,0,0,0,0,0,0,0,0,100,0,0,0,0,0,0,0,0,0,0,4.761904716491699,0,0,0,34475.62176513672,18976.23126220703,0,404335509504,0,27055382528,0
199,1724716997937,899,800,800,823,846,848,844,892,830,800,808,799,800,799,800,799,800,800,848,872,826,892,892,800,901,828,800,800,800,800,800,848,4.761904716491699,5,0,0,0,0,0,0,0,0,0,0,0,0,0,0,0,100,0,0,0,0,0,0,0,0,0,0,0,0,0,0,34477.542724609375,18981.437622070313,0,404335509504,0,27055382528,0
199,1724716998137,899,800,800,823,846,848,844,892,830,800,808,799,800,799,800,799,800,800,848,872,826,892,892,800,901,828,800,800,800,800,800,848,5,0,0,0,0,0,0,0,0,0,0,0,0,0,0,0,4.761904716491699,100,0,0,0,0,0,0,0,0,0,0,0,0,0,0,34479.453674316406,18986.720703125,0,404335509504,0,27055403008,0
199,1724716998338,899,800,800,823,846,848,844,892,830,800,808,799,800,799,800,799,800,800,848,872,826,892,892,800,901,828,800,800,800,800,800,848,0,0,0,0,0,0,0,0,0,0,0,0,0,0,0,0,0,100,0,0,0,0,0,0,0,0,0,0,0,0,4.761904716491699,0,34481.39715576172,18991.94140625,0,404335509504,0,27055403008,0
199,1724716998537,899,800,800,823,846,848,844,892,830,800,808,799,800,799,800,799,800,800,848,872,826,892,892,800,901,828,800,800,800,800,800,848,0,0,0,0,0,0,0,0,0,0,0,0,0,0,0,0,0,100,0,0,0,0,0,0,0,0,0,0,0,0,4.761904716491699,0,34483.34704589844,18997.119506835938,0,404335509504,0,27055403008,0
199,1724716998738,899,800,800,823,846,848,844,892,830,800,808,799,800,799,800,799,800,800,848,872,826,892,892,800,901,828,800,800,800,800,800,848,0,0,0,0,0,0,2.5,0,0,0,0,0,0,0,0,0,0,100,0,0,0,0,0,0,0,0,0,0,0,0,0,0,34485.26208496094,19002.322021484375,0,404335509504,0,27055403008,0
199,1724716998938,899,800,800,823,846,848,844,892,830,800,808,799,800,799,800,799,800,800,848,872,826,892,892,800,901,828,800,800,800,800,800,848,4.761904716491699,0,0,0,0,0,0,0,0,0,0,0,0,0,0,0,0,100,0,0,0,0,0,0,0,0,0,0,0,0,0,0,34487.20086669922,19007.59539794922,0,404335509504,0,27055403008,0
199,1724716999138,899,800,800,823,846,848,844,892,830,800,808,799,800,799,800,799,800,800,848,872,826,892,892,800,901,828,800,800,800,800,800,848,0,0,4.761904716491699,0,0,0,0,0,0,0,0,0,0,0,0,0,5.263157844543457,100,0,0,0,0,0,4.761904716491699,0,0,0,0,0,0,0,0,34489.1416015625,19012.84295654297,0,404335509504,0,27055403008,0
199,1724716999338,899,800,800,823,846,848,844,892,830,800,808,799,800,799,800,799,800,800,848,872,826,892,892,800,901,828,800,800,800,800,800,848,0,0,0,0,0,0,0,0,0,0,0,0,0,0,0,0,0,100,0,0,0,0,0,0,0,0,4.761904716491699,0,0,0,0,0,34491.06579589844,19018.11602783203,0,404335509504,0,27053113344,0
199,1724716999538,899,800,800,823,846,848,844,892,830,800,808,799,800,799,800,799,800,800,848,872,826,892,892,800,901,828,800,800,800,800,800,848,0,0,0,0,0,0,0,0,0,0,0,0,0,0,0,0,0,100,0,0,0,0,0,0,0,0,0,0,0,0,0,0,34492.982971191406,19023.36163330078,0,404335509504,0,27053113344,0
199,1724716999738,899,800,800,823,846,848,844,892,830,800,808,799,800,799,800,799,800,800,848,872,826,892,892,800,901,828,800,800,800,800,800,848,0,0,0,0,4.761904716491699,0,0,0,0,0,0,0,0,0,4.761904716491699,0,0,100,0,0,0,0,0,0,0,0,4.761904716491699,0,0,0,0,0,34494.90686035156,19028.639587402344,0,404335509504,0,27053117440,0
199,1724716999939,899,800,800,823,846,848,844,892,830,800,808,799,800,799,800,799,800,800,848,872,826,892,892,800,901,828,800,800,800,800,800,848,0,0,0,0,5,0,0,0,0,0,0,0,0,0,0,0,0,100,0,0,0,0,0,0,0,0,0,0,0,0,0,0,34496.83135986328,19033.917053222656,0,404335509504,0,27053117440,0
199,1724717000139,899,800,800,823,846,848,844,892,830,800,808,799,800,799,800,799,800,800,848,872,826,892,892,800,901,828,800,800,800,800,800,848,0,0,0,0,0,0,0,4.761904716491699,0,0,0,0,0,0,0,0,0,100,0,0,0,0,0,0,0,0,5,4.761904716491699,0,0,0,0,34498.757751464844,19039.221740722656,0,404335509504,0,27053391872,0
199,1724717000339,899,800,800,823,846,848,844,892,830,800,808,799,800,799,800,799,800,800,848,872,826,892,892,800,901,828,800,800,800,800,800,848,0,0,0,0,0,0,0,4.761904716491699,0,0,0,0,0,0,0,0,0,100,0,0,0,0,0,0,0,0,5,4.761904716491699,0,0,0,0,34500.67840576172,19044.515747070313,0,404335509504,0,27053391872,0
199,1724717000539,899,800,800,823,846,848,844,892,830,800,808,799,800,799,800,799,800,800,848,872,826,892,892,800,901,828,800,800,800,800,800,848,0,0,0,2.5641026496887207,2.5641026496887207,0,2.4390242099761963,2.5,2.4390242099761963,2.5,2.5,0,2.4390242099761963,2.5,2.5,2.4390242099761963,2.5,100,0,0,0,2.5,2.5,2.5,0,2.4390242099761963,0,0,2.5,0,0,2.4390242099761963,34502.67053222656,19049.872497558594,0,404335509504,0,27053391872,0
199,1724717000739,899,800,800,823,846,848,844,892,830,800,808,799,800,799,800,799,800,800,848,872,826,892,892,800,901,828,800,800,800,800,800,848,0,0,0,14.285715103149414,0,0,0,0,0,0,0,0,0,0,0,0,0,100,0,0,0,0,0,0,0,0,0,0,0,0,0,0,34504.59606933594,19055.155883789063,0,404335509504,0,27053391872,0
199,1724717000939,899,800,800,823,846,848,844,892,830,800,808,799,800,799,800,799,800,800,848,872,826,892,892,800,901,828,800,800,800,800,800,848,0,5,0,5.263157844543457,0,0,10,0,0,4.761904716491699,0,0,25,0,0,0,0,100,0,4.761904716491699,5,10,0,4.761904716491699,0,0,4.761904716491699,4.761904716491699,0,4.761904716491699,0,0,34506.65899658203,19060.572875976563,0,404335509504,0,27053416448,0
199,1724717001139,899,800,800,823,846,848,844,892,830,800,808,799,800,799,800,799,800,800,848,872,826,892,892,800,901,828,800,800,800,800,800,848,0,5,0,5.263157844543457,0,0,10,0,0,4.761904716491699,0,0,25,0,0,0,0,100,0,4.761904716491699,5,10,0,4.761904716491699,0,0,4.761904716491699,4.761904716491699,0,4.761904716491699,0,0,34508.75732421875,19065.90576171875,0,404335509504,0,27053555712,0
199,1724717001339,899,800,800,823,846,848,844,892,830,800,808,799,800,799,800,799,800,800,848,872,826,892,892,800,901,828,800,800,800,800,800,848,2.5,0,2.5,0,2.5,0,0,0,2.5,0,2.5,2.5,0,2.5,0,2.4390242099761963,2.5,100,2.4390242099761963,0,4.878048419952393,0,2.4390242099761963,0,0,40,0,0,0,0,2.4390242099761963,12.5,34510.64178466797,19071.126220703125,0,404335509504,0,27053555712,0
199,1724717001539,899,800,800,823,846,848,844,892,830,800,808,799,800,799,800,799,800,800,848,872,826,892,892,800,901,828,800,800,800,800,800,848,0,0,0,0,0,0,0,0,0,0,0,0,0,0,0,0,0,100,0,0,0,0,0,0,0,0,0,0,0,0,0,0,34512.521240234375,19076.40936279297,0,404335509504,0,27053555712,0
199,1724717001740,899,800,800,823,846,848,844,892,830,800,808,799,800,799,800,799,800,800,848,872,826,892,892,800,901,828,800,800,800,800,800,848,0,0,0,0,0,0,0,0,0,0,0,0,0,0,0,0,0,100,0,0,0,0,0,0,0,0,0,0,0,0,0,10,34514.435302734375,19081.702880859375,0,404335509504,0,27053694976,0
199,1724717001940,899,800,800,823,846,848,844,892,830,800,808,799,800,799,800,799,800,800,848,872,826,892,892,800,901,828,800,800,800,800,800,848,0,0,0,0,0,0,0,0,0,0,0,0,0,0,0,0,0,100,0,0,0,0,0,0,0,0,0,0,0,0,0,0,34516.354736328125,19086.897521972656,0,404335509504,0,27053694976,0
199,1724717002140,899,800,800,823,846,848,844,892,830,800,808,799,800,799,800,799,800,800,848,872,826,892,892,800,901,828,800,800,800,800,800,848,0,0,0,0,0,0,0,0,0,0,0,0,0,0,0,0,0,100,0,0,0,0,0,0,0,0,0,0,0,0,0,0,34518.30841064453,19092.146057128906,0,404335509504,0,27053973504,0
199,1724717002340,899,800,800,823,846,848,844,892,830,800,808,799,800,799,800,799,800,800,848,872,826,892,892,800,901,828,800,800,800,800,800,848,5,5,0,0,0,0,0,0,0,0,0,0,0,0,0,4.761904716491699,0,100,0,0,0,0,0,0,0,0,0,0,0,0,0,5,34520.249938964844,19097.404052734375,0,404335509504,0,27053977600,0
199,1724717002540,899,800,800,823,846,848,844,892,830,800,808,799,800,799,800,799,800,800,848,872,826,892,892,800,901,828,800,800,800,800,800,848,0,0,0,0,0,0,0,0,0,0,0,0,0,0,0,0,0,100,0,0,0,0,0,0,0,0,0,0,0,0,0,0,34522.213317871094,19102.602600097656,0,404335509504,0,27053977600,0
199,1724717002740,899,800,800,823,846,848,844,892,830,800,808,799,800,799,800,799,800,800,848,872,826,892,892,800,901,828,800,800,800,800,800,848,0,0,0,0,0,0,0,0,0,0,0,0,0,0,5,0,0,100,0,0,0,0,0,0,0,0,0,0,0,0,0,0,34524.19860839844,19107.822631835938,0,404335509504,0,27054116864,0
199,1724717002940,899,800,800,823,846,848,844,892,830,800,808,799,800,799,800,799,800,800,848,872,826,892,892,800,901,828,800,800,800,800,800,848,0,0,0,0,0,0,0,0,0,0,0,0,0,0,0,0,0,100,0,0,0,0,0,0,0,0,0,0,0,0,0,9.523809432983398,34526.115295410156,19113.090881347656,0,404335509504,0,27054116864,0
199,1724717003141,899,800,800,823,846,848,844,892,830,800,808,799,800,799,800,799,800,800,848,872,826,892,892,800,901,828,800,800,800,800,800,848,0,0,5.263157844543457,0,5,0,0,0,0,0,0,0,0,0,0,0,9.523809432983398,100,0,0,5,0,0,5,0,0,0,0,0,0,0,5,34528.069274902344,19118.260681152344,0,404335509504,0,27054395392,0
199,1724717003341,899,800,800,823,846,848,844,892,830,800,808,799,800,799,800,799,800,800,848,872,826,892,892,800,901,828,800,800,800,800,800,848,0,0,0,0,0,0,0,0,0,0,0,0,4.761904716491699,0,0,0,0,100,0,0,0,0,0,0,0,0,0,0,0,0,0,0,34530.01806640625,19123.508850097656,0,404335509504,0,27054395392,0
199,1724717003541,899,800,800,823,846,848,844,892,830,800,808,799,800,799,800,799,800,800,848,872,826,892,892,800,901,828,800,800,800,800,800,848,0,0,0,0,0,0,0,0,0,0,0,0,4.761904716491699,0,0,0,0,100,0,0,0,0,0,0,0,0,0,0,0,0,0,0,34531.897521972656,19128.568420410156,0,404335509504,0,27054395392,0
199,1724717003741,899,800,800,823,846,848,844,892,830,800,808,799,800,799,800,799,800,800,848,872,826,892,892,800,901,828,800,800,800,800,800,848,0,0,0,0,0,0,0,0,0,0,0,0,0,0,0,0,0,100,0,0,0,0,0,0,0,0,0,0,0,0,0,0,34533.80871582031,19133.667907714844,0,404335509504,0,27054395392,0
199,1724717003941,899,800,800,823,846,848,844,892,830,800,808,799,800,799,800,799,800,800,848,872,826,892,892,800,901,828,800,800,800,800,800,848,0,0,0,0,0,0,0,0,0,0,0,0,0,0,0,0,0,100,0,0,0,0,0,0,0,0,0,0,0,0,0,0,34535.68975830078,19138.73992919922,0,404335509504,0,27054395392,0
199,1724717004141,899,800,800,823,846,848,844,892,830,800,808,799,800,799,800,799,800,800,848,872,826,892,892,800,901,828,800,800,800,800,800,848,0,0,0,0,0,0,0,0,0,0,0,0,0,0,0,0,0,100,0,0,0,0,0,0,0,0,0,0,0,0,0,0,34537.62921142578,19143.829467773438,0,404335509504,0,27054534656,0
199,1724717004341,899,800,800,823,846,848,844,892,830,800,808,799,800,799,800,799,800,800,848,872,826,892,892,800,901,828,800,800,800,800,800,848,0,0,0,0,0,0,0,0,0,0,0,0,0,0,0,0,0,100,0,0,0,4.761904716491699,0,0,5,0,0,0,0,0,0,0,34539.581604003906,19149.005310058594,0,404335509504,0,27054534656,0
199,1724717004542,899,800,800,823,846,848,844,892,830,800,808,799,800,799,800,799,800,800,848,872,826,892,892,800,901,828,800,800,800,800,800,848,0,4.761904716491699,0,0,0,0,0,0,0,0,0,0,0,0,0,0,0,100,0,0,0,0,0,5.263157844543457,0,0,0,0,0,0,0,0,34541.53894042969,19154.23419189453,0,404335509504,0,27056443392,0
199,1724717004742,899,800,800,823,846,848,844,892,830,800,808,799,800,799,800,799,800,800,848,872,826,892,892,800,901,828,800,800,800,800,800,848,0,0,0,0,0,0,0,0,0,0,0,0,0,0,0,0,0,100,0,0,0,0,0,0,0,0,4.761904716491699,0,0,0,0,0,34543.457946777344,19159.48028564453,0,404335509504,0,27056590848,0
199,1724717004942,899,800,800,823,846,848,844,892,830,800,808,799,800,799,800,799,800,800,848,872,826,892,892,800,901,828,800,800,800,800,800,848,0,0,0,0,0,0,0,0,0,0,0,0,0,0,0,0,0,100,0,0,0,0,0,4.761904716491699,5,0,5,0,0,0,0,0,34545.373046875,19164.599670410156,0,404335509504,0,27056603136,0
199,1724717005142,899,800,800,823,846,848,844,892,830,800,808,799,800,799,800,799,800,800,848,872,826,892,892,800,901,828,800,800,800,800,800,848,0,0,4.761904716491699,0,0,0,0,0,0,0,0,0,0,0,0,0,5,100,0,0,0,0,0,0,0,0,0,0,0,0,0,0,34547.294677734375,19169.700561523438,0,404335509504,0,27056885760,0
199,1724717005342,899,800,800,823,846,848,844,892,830,800,808,799,800,799,800,799,800,800,848,872,826,892,892,800,901,828,800,800,800,800,800,848,0,0,0,0,0,0,0,0,0,0,0,0,0,0,0,0,0,100,0,0,0,0,0,0,0,0,0,0,4.761904716491699,0,0,0,34549.225341796875,19174.846069335938,0,404335509504,0,27056885760,0
200,1724717005542,899,800,800,823,846,848,844,892,830,800,808,799,800,799,800,799,800,800,848,872,826,892,892,800,901,828,800,800,800,800,800,848,0,0,5,10.526315689086914,0,5,0,0,5,0,4.761904716491699,4.761904716491699,0,4.761904716491699,0,0,0,100,5,0,0,10,5,5,5,5,0,0,5,4.761904716491699,5,0,34551.21710205078,19180.089416503906,0,404335509504,0,27057201152,0
199,1724717005743,899,800,800,823,846,848,844,892,830,800,808,799,800,799,800,799,800,800,848,872,826,892,892,800,901,828,800,800,800,800,800,848,0,4.761904716491699,0,9.523809432983398,0,0,4.761904716491699,5,4.761904716491699,4.761904716491699,0,0,0,0,5,0,0,15.000000953674316,0,5,10,9.523809432983398,4.761904716491699,0,4.761904716491699,0,5,0,0,5,85,4.761904716491699,34553.2138671875,19185.288146972656,0,404335509504,0,27057258496,0
199,1724717005943,899,800,800,823,846,848,844,892,830,800,808,799,800,799,800,799,800,800,848,872,826,892,892,800,901,828,800,800,800,800,800,848,0,4.761904716491699,0,9.523809432983398,0,0,4.761904716491699,5,4.761904716491699,4.761904716491699,0,0,0,0,5,0,0,15.000000953674316,0,5,10,9.523809432983398,4.761904716491699,0,4.761904716491699,0,5,0,0,5,85,4.761904716491699,34555.356384277344,19190.59295654297,0,404335509504,0,27057201152,0
199,1724717006143,899,800,800,823,846,848,844,892,830,800,808,799,800,799,800,799,800,800,848,872,826,892,892,800,901,828,800,800,800,800,800,848,35,2.5641026496887207,2.5641026496887207,0,10,5,2.5,4.878048419952393,2.5641026496887207,2.5641026496887207,2.5,2.5641026496887207,5,12.5,15.000000953674316,2.5641026496887207,5,2.5641026496887207,2.5,0,5,0,0,5,7.894736289978027,5,2.5,2.5,2.5,2.5,100,17.073171615600586,34557.55145263672,19196.36309814453,0,404335509504,0,27057201152,0
199,1724717006343,899,800,800,823,846,848,844,892,830,800,808,799,800,799,800,799,800,800,848,872,826,892,892,800,901,828,800,800,800,800,800,848,10.526315689086914,0,0,0,0,0,0,0,0,0,0,0,0,0,0,0,0,0,0,0,0,0,0,0,0,0,0,0,0,0,100,0,34559.47296142578,19201.572875976563,0,404335509504,0,27057201152,0
199,1724717006543,899,800,800,823,846,848,844,892,830,800,808,799,800,799,800,799,800,800,848,872,826,892,892,800,901,828,800,800,800,800,800,848,10.526315689086914,0,0,0,0,0,0,0,0,0,0,0,0,0,0,0,0,0,0,0,0,0,0,0,0,0,0,0,0,0,100,0,34561.33953857422,19206.754943847656,0,404335509504,0,27057201152,0
199,1724717006743,899,800,800,823,846,848,844,892,830,800,808,799,800,799,800,799,800,800,848,872,826,892,892,800,901,828,800,800,800,800,800,848,0,0,0,0,0,0,0,0,0,0,0,0,0,0,0,0,0,0,0,0,0,0,0,0,9.090909004211426,0,0,0,0,0,100,0,34563.24395751953,19211.91180419922,0,404335509504,0,27057201152,0
199,1724717006943,899,800,800,823,846,848,844,892,830,800,808,799,800,799,800,799,800,800,848,872,826,892,892,800,901,828,800,800,800,800,800,848,0,0,0,0,0,0,5,0,0,0,0,0,0,0,0,0,0,0,0,0,0,0,0,0,0,0,0,0,0,0,100,0,34565.15057373047,19217.102661132813,0,404335509504,0,27057201152,0
199,1724717007144,899,800,800,823,846,848,844,892,830,800,808,799,800,799,800,799,800,800,848,872,826,892,892,800,901,828,800,800,800,800,800,848,0,0,4.761904716491699,0,0,0,0,0,0,0,0,0,0,0,0,0,4.761904716491699,0,0,0,0,0,0,4.761904716491699,0,0,0,0,0,0,100,0,34567.10272216797,19222.28253173828,0,404335509504,0,27057340416,0
199,1724717007344,899,800,800,823,846,848,844,892,830,800,808,799,800,799,800,799,800,800,848,872,826,892,892,800,901,828,800,800,800,800,800,848,0,0,0,0,0,0,0,0,0,0,0,0,5,0,0,0,0,0,0,0,0,0,0,0,0,0,0,0,0,0,100,0,34569.04736328125,19227.452758789063,0,404335509504,0,27057340416,0
199,1724717007544,899,800,800,823,846,848,844,892,830,800,808,799,800,799,800,799,800,800,848,872,826,892,892,800,901,828,800,800,800,800,800,848,0,0,0,0,0,0,0,0,0,0,0,0,0,0,0,0,0,0,0,0,0,0,0,4.761904716491699,0,4.761904716491699,0,0,0,0,100,0,34570.98583984375,19232.656494140625,0,404335509504,0,27057344512,0
199,1724717007744,899,800,800,823,846,848,844,892,830,800,808,799,800,799,800,799,800,800,848,872,826,892,892,800,901,828,800,800,800,800,800,848,0,0,0,0,0,0,4.761904716491699,0,0,0,0,0,5,0,4.761904716491699,0,0,0,0,0,0,0,0,0,0,0,0,0,0,0,100,0,34572.909423828125,19237.88427734375,0,404335509504,0,27056889856,0
199,1724717007944,899,800,800,823,846,848,844,892,830,800,808,799,800,799,800,799,800,800,848,872,826,892,892,800,901,828,800,800,800,800,800,848,0,0,0,0,0,0,0,0,0,0,0,0,0,0,0,0,0,0,0,0,0,0,4.761904716491699,0,0,0,0,0,0,0,100,0,34574.850830078125,19243.076538085938,0,404335509504,0,27056889856,0
199,1724717008144,899,800,800,823,846,848,844,892,830,800,808,799,800,799,800,799,800,800,848,872,826,892,892,800,901,828,800,800,800,800,800,848,0,0,0,0,0,0,0,0,0,0,0,0,0,0,0,0,0,0,0,0,5,0,0,0,0,0,0,0,4.761904716491699,0,100,0,34576.82946777344,19248.191772460938,0,404335509504,0,27055255552,0
199,1724717008345,899,800,800,823,846,848,844,892,830,800,808,799,800,799,800,799,800,800,848,872,826,892,892,800,901,828,800,800,800,800,800,848,0,0,0,0,0,0,0,4.761904716491699,0,0,0,0,0,0,0,0,0,0,0,0,0,0,0,0,0,0,0,0,0,0,100,0,34578.750061035156,19253.31561279297,0,404335509504,0,27054731264,0
199,1724717008545,899,800,800,823,846,848,844,892,830,800,808,799,800,799,800,799,800,800,848,872,826,892,892,800,901,828,800,800,800,800,800,848,0,0,0,0,0,0,0,4.761904716491699,0,0,0,0,0,0,0,0,0,0,0,0,0,0,0,0,0,0,0,0,0,0,100,0,34580.673278808594,19258.384643554688,0,404335509504,0,27054731264,0
199,1724717008745,899,800,800,823,846,848,844,892,830,800,808,799,800,799,800,799,800,800,848,872,826,892,892,800,901,828,800,800,800,800,800,848,0,0,0,0,0,0,0,0,0,0,0,0,0,0,0,0,0,0,0,0,2.5,0,2.5,0,0,0,0,0,0,0,100,0,34582.55010986328,19263.44708251953,0,404335509504,0,27054731264,0
199,1724717008945,899,800,800,823,846,848,844,892,830,800,808,799,800,799,800,799,800,800,848,872,826,892,892,800,901,828,800,800,800,800,800,848,0,0,0,0,0,0,0,0,0,0,0,0,0,0,0,0,4.761904716491699,0,0,0,0,0,0,0,0,0,0,0,0,0,100,0,34584.47088623047,19268.51092529297,0,404335509504,0,27054731264,0
199,1724717009145,899,800,800,823,846,848,844,892,830,800,808,799,800,799,800,799,800,800,848,872,826,892,892,800,901,828,800,800,800,800,800,848,0,0,4.761904716491699,0,0,0,0,0,0,0,0,0,5,0,0,0,0,0,0,0,0,0,0,0,0,0,0,0,0,0,100,0,34586.396484375,19273.591430664063,0,404335509504,0,27054731264,0
199,1724717009345,899,800,800,823,846,848,844,892,830,800,808,799,800,799,800,799,800,800,848,872,826,892,892,800,901,828,800,800,800,800,800,848,0,0,0,0,0,0,0,0,0,0,0,0,0,0,0,0,0,0,0,0,0,0,0,0,0,0,5,0,0,5,100,0,34588.30407714844,19278.669555664063,0,404335509504,0,27054731264,0
199,1724717009545,899,800,800,823,846,848,844,892,830,800,808,799,800,799,800,799,800,800,848,872,826,892,892,800,901,828,800,800,800,800,800,848,0,0,0,0,0,0,0,0,0,0,0,0,0,0,0,0,0,0,0,0,0,0,0,0,0,0,0,0,0,0,100,0,34590.25378417969,19283.77166748047,0,404335509504,0,27054731264,0
199,1724717009745,899,800,800,823,846,848,844,892,830,800,808,799,800,799,800,799,800,800,848,872,826,892,892,800,901,828,800,800,800,800,800,848,0,0,0,0,0,0,0,0,0,0,0,0,0,0,0,0,0,0,0,0,0,0,0,0,0,0,0,0,0,0,100,0,34592.206604003906,19288.86199951172,0,404335509504,0,27054731264,0
199,1724717009945,899,800,800,823,846,848,844,892,830,800,808,799,800,799,800,799,800,800,848,872,826,892,892,800,901,828,800,800,800,800,800,848,0,0,0,0,0,0,0,0,0,0,0,0,4.761904716491699,0,0,0,0,0,0,0,0,0,0,0,0,0,0,0,0,0,100,0,34594.15588378906,19293.93994140625,0,404335509504,0,27054731264,0
199,1724717010146,899,800,800,823,846,848,844,892,830,800,808,799,800,799,800,799,800,800,848,872,826,892,892,800,901,828,800,800,800,800,800,848,0,0,0,0,0,0,0,0,0,0,0,0,0,0,0,0,5,0,4.761904716491699,0,0,0,0,5,0,0,0,0,0,0,100,0,34596.091552734375,19299.077087402344,0,404335509504,0,27054739456,0
199,1724717010346,899,800,800,823,846,848,844,892,830,800,808,799,800,799,800,799,800,800,848,872,826,892,892,800,901,828,800,800,800,800,800,848,0,0,0,0,0,0,0,0,0,0,0,0,0,0,0,0,0,0,0,0,0,0,5,0,0,0,0,0,0,0,100,0,34598.018615722656,19304.240478515625,0,404335509504,0,27054743552,0
199,1724717010546,899,800,800,823,846,848,844,892,830,800,808,799,800,799,800,799,800,800,848,872,826,892,892,800,901,828,800,800,800,800,800,848,0,0,0,0,0,0,0,0,0,0,0,0,0,0,0,0,0,0,0,0,0,0,5,0,0,0,0,0,0,0,100,0,34600.01513671875,19309.387145996094,0,404335509504,0,27054743552,0
199,1724717010746,899,800,800,823,846,848,844,892,830,800,808,799,800,799,800,799,800,800,848,872,826,892,892,800,901,828,800,800,800,800,800,848,0,2.5,0,2.4390242099761963,2.4390242099761963,0,2.5,2.5,0,2.5,0,2.5,0,0,2.5,2.5,0,0,2.5,0,12.195121765136719,2.5,2.5,0,0,0,2.4390242099761963,2.4390242099761963,0,0,100,0,34601.97119140625,19314.545776367188,0,404335509504,0,27054743552,0
199,1724717010946,899,800,800,823,846,848,844,892,830,800,808,799,800,799,800,799,800,800,848,872,826,892,892,800,901,828,800,800,800,800,800,848,14.285715103149414,5,4.761904716491699,0,10,4.761904716491699,9.523809432983398,10.526315689086914,4.761904716491699,0,0,5,9.523809432983398,10.526315689086914,0,4.761904716491699,5,5,10,5,5,0,5,5,0,5.263157844543457,10,0,0,0,100,4.761904716491699,34604.09704589844,19319.897399902344,0,404335509504,0,27054751744,0
199,1724717011146,899,800,800,823,846,848,844,892,830,800,808,799,800,799,800,799,800,800,848,872,826,892,892,800,901,828,800,800,800,800,800,848,14.285715103149414,5,4.761904716491699,0,10,4.761904716491699,9.523809432983398,10.526315689086914,4.761904716491699,0,0,5,9.523809432983398,10.526315689086914,0,4.761904716491699,5,5,10,5,5,0,5,5,0,5.263157844543457,10,0,0,0,100,4.761904716491699,34606.154357910156,19325.191528320313,0,404335509504,0,27054751744,0
199,1724717011346,899,800,800,823,846,848,844,892,830,800,808,799,800,799,800,799,800,800,848,872,826,892,892,800,901,828,800,800,800,800,800,848,0,0,0,0,2.4390242099761963,0,0,0,0,0,0,0,0,12.5,0,0,0,0,0,42.85714340209961,2.5,0,0,0,0,0,0,0,0,0,100,0,34608.09454345703,19330.324584960938,0,404335509504,0,27054751744,0
199,1724717011547,899,800,800,823,846,848,844,892,830,800,808,799,800,799,800,799,800,800,848,872,826,892,892,800,901,828,800,800,800,800,800,848,0,0,0,0,0,0,0,0,0,0,4.761904716491699,5,0,0,0,0,0,0,4.761904716491699,5,0,0,0,0,0,0,0,0,0,0,100,0,34610.045166015625,19335.505126953125,0,404335509504,0,27056648192,0
199,1724717011747,899,800,800,823,846,848,844,892,830,800,808,799,800,799,800,799,800,800,848,872,826,892,892,800,901,828,800,800,800,800,800,848,0,0,0,0,0,0,0,0,0,0,0,0,0,0,0,0,0,0,0,0,0,0,0,0,0,0,0,0,0,0,100,0,34611.99230957031,19340.67645263672,0,404335509504,0,27056656384,0
199,1724717011947,899,800,800,823,846,848,844,892,830,800,808,799,800,799,800,799,800,800,848,872,826,892,892,800,901,828,800,800,800,800,800,848,0,0,0,0,0,0,0,0,0,0,0,0,4.761904716491699,0,0,0,0,4.761904716491699,5,0,0,0,0,0,0,0,0,0,0,0,100,0,34613.914306640625,19345.816040039063,0,404335509504,0,27056656384,0
199,1724717012147,899,800,800,823,846,848,844,892,830,800,808,799,800,799,800,799,800,800,848,872,826,892,892,800,901,828,800,800,800,800,800,848,0,0,0,0,0,0,0,0,0,0,0,0,5,0,0,0,5,5,0,0,0,0,0,0,0,0,5,0,0,0,100,0,34615.85986328125,19350.98046875,0,404335509504,0,27056668672,0
199,1724717012347,899,800,800,823,846,848,844,892,830,800,808,799,800,799,800,799,800,800,848,872,826,892,892,800,901,828,800,800,800,800,800,848,0,0,0,0,0,0,0,0,0,0,0,0,0,0,0,0,0,0,0,0,0,0,0,0,0,0,0,0,0,0,100,0,34617.76989746094,19356.13800048828,0,404335509504,0,27056668672,0
199,1724717012547,899,800,800,823,846,848,844,892,830,800,808,799,800,799,800,799,800,800,848,872,826,892,892,800,901,828,800,800,800,800,800,848,0,0,0,0,0,0,0,0,0,0,0,0,0,0,0,0,0,0,0,0,0,0,0,10,0,0,0,0,0,0,100,0,34619.652770996094,19361.366149902344,0,404335509504,0,27058315264,0
199,1724717012747,899,800,800,823,846,848,844,892,830,800,808,799,800,799,800,799,800,800,848,872,826,892,892,800,901,828,800,800,800,800,800,848,0,0,0,4.761904716491699,0,0,0,0,0,0,0,0,0,0,0,0,0,4.761904716491699,4.761904716491699,4.761904716491699,0,4.761904716491699,0,0,0,0,5,0,0,0,100,0,34621.54705810547,19366.545654296875,0,404335509504,0,27058585600,0
199,1724717012947,899,800,800,823,846,848,844,892,830,800,808,799,800,799,800,799,800,800,848,872,826,892,892,800,901,828,800,800,800,800,800,848,0,0,0,4.761904716491699,0,0,0,0,0,0,0,0,0,0,0,0,0,4.761904716491699,4.761904716491699,4.761904716491699,0,4.761904716491699,0,0,0,0,5,0,0,0,100,0,34623.508850097656,19371.78875732422,0,404335509504,0,27059220480,0
199,1724717013148,899,800,800,823,846,848,844,892,830,800,808,799,800,799,800,799,800,800,848,872,826,892,892,800,901,828,800,800,800,800,800,848,0,0,5,0,2.4390242099761963,2.5,0,2.5,2.4390242099761963,2.5,2.5641026496887207,0,0,4.878048419952393,0,0,0,2.4390242099761963,0,0,2.5,0,2.4390242099761963,2.5,2.5,0,4.878048419952393,0,0,0,100,0,34625.44024658203,19376.946838378906,0,404335509504,0,27059220480,0
199,1724717013348,899,800,800,823,846,848,844,892,830,800,808,799,800,799,800,799,800,800,848,872,826,892,892,800,901,828,800,800,800,800,800,848,0,0,0,0,0,0,0,0,0,0,0,0,0,0,0,0,0,0,0,0,0,0,0,0,0,0,0,0,0,0,100,0,34627.356018066406,19382.067993164063,0,404335509504,0,27059220480,0
199,1724717013548,899,800,800,823,846,848,844,892,830,800,808,799,800,799,800,799,800,800,848,872,826,892,892,800,901,828,800,800,800,800,800,848,0,0,0,0,0,0,0,0,0,0,0,0,0,0,0,0,0,0,0,0,0,0,0,0,0,0,0,0,0,0,100,0,34629.2646484375,19387.23309326172,0,404335509504,0,27059220480,0
199,1724717013748,899,800,800,823,846,848,844,892,830,800,808,799,800,799,800,799,800,800,848,872,826,892,892,800,901,828,800,800,800,800,800,848,0,0,0,0,0,0,0,0,0,0,2.5641026496887207,0,0,0,0,0,0,0,0,0,0,0,0,0,0,0,0,0,0,0,100,0,34631.14190673828,19392.4267578125,0,404335509504,0,27059220480,0
199,1724717013948,899,800,800,823,846,848,844,892,830,800,808,799,800,799,800,799,800,800,848,872,826,892,892,800,901,828,800,800,800,800,800,848,0,0,0,0,0,0,0,0,0,0,0,0,0,0,0,0,0,0,0,0,0,0,0,0,0,0,0,0,0,0,100,0,34633.071228027344,19397.51788330078,0,404335509504,0,27059220480,0
199,1724717014148,899,800,800,823,846,848,844,892,830,800,808,799,800,799,800,799,800,800,848,872,826,892,892,800,901,828,800,800,800,800,800,848,0,0,0,0,0,0,0,0,0,0,0,0,0,0,0,0,0,0,0,0,0,0,0,0,0,0,0,0,0,0,100,0,34634.97576904297,19402.653930664063,0,404335509504,0,27059220480,0
199,1724717014348,899,800,800,823,846,848,844,892,830,800,808,799,800,799,800,799,800,800,848,872,826,892,892,800,901,828,800,800,800,800,800,848,0,0,0,0,0,0,0,0,0,0,5,0,0,0,0,0,0,0,0,0,0,0,0,0,0,0,0,0,0,0,100,0,34636.8935546875,19407.819458007813,0,404335509504,0,27059220480,0
199,1724717014548,899,800,800,823,846,848,844,892,830,800,808,799,800,799,800,799,800,800,848,872,826,892,892,800,901,828,800,800,800,800,800,848,0,0,0,0,0,0,0,0,0,0,5,0,0,0,0,0,0,0,0,0,0,0,0,0,0,0,0,0,0,0,100,0,34638.81213378906,19412.927307128906,0,404335509504,0,27059220480,0
199,1724717014748,899,800,800,823,846,848,844,892,830,800,808,799,800,799,800,799,800,800,848,872,826,892,892,800,901,828,800,800,800,800,800,848,0,0,0,0,0,0,0,0,0,0,0,0,0,0,0,0,0,0,0,0,0,0,0,0,0,0,0,0,0,0,100,0,34640.72155761719,19418.082458496094,0,404335509504,0,27059220480,0
199,1724717014949,899,800,800,823,846,848,844,892,830,800,808,799,800,799,800,799,800,800,848,872,826,892,892,800,901,828,800,800,800,800,800,848,0,0,0,0,0,0,0,0,0,5,0,0,0,0,4.761904716491699,0,0,0,0,0,0,0,0,0,0,0,0,0,0,0,100,0,34642.64880371094,19423.287231445313,0,404335509504,0,27059220480,0
199,1724717015149,899,800,800,823,846,848,844,892,830,800,808,799,800,799,800,799,800,800,848,872,826,892,892,800,901,828,800,800,800,800,800,848,0,0,5,0,0,0,5,0,0,5.263157844543457,0,0,0,0,0,0,0,0,0,0,5,0,0,0,0,0,0,0,0,0,100,0,34644.58563232422,19428.503662109375,0,404335509504,0,27059224576,0
199,1724717015349,899,800,800,823,846,848,844,892,830,800,808,799,800,799,800,799,800,800,848,872,826,892,892,800,901,828,800,800,800,800,800,848,0,0,0,0,0,0,0,0,0,0,0,0,0,0,4.761904716491699,0,0,0,0,0,0,0,0,0,0,0,5,0,0,0,100,0,34646.543029785156,19433.620483398438,0,404335509504,0,27059224576,0
199,1724717015549,899,800,800,823,846,848,844,892,830,800,808,799,800,799,800,799,800,800,848,872,826,892,892,800,901,828,800,800,800,800,800,848,0,0,0,0,0,0,5,0,0,0,5,4.761904716491699,4.761904716491699,5,0,5,4.761904716491699,5,5,0,10,5,0,5,0,4.761904716491699,5,5,5,5,100,0,34648.51708984375,19438.865295410156,0,404335509504,0,27059228672,0
199,1724717015749,899,800,800,823,846,848,844,892,830,800,808,799,800,799,800,799,800,800,848,872,826,892,892,800,901,828,800,800,800,800,800,848,0,0,0,0,0,0,0,0,0,0,0,0,0,0,0,0,0,0,0,0,5.263157844543457,0,0,0,4.761904716491699,0,5,0,0,0,100,0,34650.40948486328,19443.940490722656,0,404335509504,0,27059228672,0
199,1724717015949,899,800,800,823,846,848,844,892,830,800,808,799,800,799,800,799,800,800,848,872,826,892,892,800,901,828,800,800,800,800,800,848,5,5,5,15.000000953674316,4.761904716491699,0,5,0,5,5,10.526315689086914,5.263157844543457,0,0,5,4.761904716491699,5,0,5,0,4.761904716491699,4.761904716491699,0,0,0,0,0,4.761904716491699,5,4.761904716491699,100,5,34652.603454589844,19449.22003173828,0,404335509504,0,27059228672,0
199,1724717016149,899,800,800,823,846,848,844,892,830,800,808,799,800,799,800,799,800,800,848,872,826,892,892,800,901,828,800,800,800,800,800,848,0,0,0,15.000000953674316,0,5,5,5,5,0,0,5.263157844543457,10,0,4.761904716491699,0,0,70,5,4.761904716491699,0,0,4.761904716491699,5.263157844543457,5,30.000001907348633,0,0,0,0,100,0,34654.80065917969,19454.58721923828,0,404335509504,0,27059232768,0
199,1724717016350,899,800,800,823,846,848,844,892,830,800,808,799,800,799,800,799,800,800,848,872,826,892,892,800,901,828,800,800,800,800,800,848,0,0,0,0,0,0,0,0,0,0,0,0,4.761904716491699,0,0,0,0,5,0,0,0,0,0,0,0,0,0,0,0,0,100,0,34656.781005859375,19459.7470703125,0,404335509504,0,27059232768,0
199,1724717016550,899,800,800,823,846,848,844,892,830,800,808,799,800,799,800,799,800,800,848,872,826,892,892,800,901,828,800,800,800,800,800,848,0,0,0,0,0,0,0,0,0,0,0,0,0,0,0,0,0,0,0,0,0,0,0,0,0,0,0,5,0,0,100,0,34658.713134765625,19464.884399414063,0,404335509504,0,27059232768,0
199,1724717016750,899,800,800,823,846,848,844,892,830,800,808,799,800,799,800,799,800,800,848,872,826,892,892,800,901,828,800,800,800,800,800,848,0,0,0,0,0,0,0,0,0,0,0,0,0,0,0,0,0,5,0,0,0,0,0,0,0,0,0,0,0,0,100,0,34660.61553955078,19470.107971191406,0,404335509504,0,27059232768,0
199,1724717016950,899,800,800,823,846,848,844,892,830,800,808,799,800,799,800,799,800,800,848,872,826,892,892,800,901,828,800,800,800,800,800,848,0,0,0,0,0,0,0,0,0,0,0,0,0,0,0,0,0,0,0,0,0,0,0,0,0,0,0,0,0,0,100,0,34662.51062011719,19475.21307373047,0,404335509504,0,27059232768,0
199,1724717017150,899,800,800,823,846,848,844,892,830,800,808,799,800,799,800,799,800,800,848,872,826,892,892,800,901,828,800,800,800,800,800,848,0,4.761904716491699,5,0,0,0,0,0,0,0,0,0,0,0,0,0,0,4.761904716491699,0,0,0,0,0,4.761904716491699,0,9.090909004211426,0,0,0,0,100,0,34664.466857910156,19480.333923339844,0,404335509504,0,27057000448,0
199,1724717017350,899,800,800,823,846,848,844,892,830,800,808,799,800,799,800,799,800,800,848,872,826,892,892,800,901,828,800,800,800,800,800,848,0,0,0,0,0,0,0,0,0,0,0,0,0,0,0,0,0,0,0,0,0,0,0,0,0,0,0,0,0,0,100,0,34666.399353027344,19485.489624023438,0,404335509504,0,27054772224,0
199,1724717017550,899,800,800,823,846,848,844,892,830,800,808,799,800,799,800,799,800,800,848,872,826,892,892,800,901,828,800,800,800,800,800,848,0,0,0,0,0,0,0,0,0,0,0,0,0,0,0,0,0,0,0,0,0,0,0,0,0,0,0,0,4.761904716491699,0,100,0,34668.33483886719,19490.576538085938,0,404335509504,0,27054772224,0
199,1724717017751,899,800,800,823,846,848,844,892,830,800,808,799,800,799,800,799,800,800,848,872,826,892,892,800,901,828,800,800,800,800,800,848,0,0,0,0,0,0,0,0,0,0,0,0,0,0,0,0,0,76.19047546386719,5,0,0,0,0,0,0,0,0,0,0,0,25,0,34670.286071777344,19495.631958007813,0,404335509504,0,27054772224,0
199,1724717017951,899,800,800,823,846,848,844,892,830,800,808,799,800,799,800,799,800,800,848,872,826,892,892,800,901,828,800,800,800,800,800,848,0,0,0,0,0,0,0,0,0,0,0,0,0,0,0,0,0,100,0,0,0,0,0,0,0,4.761904716491699,0,0,0,0,0,0,34672.209228515625,19500.785278320313,0,404335509504,0,27054772224,0
199,1724717018151,899,800,800,823,846,848,844,892,830,800,808,799,800,799,800,799,800,800,848,872,826,892,892,800,901,828,800,800,800,800,800,848,0,0,0,0,0,0,0,0,0,0,0,0,0,0,0,0,0,100,0,0,0,0,0,0,0,4.761904716491699,0,0,0,0,0,0,34674.15478515625,19505.865966796875,0,404335509504,0,27054776320,0
199,1724717018351,899,800,800,823,846,848,844,892,830,800,808,799,800,799,800,799,800,800,848,872,826,892,892,800,901,828,800,800,800,800,800,848,0,0,0,0,0,0,0,0,0,0,0,0,2.4390242099761963,0,0,0,2.5,100,0,0,2.5,0,0,0,0,4.878048419952393,0,0,0,0,0,2.5,34676.10919189453,19510.956176757813,0,404335509504,0,27054776320,0
199,1724717018551,899,800,800,823,846,848,844,892,830,800,808,799,800,799,800,799,800,800,848,872,826,892,892,800,901,828,800,800,800,800,800,848,0,0,0,0,0,0,0,0,0,0,0,0,2.4390242099761963,0,0,0,2.5,100,0,0,2.5,0,0,0,0,4.878048419952393,0,0,0,0,0,2.5,34678.051513671875,19516.036376953125,0,404335509504,0,27054776320,0
199,1724717018751,899,800,800,823,846,848,844,892,830,800,808,799,800,799,800,799,800,800,848,872,826,892,892,800,901,828,800,800,800,800,800,848,0,0,2.5,0,0,0,0,0,0,0,0,0,0,0,0,0,0,100,0,0,0,0,0,0,0,0,0,0,0,0,0,0,34680.008544921875,19521.14764404297,0,404335509504,0,27054776320,0
199,1724717018951,899,800,800,823,846,848,844,892,830,800,808,799,800,799,800,799,800,800,848,872,826,892,892,800,901,828,800,800,800,800,800,848,0,0,0,0,5,0,0,0,0,0,0,0,0,0,0,0,0,100,0,0,0,0,0,0,0,0,0,0,0,0,0,0,34681.94256591797,19526.263427734375,0,404335509504,0,27054776320,0
199,1724717019152,899,800,800,823,846,848,844,892,830,800,808,799,800,799,800,799,800,800,848,872,826,892,892,800,901,828,800,800,800,800,800,848,0,0,4.761904716491699,0,9.523809432983398,0,0,0,0,0,0,0,4.761904716491699,0,0,0,9.523809432983398,100,0,0,0,0,0,0,0,0,0,0,0,0,0,0,34683.91394042969,19531.430603027344,0,404335509504,0,27054784512,0
199,1724717019352,899,800,800,823,846,848,844,892,830,800,808,799,800,799,800,799,800,800,848,872,826,892,892,800,901,828,800,800,800,800,800,848,0,5,0,0,0,0,0,0,0,0,0,0,0,0,0,0,0,100,0,0,0,0,0,0,0,0,0,0,0,0,0,0,34685.85272216797,19536.53887939453,0,404335509504,0,27054784512,0
199,1724717019552,899,800,800,823,846,848,844,892,830,800,808,799,800,799,800,799,800,800,848,872,826,892,892,800,901,828,800,800,800,800,800,848,0,5,0,0,0,0,0,0,0,0,0,0,0,0,0,0,0,100,0,0,0,0,0,0,0,0,0,0,0,0,0,0,34687.7802734375,19541.590576171875,0,404335509504,0,27054784512,0
199,1724717019752,899,800,800,823,846,848,844,892,830,800,808,799,800,799,800,799,800,800,848,872,826,892,892,800,901,828,800,800,800,800,800,848,0,0,0,0,0,0,0,2.4390242099761963,0,0,0,0,0,0,0,0,0,100,0,0,0,0,0,0,0,0,0,0,0,0,0,0,34689.71374511719,19546.68731689453,0,404335509504,0,27054784512,0
199,1724717019952,899,800,800,823,846,848,844,892,830,800,808,799,800,799,800,799,800,800,848,872,826,892,892,800,901,828,800,800,800,800,800,848,0,0,0,0,0,0,0,0,0,0,0,0,0,0,0,0,0,100,0,0,0,0,0,0,0,0,0,0,0,0,0,0,34691.66418457031,19551.819091796875,0,404335509504,0,27054784512,0
199,1724717020152,899,800,800,823,846,848,844,892,830,800,808,799,800,799,800,799,800,800,848,872,826,892,892,800,901,828,800,800,800,800,800,848,0,0,4.761904716491699,0,0,0,0,0,0,0,4.761904716491699,0,0,0,0,0,0,100,0,0,4.761904716491699,0,0,0,0,0,0,0,0,0,0,0,34693.61145019531,19556.907958984375,0,404335509504,0,27054792704,0
199,1724717020352,899,800,800,823,846,848,844,892,830,800,808,799,800,799,800,799,800,800,848,872,826,892,892,800,901,828,800,800,800,800,800,848,0,0,0,0,0,0,0,0,0,0,0,5,5,0,0,0,0,100,0,0,0,0,0,0,0,0,0,0,0,0,0,0,34695.547424316406,19562.00811767578,0,404335509504,0,27054792704,0
199,1724717020552,899,800,800,823,846,848,844,892,830,800,808,799,800,799,800,799,800,800,848,872,826,892,892,800,901,828,800,800,800,800,800,848,5,0,5.263157844543457,9.523809432983398,5,9.523809432983398,5,5,5,10,5,5,5,5,0,5,0,100,0,5,15.789472579956055,0,9.523809432983398,0,5.263157844543457,0,5.263157844543457,0,5,5,0,5,34697.63439941406,19567.2001953125,0,404335509504,0,27054792704,0
199,1724717020753,899,800,800,823,846,848,844,892,830,800,808,799,800,799,800,799,800,800,848,872,826,892,892,800,901,828,800,800,800,800,800,848,0,0,0,0,0,0,0,0,0,0,0,5,0,0,0,0,0,100,0,0,0,0,0,0,0,0,0,0,0,0,0,0,34699.571533203125,19572.258850097656,0,404335509504,0,27054796800,0
199,1724717020953,899,800,800,823,846,848,844,892,830,800,808,799,800,799,800,799,800,800,848,872,826,892,892,800,901,828,800,800,800,800,800,848,0,15.000000953674316,0,0,0,0,4.761904716491699,0,0,5,20,0,0,0,0,0,0,100,0,5,0,0,0,0,0,0,5,10,0,0,0,0,34701.62158203125,19577.51885986328,0,404335509504,0,27054796800,0
199,1724717021153,899,800,800,823,846,848,844,892,830,800,808,799,800,799,800,799,800,800,848,872,826,892,892,800,901,828,800,800,800,800,800,848,0,15.000000953674316,0,0,0,0,4.761904716491699,0,0,5,20,0,0,0,0,0,0,100,0,5,0,0,0,0,0,0,5,10,0,0,0,0,34703.761657714844,19582.794189453125,0,404335509504,0,27054800896,0
199,1724717021353,899,800,800,823,846,848,844,892,830,800,808,799,800,799,800,799,800,800,848,872,826,892,892,800,901,828,800,800,800,800,800,848,0,2.5,2.5,5,5,2.5,0,0,2.5,4.878048419952393,2.5,2.5,2.5,2.5,2.5,0,2.5,100,2.4390242099761963,2.4390242099761963,5,40,0,2.5,2.4390242099761963,2.5,2.4390242099761963,7.500000476837158,0,5.128205299377441,2.5,2.5,34705.69372558594,19587.846557617188,0,404335509504,0,27054800896,0
199,1724717021553,899,800,800,823,846,848,844,892,830,800,808,799,800,799,800,799,800,800,848,872,826,892,892,800,901,828,800,800,800,800,800,848,0,0,0,0,0,0,0,0,0,0,4.761904716491699,0,0,0,0,0,0,65,0,0,0,4.761904716491699,0,0,0,0,0,0,0,0,35,0,34707.647399902344,19592.861450195313,0,404335509504,0,27054800896,0
199,1724717021753,899,800,800,823,846,848,844,892,830,800,808,799,800,799,800,799,800,800,848,872,826,892,892,800,901,828,800,800,800,800,800,848,0,0,0,0,0,0,0,0,0,0,0,0,0,0,0,0,0,0,0,0,0,0,0,0,0,0,0,0,0,5,100,0,34709.52801513672,19598.009521484375,0,404335509504,0,27054800896,0
199,1724717021953,899,800,800,823,846,848,844,892,830,800,808,799,800,799,800,799,800,800,848,872,826,892,892,800,901,828,800,800,800,800,800,848,0,0,0,0,0,0,0,0,0,0,0,0,0,0,0,0,0,0,0,0,0,0,0,0,0,0,0,0,0,4.761904716491699,100,0,34711.42175292969,19603.147216796875,0,404335509504,0,27054800896,0
199,1724717022153,899,800,800,823,846,848,844,892,830,800,808,799,800,799,800,799,800,800,848,872,826,892,892,800,901,828,800,800,800,800,800,848,0,0,0,0,0,5,0,0,0,0,0,0,4.761904716491699,0,0,0,0,0,0,0,5,0,0,0,0,0,0,0,0,0,100,0,34713.306701660156,19608.239013671875,0,404335509504,0,27054800896,0
199,1724717022354,899,800,800,823,846,848,844,892,830,800,808,799,800,799,800,799,800,800,848,872,826,892,892,800,901,828,800,800,800,800,800,848,0,0,0,0,0,0,9.523809432983398,0,0,0,0,0,0,0,0,0,0,0,0,0,0,4.761904716491699,0,0,0,0,0,0,0,0,100,0,34715.223388671875,19613.427673339844,0,404335509504,0,27054800896,0
199,1724717022554,899,800,800,823,846,848,844,892,830,800,808,799,800,799,800,799,800,800,848,872,826,892,892,800,901,828,800,800,800,800,800,848,0,0,0,0,0,0,0,0,0,0,0,0,0,0,0,0,0,0,0,0,0,0,0,0,0,0,0,0,0,5,100,0,34717.15246582031,19618.58660888672,0,404335509504,0,27054800896,0
199,1724717022754,899,800,800,823,846,848,844,892,830,800,808,799,800,799,800,799,800,800,848,872,826,892,892,800,901,828,800,800,800,800,800,848,0,0,0,0,0,0,0,0,0,0,0,0,0,0,0,4.761904716491699,0,0,0,0,0,0,0,0,0,0,0,0,0,0,100,0,34719.071350097656,19623.77178955078,0,404335509504,0,27054800896,0
199,1724717022954,899,800,800,823,846,848,844,892,830,800,808,799,800,799,800,799,800,800,848,872,826,892,892,800,901,828,800,800,800,800,800,848,0,0,0,0,0,0,0,0,0,0,0,0,0,0,0,0,0,0,0,0,0,0,0,0,0,0,0,0,0,0,100,0,34721.001708984375,19628.864868164063,0,404335509504,0,27054800896,0
199,1724717023154,899,800,800,823,846,848,844,892,830,800,808,799,800,799,800,799,800,800,848,872,826,892,892,800,901,828,800,800,800,800,800,848,0,0,5,0,0,0,0,0,0,0,0,0,0,0,0,0,4.761904716491699,0,0,0,0,0,0,0,0,4.761904716491699,0,0,0,0,100,0,34722.91125488281,19634.02362060547,0,404335509504,0,27054800896,0
199,1724717023355,899,800,800,823,846,848,844,892,830,800,808,799,800,799,800,799,800,800,848,872,826,892,892,800,901,828,800,800,800,800,800,848,0,0,0,0,0,0,5,0,0,0,0,10,0,0,4.761904716491699,0,0,0,0,0,0,0,0,0,0,4.761904716491699,0,0,0,0,100,0,34724.871337890625,19639.19647216797,0,404335509504,0,27056713728,0
199,1724717023555,899,800,800,823,846,848,844,892,830,800,808,799,800,799,800,799,800,800,848,872,826,892,892,800,901,828,800,800,800,800,800,848,0,0,0,0,0,0,5,0,0,0,0,10,0,0,4.761904716491699,0,0,0,0,0,0,0,0,0,0,4.761904716491699,0,0,0,0,100,0,34726.739318847656,19644.402587890625,0,404335509504,0,27056726016,0
199,1724717023755,899,800,800,823,846,848,844,892,830,800,808,799,800,799,800,799,800,800,848,872,826,892,892,800,901,828,800,800,800,800,800,848,0,0,0,0,0,0,2.5,0,0,0,0,0,0,2.5641026496887207,0,0,0,0,0,0,0,0,0,0,0,0,0,0,0,0,100,0,34728.6572265625,19649.514526367188,0,404335509504,0,27056726016,0
199,1724717023955,899,800,800,823,846,848,844,892,830,800,808,799,800,799,800,799,800,800,848,872,826,892,892,800,901,828,800,800,800,800,800,848,5,0,0,0,0,0,0,0,0,0,0,0,0,4.761904716491699,0,5,0,0,0,0,0,0,0,0,0,0,0,0,0,0,100,0,34730.578186035156,19654.66375732422,0,404335509504,0,27056726016,0
199,1724717024155,899,800,800,823,846,848,844,892,830,800,808,799,800,799,800,799,800,800,848,872,826,892,892,800,901,828,800,800,800,800,800,848,5,0,0,0,0,0,0,0,0,0,0,0,0,4.761904716491699,0,5,0,0,0,0,0,0,0,0,0,0,0,0,0,0,100,0,34732.50183105469,19659.838806152344,0,404335509504,0,27057041408,0
199,1724717024355,899,800,800,823,846,848,844,892,830,800,808,799,800,799,800,799,800,800,848,872,826,892,892,800,901,828,800,800,800,800,800,848,0,0,0,0,0,0,5,0,0,0,0,0,0,0,4.761904716491699,0,0,0,0,0,0,0,0,5,0,0,0,0,0,0,100,0,34734.4130859375,19665.028076171875,0,404335509504,0,27058941952,0
199,1724717024555,899,800,800,823,846,848,844,892,830,800,808,799,800,799,800,799,800,800,848,872,826,892,892,800,901,828,800,800,800,800,800,848,0,0,0,0,0,0,0,0,0,0,0,0,0,0,0,0,0,0,0,0,0,0,0,0,0,0,0,0,0,0,100,0,34736.31005859375,19670.10760498047,0,404335509504,0,27058954240,0
199,1724717024755,899,800,800,823,846,848,844,892,830,800,808,799,800,799,800,799,800,800,848,872,826,892,892,800,901,828,800,800,800,800,800,848,0,0,0,0,0,0,5,0,0,0,0,0,0,0,0,0,0,0,0,0,0,0,0,0,0,0,0,0,0,0,100,0,34738.2265625,19675.175231933594,0,404335509504,0,27058954240,0
199,1724717024955,899,800,800,823,846,848,844,892,830,800,808,799,800,799,800,799,800,800,848,872,826,892,892,800,901,828,800,800,800,800,800,848,0,0,0,0,0,0,0,0,0,0,0,0,0,0,5.263157844543457,0,0,0,0,0,0,0,0,0,0,0,0,0,0,0,100,0,34740.14581298828,19680.39044189453,0,404335509504,0,27058966528,0
199,1724717025155,899,800,800,823,846,848,844,892,830,800,808,799,800,799,800,799,800,800,848,872,826,892,892,800,901,828,800,800,800,800,800,848,5,0,0,0,0,0,0,0,0,0,0,0,5,0,0,0,5,0,0,0,5,0,0,0,0,0,0,0,0,0,100,0,34742.088317871094,19685.478881835938,0,404335509504,0,27058966528,0
199,1724717025356,899,800,800,823,846,848,844,892,830,800,808,799,800,799,800,799,800,800,848,872,826,892,892,800,901,828,800,800,800,800,800,848,0,0,0,0,0,0,0,0,0,0,0,0,0,0,0,0,0,0,0,0,0,0,0,0,0,0,0,0,0,0,100,0,34744.00469970703,19690.57177734375,0,404335509504,0,27058966528,0
199,1724717025556,899,800,800,823,846,848,844,892,830,800,808,799,800,799,800,799,800,800,848,872,826,892,892,800,901,828,800,800,800,800,800,848,0,0,0,0,0,5,9.523809432983398,5,4.761904716491699,0,0,5,5,4.761904716491699,4.761904716491699,0,9.523809432983398,10,5,0,5,5,4.761904716491699,5,0,5,5,5,4.761904716491699,5,100,5,34745.94512939453,19695.82098388672,0,404335509504,0,27058966528,0
199,1724717025756,899,800,800,823,846,848,844,892,830,800,808,799,800,799,800,799,800,800,848,872,826,892,892,800,901,828,800,800,800,800,800,848,0,0,0,0,0,5,9.523809432983398,5,4.761904716491699,0,0,5,5,4.761904716491699,4.761904716491699,0,9.523809432983398,10,5,0,5,5,4.761904716491699,5,0,5,5,5,4.761904716491699,5,100,5,34747.79016113281,19701.012939453125,0,404335509504,0,27059331072,0
199,1724717025956,899,800,800,823,846,848,844,892,830,800,808,799,800,799,800,799,800,800,848,872,826,892,892,800,901,828,800,800,800,800,800,848,2.5,9.523809432983398,2.4390242099761963,0,2.4390242099761963,4.878048419952393,2.5641026496887207,2.4390242099761963,2.5,0,4.878048419952393,0,2.4390242099761963,2.5641026496887207,5.128205299377441,2.4390242099761963,2.5,2.5,2.5,0,2.5,2.5,0,7.142857551574707,10.256410598754883,2.5,2.5,0,2.5,5,100,0,34749.903076171875,19706.336364746094,0,404335509504,0,27059331072,0
199,1724717026156,899,800,800,823,846,848,844,892,830,800,808,799,800,799,800,799,800,800,848,872,826,892,892,800,901,828,800,800,800,800,800,848,68.42105102539063,0,9.523809432983398,0,5,0,0,0,0,5,0,4.761904716491699,5.263157844543457,5,4.761904716491699,35,5.263157844543457,5,0,4.761904716491699,0,0,4.761904716491699,0,5,0,15.000000953674316,0,0,0,100,5,34751.965759277344,19712.17547607422,0,404335509504,0,27059335168,0
199,1724717026356,899,800,800,823,846,848,844,892,830,800,808,799,800,799,800,799,800,800,848,872,826,892,892,800,901,828,800,800,800,800,800,848,10,0,0,0,0,0,0,0,0,0,0,0,0,0,0,0,0,0,0,0,0,0,0,0,0,0,0,0,0,0,100,0,34753.89190673828,19717.271362304688,0,404335509504,0,27059335168,0
199,1724717026556,899,800,800,823,846,848,844,892,830,800,808,799,800,799,800,799,800,800,848,872,826,892,892,800,901,828,800,800,800,800,800,848,5,0,0,4.761904716491699,4.761904716491699,5,5,0,0,0,5,0,0,0,0,0,0,0,4.761904716491699,5,0,0,0,0,0,5,0,4.761904716491699,9.090909004211426,0,100,0,34755.88317871094,19722.430908203125,0,404335509504,0,27059339264,0
199,1724717026757,899,800,800,823,846,848,844,892,830,800,808,799,800,799,800,799,800,800,848,872,826,892,892,800,901,828,800,800,800,800,800,848,0,0,0,0,0,0,0,0,4.761904716491699,0,0,5,0,0,4.761904716491699,0,0,0,0,0,5,0,0,0,0,0,0,0,0,0,100,0,34757.7998046875,19727.559692382813,0,404335509504,0,27061239808,0
199,1724717026957,899,800,800,823,846,848,844,892,830,800,808,799,800,799,800,799,800,800,848,872,826,892,892,800,901,828,800,800,800,800,800,848,0,0,0,0,0,0,0,0,0,0,0,0,0,0,4.761904716491699,0,0,0,0,0,0,0,0,0,0,0,0,0,0,0,100,0,34759.6865234375,19732.654235839844,0,404335509504,0,27061243904,0
199,1724717027157,899,800,800,823,846,848,844,892,830,800,808,799,800,799,800,799,800,800,848,872,826,892,892,800,901,828,800,800,800,800,800,848,0,0,0,0,0,0,0,0,0,0,0,0,4.761904716491699,0,0,0,4.761904716491699,0,0,5,5,0,0,0,0,0,0,0,0,0,100,0,34761.600830078125,19737.761169433594,0,404335509504,0,27061243904,0
199,1724717027357,899,800,800,823,846,848,844,892,830,800,808,799,800,799,800,799,800,800,848,872,826,892,892,800,901,828,800,800,800,800,800,848,0,0,0,0,0,0,0,0,0,0,0,0,4.761904716491699,0,0,0,4.761904716491699,0,0,5,5,0,0,0,0,0,0,0,0,0,100,0,34763.541442871094,19742.909790039063,0,404335509504,0,27061256192,0
199,1724717027557,899,800,800,823,846,848,844,892,830,800,808,799,800,799,800,799,800,800,848,872,826,892,892,800,901,828,800,800,800,800,800,848,0,0,0,0,0,0,0,0,0,0,0,0,0,0,0,0,0,0,0,0,4.761904716491699,0,0,0,0,0,0,0,0,0,100,0,34765.44580078125,19747.989196777344,0,404335509504,0,27061256192,0
199,1724717027757,899,800,800,823,846,848,844,892,830,800,808,799,800,799,800,799,800,800,848,872,826,892,892,800,901,828,800,800,800,800,800,848,0,0,0,0,0,0,0,0,0,0,0,0,0,0,0,0,0,0,0,0,9.523809432983398,0,0,4.761904716491699,0,0,0,0,0,0,100,0,34767.34002685547,19753.123413085938,0,404335509504,0,27061256192,0
199,1724717027957,899,800,800,823,846,848,844,892,830,800,808,799,800,799,800,799,800,800,848,872,826,892,892,800,901,828,800,800,800,800,800,848,0,0,0,0,0,0,0,0,0,0,0,0,0,0,0,0,0,0,0,0,0,0,0,0,4.761904716491699,0,0,0,0,0,100,0,34769.250427246094,19758.259826660156,0,404335509504,0,27059326976,0
199,1724717028157,899,800,800,823,846,848,844,892,830,800,808,799,800,799,800,799,800,800,848,872,826,892,892,800,901,828,800,800,800,800,800,848,0,0,0,0,0,0,0,0,4.761904716491699,0,0,0,4.761904716491699,0,0,0,5,0,0,0,0,0,0,0,0,0,0,0,0,5,100,0,34771.175720214844,19763.381469726563,0,404335509504,0,27059326976,0
199,1724717028358,899,800,800,823,846,848,844,892,830,800,808,799,800,799,800,799,800,800,848,872,826,892,892,800,901,828,800,800,800,800,800,848,0,0,0,0,0,0,0,0,0,0,0,0,0,0,0,0,0,0,0,0,0,0,0,0,0,0,0,0,0,0,100,0,34773.12127685547,19768.527099609375,0,404335509504,0,27057090560,0
199,1724717028558,899,800,800,823,846,848,844,892,830,800,808,799,800,799,800,799,800,800,848,872,826,892,892,800,901,828,800,800,800,800,800,848,0,0,0,0,0,0,0,0,0,0,0,0,0,0,0,0,0,0,0,0,0,0,0,0,0,0,0,0,0,0,100,0,34775.044982910156,19773.6142578125,0,404335509504,0,27057094656,0
199,1724717028758,899,800,800,823,846,848,844,892,830,800,808,799,800,799,800,799,800,800,848,872,826,892,892,800,901,828,800,800,800,800,800,848,0,0,0,0,0,0,0,0,0,2.4390242099761963,0,0,0,0,0,0,0,0,0,0,0,0,0,0,2.5,0,0,0,2.4390242099761963,2.5,100,0,34776.94421386719,19778.723571777344,0,404335509504,0,27057094656,0
199,1724717028958,899,800,800,823,846,848,844,892,830,800,808,799,800,799,800,799,800,800,848,872,826,892,892,800,901,828,800,800,800,800,800,848,0,0,0,0,0,0,0,0,0,0,0,0,0,0,0,0,0,0,0,0,0,0,0,0,0,0,0,0,0,0,100,0,34778.84143066406,19783.874389648438,0,404335509504,0,27057094656,0
199,1724717029158,899,800,800,823,846,848,844,892,830,800,808,799,800,799,800,799,800,800,848,872,826,892,892,800,901,828,800,800,800,800,800,848,0,0,4.761904716491699,0,0,0,0,0,0,0,0,0,4.761904716491699,0,0,0,0,0,0,0,0,0,0,0,0,9.090909004211426,0,0,0,0,100,5,34780.800048828125,19789.009704589844,0,404335509504,0,27057094656,0
199,1724717029358,899,800,800,823,846,848,844,892,830,800,808,799,800,799,800,799,800,800,848,872,826,892,892,800,901,828,800,800,800,800,800,848,0,0,0,0,0,0,0,0,0,0,0,0,0,0,0,0,4.761904716491699,0,0,0,5,0,0,0,0,0,0,0,5,4.761904716491699,100,0,34782.73046875,19794.161560058594,0,404335509504,0,27057094656,0
199,1724717029558,899,800,800,823,846,848,844,892,830,800,808,799,800,799,800,799,800,800,848,872,826,892,892,800,901,828,800,800,800,800,800,848,0,0,0,0,0,0,0,0,0,0,0,0,0,0,0,0,0,0,0,0,0,0,0,0,0,0,0,0,0,5,100,0,34784.61706542969,19799.310607910156,0,404335509504,0,27057094656,0
199,1724717029759,899,800,800,823,846,848,844,892,830,800,808,799,800,799,800,799,800,800,848,872,826,892,892,800,901,828,800,800,800,800,800,848,0,0,0,0,0,0,0,0,0,0,0,0,0,0,0,0,0,0,0,0,0,0,0,0,0,0,0,0,0,0,100,0,34786.533752441406,19804.45947265625,0,404335509504,0,27057094656,0
199,1724717029959,899,800,800,823,846,848,844,892,830,800,808,799,800,799,800,799,800,800,848,872,826,892,892,800,901,828,800,800,800,800,800,848,0,0,0,0,0,0,0,0,0,0,0,0,0,0,0,0,0,0,0,0,0,0,0,0,0,4.761904716491699,0,0,0,0,100,0,34788.449462890625,19809.5224609375,0,404335509504,0,27057094656,0
199,1724717030159,899,800,800,823,846,848,844,892,830,800,808,799,800,799,800,799,800,800,848,872,826,892,892,800,901,828,800,800,800,800,800,848,0,0,0,0,0,0,0,0,0,0,0,0,0,0,0,0,0,0,0,0,4.761904716491699,0,0,0,0,4.761904716491699,0,0,5,0,100,0,34790.39862060547,19814.675537109375,0,404335509504,0,27057098752,0
199,1724717030359,899,800,800,823,846,848,844,892,830,800,808,799,800,799,800,799,800,800,848,872,826,892,892,800,901,828,800,800,800,800,800,848,0,0,0,0,0,0,0,0,0,0,0,5,0,0,0,0,0,40,0,0,0,0,0,0,0,0,0,0,5,0,63.15789031982422,0,34792.29638671875,19819.76873779297,0,404335509504,0,27055009792,0
199,1724717030559,899,800,800,823,846,848,844,892,830,800,808,799,800,799,800,799,800,800,848,872,826,892,892,800,901,828,800,800,800,800,800,848,0,0,0,5,0,5,0,0,4.761904716491699,5,0,0,15.789472579956055,0,4.761904716491699,0,5,100,0,5,0,4.761904716491699,0,0,0,0,5,5,0,0,4.761904716491699,0,34794.25714111328,19825.04669189453,0,404335509504,0,27055009792,0
199,1724717030759,899,800,800,823,846,848,844,892,830,800,808,799,800,799,800,799,800,800,848,872,826,892,892,800,901,828,800,800,800,800,800,848,0,0,0,5,0,5,0,0,4.761904716491699,5,0,0,15.789472579956055,0,4.761904716491699,0,5,100,0,5,0,4.761904716491699,0,0,0,0,5,5,0,0,4.761904716491699,0,34796.13739013672,19830.232788085938,0,404335509504,0,27055009792,0
199,1724717030959,899,800,800,823,846,848,844,892,830,800,808,799,800,799,800,799,800,800,848,872,826,892,892,800,901,828,800,800,800,800,800,848,5,2.5,2.5,0,2.5,0,0,2.5,2.5,2.5,2.5,4.878048419952393,2.5,2.5,2.5,4.878048419952393,2.5,100,0,0,10,0,2.5,2.5,2.5,5.128205299377441,2.5,0,2.5,12.5,7.317072868347168,2.4390242099761963,34798.24444580078,19835.61639404297,0,404335509504,0,27055009792,0
199,1724717031159,899,800,800,823,846,848,844,892,830,800,808,799,800,799,800,799,800,800,848,872,826,892,892,800,901,828,800,800,800,800,800,848,0,0,0,0,0,0,0,4.761904716491699,0,0,0,0,5,0,0,5.263157844543457,0,100,0,0,5,0,4.761904716491699,0,0,0,0,75,0,0,21.052631378173828,4.761904716491699,34800.26837158203,19841.20703125,0,404335509504,0,27055013888,0
199,1724717031360,899,800,800,823,846,848,844,892,830,800,808,799,800,799,800,799,800,800,848,872,826,892,892,800,901,828,800,800,800,800,800,848,0,0,0,0,0,0,0,0,0,0,0,0,0,0,0,0,0,100,0,0,0,0,0,0,0,0,0,0,0,0,0,0,34802.153381347656,19846.304260253906,0,404335509504,0,27055013888,0
199,1724717031560,899,800,800,823,846,848,844,892,830,800,808,799,800,799,800,799,800,800,848,872,826,892,892,800,901,828,800,800,800,800,800,848,0,0,0,0,0,0,0,0,0,0,0,0,0,0,0,0,0,100,0,0,0,0,0,0,0,0,0,0,0,0,0,0,34804.03308105469,19851.368896484375,0,404335509504,0,27055013888,0
199,1724717031760,899,800,800,823,846,848,844,892,830,800,808,799,800,799,800,799,800,800,848,872,826,892,892,800,901,828,800,800,800,800,800,848,0,0,0,0,0,0,0,0,0,0,0,0,0,0,0,0,0,100,0,0,0,0,0,0,0,0,0,4.761904716491699,0,0,0,0,34805.918884277344,19856.41241455078,0,404335509504,0,27055013888,0
199,1724717031960,899,800,800,823,846,848,844,892,830,800,808,799,800,799,800,799,800,800,848,872,826,892,892,800,901,828,800,800,800,800,800,848,0,0,0,0,0,0,0,0,0,0,0,0,0,0,0,4.761904716491699,0,100,0,0,0,0,0,0,0,0,0,0,0,0,0,0,34807.82189941406,19861.47869873047,0,404335509504,0,27055013888,0
199,1724717032160,899,800,800,823,846,848,844,892,830,800,808,799,800,799,800,799,800,800,848,872,826,892,892,800,901,828,800,800,800,800,800,848,0,0,4.761904716491699,0,0,0,0,0,0,0,0,0,4.761904716491699,0,0,0,0,100,0,0,5,0,0,0,0,0,0,0,0,0,0,0,34809.69567871094,19866.614318847656,0,404335509504,0,27055013888,0
199,1724717032360,899,800,800,823,846,848,844,892,830,800,808,799,800,799,800,799,800,800,848,872,826,892,892,800,901,828,800,800,800,800,800,848,0,0,0,0,0,0,0,0,0,0,0,0,0,0,5,0,0,100,0,0,0,0,0,0,0,0,0,0,0,0,0,0,34811.58459472656,19871.712280273438,0,404335509504,0,27055013888,0
199,1724717032560,899,800,800,823,846,848,844,892,830,800,808,799,800,799,800,799,800,800,848,872,826,892,892,800,901,828,800,800,800,800,800,848,0,0,0,0,0,0,0,4.761904716491699,0,0,0,0,0,0,0,0,0,100,0,0,0,0,0,0,0,0,0,0,0,0,0,0,34813.44519042969,19876.7724609375,0,404335509504,0,27055013888,0
199,1724717032761,899,800,800,823,846,848,844,892,830,800,808,799,800,799,800,799,800,800,848,872,826,892,892,800,901,828,800,800,800,800,800,848,0,0,0,0,0,0,0,0,0,0,0,0,0,0,0,0,0,100,0,0,0,0,0,0,0,0,0,0,0,0,0,0,34815.311096191406,19881.80401611328,0,404335509504,0,27055013888,0
199,1724717032961,899,800,800,823,846,848,844,892,830,800,808,799,800,799,800,799,800,800,848,872,826,892,892,800,901,828,800,800,800,800,800,848,0,0,0,0,0,0,0,0,0,0,0,0,0,0,0,0,0,100,0,0,0,0,0,0,0,0,0,0,0,0,0,0,34817.205139160156,19886.88037109375,0,404335509504,0,27055013888,0
199,1724717033161,899,800,800,823,846,848,844,892,830,800,808,799,800,799,800,799,800,800,848,872,826,892,892,800,901,828,800,800,800,800,800,848,4.761904716491699,0,5.263157844543457,0,0,0,0,0,0,0,0,0,0,0,0,0,0,100,0,0,0,0,0,0,0,0,0,0,0,0,0,0,34819.134826660156,19891.991760253906,0,404335509504,0,27055013888,0
199,1724717033361,899,800,800,823,846,848,844,892,830,800,808,799,800,799,800,799,800,800,848,872,826,892,892,800,901,828,800,800,800,800,800,848,0,0,0,0,0,0,0,0,0,0,0,0,0,0,0,0,0,38.095237731933594,0,0,0,0,0,0,0,5,0,0,0,0,63.15789031982422,0,34821.047424316406,19897.052612304688,0,404335509504,0,27055013888,0
199,1724717033561,899,800,800,823,846,848,844,892,830,800,808,799,800,799,800,799,800,800,848,872,826,892,892,800,901,828,800,800,800,800,800,848,0,0,0,0,0,0,0,0,0,0,0,0,0,0,0,0,0,0,0,0,0,0,0,4.761904716491699,0,0,0,0,0,0,100,0,34822.97277832031,19902.158752441406,0,404335509504,0,27055013888,0
199,1724717033761,899,800,800,823,846,848,844,892,830,800,808,799,800,799,800,799,800,800,848,872,826,892,892,800,901,828,800,800,800,800,800,848,0,0,0,0,0,0,0,0,0,0,0,0,0,0,0,0,0,0,4.761904716491699,0,0,0,4.761904716491699,4.761904716491699,0,0,0,0,0,0,100,0,34824.90252685547,19907.239013671875,0,404335509504,0,27055013888,0
199,1724717033961,899,800,800,823,846,848,844,892,830,800,808,799,800,799,800,799,800,800,848,872,826,892,892,800,901,828,800,800,800,800,800,848,0,0,0,0,0,0,0,0,0,0,0,0,0,0,0,0,0,0,0,0,0,0,0,0,0,0,0,0,0,0,100,0,34826.798278808594,19912.31427001953,0,404335509504,0,27055017984,0
199,1724717034161,899,800,800,823,846,848,844,892,830,800,808,799,800,799,800,799,800,800,848,872,826,892,892,800,901,828,800,800,800,800,800,848,0,0,0,0,0,0,0,0,0,0,0,0,0,4.761904716491699,0,0,5,0,0,0,0,0,0,0,0,0,0,4.761904716491699,0,0,100,0,34828.716369628906,19917.42755126953,0,404335509504,0,27055296512,0
199,1724717034362,899,800,800,823,846,848,844,892,830,800,808,799,800,799,800,799,800,800,848,872,826,892,892,800,901,828,800,800,800,800,800,848,0,0,0,0,0,0,4.761904716491699,0,0,0,0,0,4.761904716491699,0,0,0,0,0,0,0,0,0,0,0,5,0,0,0,0,0,100,0,34830.60858154297,19922.52850341797,0,404335509504,0,27055296512,0
199,1724717034562,899,800,800,823,846,848,844,892,830,800,808,799,800,799,800,799,800,800,848,872,826,892,892,800,901,828,800,800,800,800,800,848,9.523809432983398,4.761904716491699,5,5,0,0,0,0,4.761904716491699,0,5,0,5,0,0,0,0,0,5,4.761904716491699,0,4.761904716491699,0,4.761904716491699,4.761904716491699,0,4.761904716491699,5,9.523809432983398,4.761904716491699,100,0,34832.57147216797,19927.685607910156,0,404335509504,0,27055296512,0
199,1724717034762,899,800,800,823,846,848,844,892,830,800,808,799,800,799,800,799,800,800,848,872,826,892,892,800,901,828,800,800,800,800,800,848,0,0,4.761904716491699,0,0,0,4.761904716491699,0,0,0,0,0,0,0,0,0,0,0,0,0,0,0,0,0,0,0,0,0,0,0,100,0,34834.477966308594,19932.87530517578,0,404335509504,0,27055435776,0
199,1724717034962,899,800,800,823,846,848,844,892,830,800,808,799,800,799,800,799,800,800,848,872,826,892,892,800,901,828,800,800,800,800,800,848,0,0,0,0,0,0,0,0,0,0,0,0,0,0,0,0,0,0,0,0,0,0,0,0,0,0,0,4.761904716491699,0,0,100,0,34836.41192626953,19938.05926513672,0,404335509504,0,27055435776,0
199,1724717035162,899,800,800,823,846,848,844,892,830,800,808,799,800,799,800,799,800,800,848,872,826,892,892,800,901,828,800,800,800,800,800,848,0,0,4.761904716491699,0,0,0,0,0,0,0,0,0,0,0,0,0,0,0,0,0,4.761904716491699,0,0,0,0,0,0,0,0,0,100,0,34838.34149169922,19943.232788085938,0,404335509504,0,27055435776,0
199,1724717035362,899,800,800,823,846,848,844,892,830,800,808,799,800,799,800,799,800,800,848,872,826,892,892,800,901,828,800,800,800,800,800,848,0,0,4.761904716491699,0,0,0,0,0,0,0,0,0,0,0,0,0,0,0,0,0,4.761904716491699,0,0,0,0,0,0,0,0,0,100,0,34840.24353027344,19948.392517089844,0,404335509504,0,27055435776,0
199,1724717035563,899,800,800,823,846,848,844,892,830,800,808,799,800,799,800,799,800,800,848,872,826,892,892,800,901,828,800,800,800,800,800,848,0,0,2.5641026496887207,0,2.5,2.5,0,2.4390242099761963,0,2.5,2.5,0,5,0,2.5,2.4390242099761963,2.4390242099761963,2.5,0,2.4390242099761963,0,0,0,0,4.878048419952393,2.4390242099761963,5.128205299377441,2.5,0,2.5,100,0,34842.19158935547,19953.69317626953,0,404335509504,0,27055435776,0
199,1724717035763,899,800,800,823,846,848,844,892,830,800,808,799,800,799,800,799,800,800,848,872,826,892,892,800,901,828,800,800,800,800,800,848,0,0,2.5641026496887207,0,2.5,2.5,0,2.4390242099761963,0,2.5,2.5,0,5,0,2.5,2.4390242099761963,2.4390242099761963,2.5,0,2.4390242099761963,0,0,0,0,4.878048419952393,2.4390242099761963,5.128205299377441,2.5,0,2.5,100,0,34844.12908935547,19958.933959960938,0,404335509504,0,27057090560,0
199,1724717035963,899,800,800,823,846,848,844,892,830,800,808,799,800,799,800,799,800,800,848,872,826,892,892,800,901,828,800,800,800,800,800,848,0,10.256410598754883,2.5,0,2.5,2.5,2.5,2.5,5,4.878048419952393,4.878048419952393,5.128205299377441,2.5,2.5,2.4390242099761963,0,0,2.4390242099761963,2.5,5,2.4390242099761963,2.5,5,0,0,4.878048419952393,7.500000476837158,5,2.5,2.5,100,5,34846.31427001953,19964.357788085938,0,404335509504,0,27057090560,0
199,1724717036163,899,800,800,823,846,848,844,892,830,800,808,799,800,799,800,799,800,800,848,872,826,892,892,800,901,828,800,800,800,800,800,848,5,4.761904716491699,5,5,0,4.761904716491699,95,0,5,10,0,4.761904716491699,9.523809432983398,5,5,14.285715103149414,5,5,0,5,5,4.761904716491699,5,5,4.761904716491699,0,4.761904716491699,0,5,4.761904716491699,100,10,34848.425537109375,19969.74560546875,0,404335509504,0,27057491968,0
199,1724717036363,899,800,800,823,846,848,844,892,830,800,808,799,800,799,800,799,800,800,848,872,826,892,892,800,901,828,800,800,800,800,800,848,5,4.761904716491699,5,5,0,4.761904716491699,95,0,5,10,0,4.761904716491699,9.523809432983398,5,5,14.285715103149414,5,5,0,5,5,4.761904716491699,5,5,4.761904716491699,0,4.761904716491699,0,5,4.761904716491699,100,10,34850.33709716797,19974.944213867188,0,404335509504,0,27057504256,0
199,1724717036563,899,800,800,823,846,848,844,892,830,800,808,799,800,799,800,799,800,800,848,872,826,892,892,800,901,828,800,800,800,800,800,848,2.4390242099761963,0,2.4390242099761963,0,0,0,0,0,0,0,0,2.5,0,0,0,0,2.5,0,0,0,0,0,0,0,0,2.4390242099761963,0,0,0,0,100,0,34852.245178222656,19980.05401611328,0,404335509504,0,27057819648,0
199,1724717036763,899,800,800,823,846,848,844,892,830,800,808,799,800,799,800,799,800,800,848,872,826,892,892,800,901,828,800,800,800,800,800,848,0,0,0,0,0,0,0,0,0,0,0,0,0,0,0,0,0,0,0,0,0,0,0,0,0,0,0,0,0,0,100,0,34854.181640625,19985.188598632813,0,404335509504,0,27057958912,0
199,1724717036963,899,800,800,823,846,848,844,892,830,800,808,799,800,799,800,799,800,800,848,872,826,892,892,800,901,828,800,800,800,800,800,848,0,0,0,0,0,0,0,0,0,0,0,0,0,0,0,0,0,0,0,0,0,0,0,0,0,9.523809432983398,0,0,0,0,100,0,34856.06005859375,19990.384643554688,0,404335509504,0,27057958912,0
199,1724717037163,899,800,800,823,846,848,844,892,830,800,808,799,800,799,800,799,800,800,848,872,826,892,892,800,901,828,800,800,800,800,800,848,0,4.761904716491699,0,0,5,0,0,0,0,0,0,0,0,0,0,0,5,0,0,0,5,0,0,0,0,0,0,0,0,5,100,0,34857.93615722656,19995.544921875,0,404335509504,0,27058237440,0
199,1724717037364,899,800,800,823,846,848,844,892,830,800,808,799,800,799,800,799,800,800,848,872,826,892,892,800,901,828,800,800,800,800,800,848,0,0,0,0,0,5,0,0,0,0,0,0,0,0,0,0,0,0,0,0,0,0,0,0,0,0,0,0,0,0,100,0,34859.84436035156,20000.724548339844,0,404335509504,0,27058237440,0
199,1724717037564,899,800,800,823,846,848,844,892,830,800,808,799,800,799,800,799,800,800,848,872,826,892,892,800,901,828,800,800,800,800,800,848,0,0,0,0,0,4.761904716491699,0,0,4.761904716491699,0,0,0,0,0,0,0,0,0,0,0,0,0,0,0,0,0,0,0,0,0,100,0,34861.676025390625,20005.768676757813,0,404335509504,0,27058237440,0
199,1724717037764,899,800,800,823,846,848,844,892,830,800,808,799,800,799,800,799,800,800,848,872,826,892,892,800,901,828,800,800,800,800,800,848,0,0,0,0,0,0,0,0,0,0,0,0,0,0,0,0,0,0,0,0,0,0,0,0,0,0,0,0,0,0,100,0,34863.56756591797,20010.90362548828,0,404335509504,0,27058237440,0
199,1724717037964,899,800,800,823,846,848,844,892,830,800,808,799,800,799,800,799,800,800,848,872,826,892,892,800,901,828,800,800,800,800,800,848,0,0,0,0,0,0,0,0,0,0,0,0,0,0,0,0,0,0,0,0,0,0,0,0,0,0,0,0,0,0,100,0,34865.40612792969,20016.0576171875,0,404335509504,0,27058237440,0
199,1724717038164,899,800,800,823,846,848,844,892,830,800,808,799,800,799,800,799,800,800,848,872,826,892,892,800,901,828,800,800,800,800,800,848,0,0,0,0,0,0,0,0,0,0,0,0,0,0,0,0,0,0,4.761904716491699,0,0,0,0,0,0,0,0,0,0,0,100,0,34867.29162597656,20021.201904296875,0,404335509504,0,27058376704,0
199,1724717038364,899,800,800,823,846,848,844,892,830,800,808,799,800,799,800,799,800,800,848,872,826,892,892,800,901,828,800,800,800,800,800,848,0,0,0,4.761904716491699,0,9.090909004211426,0,0,0,0,0,0,0,0,0,0,0,0,0,0,0,0,0,0,0,0,0,0,0,0,100,0,34869.161865234375,20026.34259033203,0,404335509504,0,27058376704,0
199,1724717038564,899,800,800,823,846,848,844,892,830,800,808,799,800,799,800,799,800,800,848,872,826,892,892,800,901,828,800,800,800,800,800,848,0,0,0,4.761904716491699,0,9.090909004211426,0,0,0,0,0,0,0,0,0,0,0,0,0,0,0,0,0,0,0,0,0,0,0,0,100,0,34871.05334472656,20031.49951171875,0,404335509504,0,27058376704,0
199,1724717038765,899,800,800,823,846,848,844,892,830,800,808,799,800,799,800,799,800,800,848,872,826,892,892,800,901,828,800,800,800,800,800,848,0,0,0,0,0,0,0,0,0,5,0,0,0,0,0,0,0,0,0,0,0,0,0,0,0,0,0,0,0,0,100,0,34872.91973876953,20036.68524169922,0,404335509504,0,27058520064,0
199,1724717038965,899,800,800,823,846,848,844,892,830,800,808,799,800,799,800,799,800,800,848,872,826,892,892,800,901,828,800,800,800,800,800,848,0,0,0,0,0,0,0,0,0,5,0,0,0,0,0,0,0,0,0,0,0,0,0,0,0,0,0,0,0,0,100,0,34874.83508300781,20041.821533203125,0,404335509504,0,27058520064,0
199,1724717039165,899,800,800,823,846,848,844,892,830,800,808,799,800,799,800,799,800,800,848,872,826,892,892,800,901,828,800,800,800,800,800,848,0,0,0,0,0,0,0,0,0,0,0,0,5,0,0,0,5,0,0,0,0,0,0,0,0,0,0,0,0,0,100,0,34876.76220703125,20047.008544921875,0,404335509504,0,27058659328,0
199,1724717039365,899,800,800,823,846,848,844,892,830,800,808,799,800,799,800,799,800,800,848,872,826,892,892,800,901,828,800,800,800,800,800,848,0,0,0,0,0,0,0,0,0,0,0,0,0,0,0,0,0,0,0,0,0,0,0,0,0,0,0,0,0,0,100,0,34878.69104003906,20052.20538330078,0,404335509504,0,27058659328,0
199,1724717039565,899,800,800,823,846,848,844,892,830,800,808,799,800,799,800,799,800,800,848,872,826,892,892,800,901,828,800,800,800,800,800,848,0,0,0,0,0,0,0,0,0,5,0,0,0,0,4.761904716491699,0,0,0,0,0,0,0,0,0,0,0,0,0,0,0,100,0,34880.6083984375,20057.426391601563,0,404335509504,0,27058659328,0
199,1724717039765,899,800,800,823,846,848,844,892,830,800,808,799,800,799,800,799,800,800,848,872,826,892,892,800,901,828,800,800,800,800,800,848,0,0,0,0,0,0,0,0,0,0,4.761904716491699,10,0,5,0,0,0,0,0,0,0,0,0,0,0,0,0,0,0,0,100,0,34882.56329345703,20062.577270507813,0,404335509504,0,27060666368,0
199,1724717039965,899,800,800,823,846,848,844,892,830,800,808,799,800,799,800,799,800,800,848,872,826,892,892,800,901,828,800,800,800,800,800,848,0,0,0,4.761904716491699,0,0,0,0,0,0,0,0,0,4.761904716491699,0,0,0,0,0,0,0,0,0,0,0,0,0,0,4.761904716491699,0,100,0,34884.498107910156,20067.71893310547,0,404335509504,0,27060674560,0
199,1724717040165,899,800,800,823,846,848,844,892,830,800,808,799,800,799,800,799,800,800,848,872,826,892,892,800,901,828,800,800,800,800,800,848,0,0,5,5,4.761904716491699,4.761904716491699,5,5,4.761904716491699,4.761904716491699,0,0,5,0,4.761904716491699,5,5,0,0,0,5,0,0,0,0,0,0,0,5,0,100,4.761904716491699,34886.518615722656,20072.93408203125,0,404335509504,0,27060953088,0
199,1724717040365,899,800,800,823,846,848,844,892,830,800,808,799,800,799,800,799,800,800,848,872,826,892,892,800,901,828,800,800,800,800,800,848,0,0,0,0,0,0,0,0,0,0,0,5,0,5,0,0,0,0,0,0,0,0,0,0,0,0,4.761904716491699,0,0,0,100,0,34888.45391845703,20078.077697753906,0,404335509504,0,27060965376,0
199,1724717040566,899,800,800,823,846,848,844,892,830,800,808,799,800,799,800,799,800,800,848,872,826,892,892,800,901,828,800,800,800,800,800,848,0,5,5,0,0,0,4.761904716491699,5,0,0,0,5,15.000000953674316,9.523809432983398,0,0,5,0,0,0,0,5,0,5,5,0,5,4.761904716491699,0,5,100,0,34890.48132324219,20083.385314941406,0,404335509504,0,27061022720,0
199,1724717040766,899,800,800,823,846,848,844,892,830,800,808,799,800,799,800,799,800,800,848,872,826,892,892,800,901,828,800,800,800,800,800,848,0,0,0,0,0,0,0,0,0,0,0,9.523809432983398,0,0,0,0,0,0,0,0,0,0,0,0,0,4.761904716491699,0,0,0,0,100,0,34892.42248535156,20088.662048339844,0,404335509504,0,27058921472,0
199,1724717040966,899,800,800,823,846,848,844,892,830,800,808,799,800,799,800,799,800,800,848,872,826,892,892,800,901,828,800,800,800,800,800,848,5,0,0,0,0,0,0,0,0,19.047618865966797,35,5,10,0,0,0,0,0,4.761904716491699,4.761904716491699,0,0,4.761904716491699,0,4.761904716491699,9.523809432983398,20,4.761904716491699,0,5,100,4.761904716491699,34894.51428222656,20094.201232910156,0,404335509504,0,27059253248,0
199,1724717041166,899,800,800,823,846,848,844,892,830,800,808,799,800,799,800,799,800,800,848,872,826,892,892,800,901,828,800,800,800,800,800,848,5,0,0,0,0,0,0,0,0,19.047618865966797,35,5,10,0,0,0,0,0,4.761904716491699,4.761904716491699,0,0,4.761904716491699,0,4.761904716491699,9.523809432983398,20,4.761904716491699,0,5,100,4.761904716491699,34896.68371582031,20099.894897460938,0,404335509504,0,27059535872,0
199,1724717041366,899,800,800,823,846,848,844,892,830,800,808,799,800,799,800,799,800,800,848,872,826,892,892,800,901,828,800,800,800,800,800,848,0,2.5,2.5,2.4390242099761963,2.5,2.5,2.5,4.878048419952393,2.5,4.878048419952393,2.4390242099761963,0,2.5,41.46341323852539,2.5,2.5,7.317072868347168,2.4390242099761963,2.5,0,4.878048419952393,2.5,0,2.5,0,2.5,2.5,2.5641026496887207,2.5,0,100,2.5,34898.689392089844,20105.133911132813,0,404335509504,0,27057221632,0
199,1724717041566,899,800,800,823,846,848,844,892,830,800,808,799,800,799,800,799,800,800,848,872,826,892,892,800,901,828,800,800,800,800,800,848,0,0,0,0,0,0,0,0,0,0,5,0,0,0,0,0,0,0,0,0,0,0,0,0,0,0,0,0,0,0,100,0,34900.64031982422,20110.25128173828,0,404335509504,0,27057221632,0
199,1724717041766,899,800,800,823,846,848,844,892,830,800,808,799,800,799,800,799,800,800,848,872,826,892,892,800,901,828,800,800,800,800,800,848,9.523809432983398,0,0,0,0,0,0,0,0,0,0,0,0,0,0,0,0,0,0,0,0,0,0,0,0,0,0,0,0,0,100,0,34902.55596923828,20115.48846435547,0,404335509504,0,27057221632,0
199,1724717041966,899,800,800,823,846,848,844,892,830,800,808,799,800,799,800,799,800,800,848,872,826,892,892,800,901,828,800,800,800,800,800,848,0,0,0,0,0,0,0,0,0,0,0,0,0,0,0,0,0,0,5,0,0,0,0,0,0,0,0,0,0,0,100,0,34904.46447753906,20120.6767578125,0,404335509504,0,27057221632,0
199,1724717042167,899,800,800,823,846,848,844,892,830,800,808,799,800,799,800,799,800,800,848,872,826,892,892,800,901,828,800,800,800,800,800,848,0,4.761904716491699,0,0,0,0,0,0,0,0,0,0,0,0,0,0,0,0,0,0,0,0,0,0,0,0,0,0,0,9.523809432983398,100,0,34906.4765625,20125.931884765625,0,404335509504,0,27057221632,0
199,1724717042367,899,800,800,823,846,848,844,892,830,800,808,799,800,799,800,799,800,800,848,872,826,892,892,800,901,828,800,800,800,800,800,848,5.263157844543457,0,0,0,0,0,0,0,0,0,0,0,0,0,0,0,0,0,0,0,0,0,0,0,0,0,0,0,0,0,100,0,34908.417053222656,20131.10125732422,0,404335509504,0,27057221632,0
199,1724717042567,899,800,800,823,846,848,844,892,830,800,808,799,800,799,800,799,800,800,848,872,826,892,892,800,901,828,800,800,800,800,800,848,5.263157844543457,0,0,0,0,0,0,0,0,0,0,0,0,0,0,0,0,0,0,0,0,0,0,0,0,0,0,0,0,0,100,0,34910.32604980469,20136.26531982422,0,404335509504,0,27057221632,0
199,1724717042767,899,800,800,823,846,848,844,892,830,800,808,799,800,799,800,799,800,800,848,872,826,892,892,800,901,828,800,800,800,800,800,848,5,0,0,0,0,0,0,0,0,0,0,0,0,0,0,0,0,0,0,0,0,0,0,0,0,0,0,0,0,0,100,0,34912.22412109375,20141.494079589844,0,404335509504,0,27057221632,0
199,1724717042967,899,800,800,823,846,848,844,892,830,800,808,799,800,799,800,799,800,800,848,872,826,892,892,800,901,828,800,800,800,800,800,848,0,0,0,0,0,0,0,0,0,0,4.761904716491699,0,0,0,0,0,0,0,0,0,0,0,0,0,0,0,0,0,0,0,100,0,34914.199462890625,20146.658813476563,0,404335509504,0,27057221632,0
199,1724717043167,899,800,800,823,846,848,844,892,830,800,808,799,800,799,800,799,800,800,848,872,826,892,892,800,901,828,800,800,800,800,800,848,5,0,9.523809432983398,0,0,0,0,0,0,0,0,0,4.761904716491699,0,0,0,0,0,0,0,0,0,0,0,0,0,0,0,0,0,100,0,34916.116943359375,20151.88592529297,0,404335509504,0,27057221632,0
199,1724717043368,899,800,800,823,846,848,844,892,830,800,808,799,800,799,800,799,800,800,848,872,826,892,892,800,901,828,800,800,800,800,800,848,0,0,0,0,0,0,0,0,0,0,0,0,4.761904716491699,0,0,0,0,0,0,0,0,0,0,0,0,0,0,0,0,0,100,0,34918.07989501953,20157.033569335938,0,404335509504,0,27057221632,0
199,1724717043568,899,800,800,823,846,848,844,892,830,800,808,799,800,799,800,799,800,800,848,872,826,892,892,800,901,828,800,800,800,800,800,848,4.761904716491699,0,0,0,0,0,0,0,0,0,0,0,0,0,0,0,0,0,0,0,0,0,0,0,0,0,0,0,0,0,100,0,34919.9970703125,20162.1455078125,0,404335509504,0,27057221632,0
199,1724717043768,899,800,800,823,846,848,844,892,830,800,808,799,800,799,800,799,800,800,848,872,826,892,892,800,901,828,800,800,800,800,800,848,0,0,0,0,0,0,0,0,0,0,0,0,0,0,4.761904716491699,0,0,0,0,0,0,0,0,0,0,0,0,0,0,0,100,0,34921.91394042969,20167.26629638672,0,404335509504,0,27057221632,0
199,1724717043968,899,800,800,823,846,848,844,892,830,800,808,799,800,799,800,799,800,800,848,872,826,892,892,800,901,828,800,800,800,800,800,848,0,0,0,0,0,0,0,0,0,0,0,0,0,0,0,0,0,0,0,0,0,0,0,0,0,0,0,0,0,0,100,0,34923.809326171875,20172.37420654297,0,404335509504,0,27057225728,0
199,1724717044168,899,800,800,823,846,848,844,892,830,800,808,799,800,799,800,799,800,800,848,872,826,892,892,800,901,828,800,800,800,800,800,848,0,0,0,0,0,0,0,0,0,0,0,0,0,5,5,0,4.761904716491699,0,0,0,4.761904716491699,0,0,0,0,4.761904716491699,0,0,0,0,100,0,34925.687561035156,20177.63037109375,0,404335509504,0,27055071232,0
199,1724717044368,899,800,800,823,846,848,844,892,830,800,808,799,800,799,800,799,800,800,848,872,826,892,892,800,901,828,800,800,800,800,800,848,0,0,0,0,0,0,0,0,0,0,0,0,0,5,0,0,0,0,0,0,0,0,0,0,0,0,0,0,0,0,100,0,34927.609924316406,20182.83709716797,0,404335509504,0,27055071232,0
199,1724717044568,899,800,800,823,846,848,844,892,830,800,808,799,800,799,800,799,800,800,848,872,826,892,892,800,901,828,800,800,800,800,800,848,0,0,0,0,0,0,0,0,0,0,0,4.761904716491699,0,0,0,0,0,0,0,4.761904716491699,0,0,0,0,0,0,0,0,0,4.761904716491699,100,0,34929.564208984375,20188.067443847656,0,404335509504,0,27055071232,0
199,1724717044768,899,800,800,823,846,848,844,892,830,800,808,799,800,799,800,799,800,800,848,872,826,892,892,800,901,828,800,800,800,800,800,848,0,0,0,0,0,0,0,0,0,0,0,0,0,0,0,0,0,0,0,0,0,0,0,0,0,0,0,0,0,0,100,0,34931.50701904297,20193.14959716797,0,404335509504,0,27055071232,0
199,1724717044969,899,800,800,823,846,848,844,892,830,800,808,799,800,799,800,799,800,800,848,872,826,892,892,800,901,828,800,800,800,800,800,848,0,0,0,0,0,0,0,0,0,0,0,0,0,0,0,0,0,0,0,0,0,0,0,0,0,0,0,0,0,0,100,0,34933.41973876953,20198.17840576172,0,404335509504,0,27055071232,0
199,1724717045169,899,800,800,823,846,848,844,892,830,800,808,799,800,799,800,799,800,800,848,872,826,892,892,800,901,828,800,800,800,800,800,848,0,0,0,0,0,0,0,0,0,0,0,0,0,0,0,0,5,0,0,0,0,0,0,0,0,4.761904716491699,0,0,0,0,100,0,34935.37030029297,20203.262573242188,0,404335509504,0,27055071232,0
199,1724717045369,899,800,800,823,846,848,844,892,830,800,808,799,800,799,800,799,800,800,848,872,826,892,892,800,901,828,800,800,800,800,800,848,0,0,0,0,4.761904716491699,0,0,0,0,0,14.285715103149414,0,0,0,0,0,0,0,0,0,0,0,0,0,0,0,0,0,0,0,100,0,34937.28985595703,20208.457641601563,0,404335509504,0,27055071232,0
199,1724717045569,899,800,800,823,846,848,844,892,830,800,808,799,800,799,800,799,800,800,848,872,826,892,892,800,901,828,800,800,800,800,800,848,0,5,0,4.761904716491699,5,0,4.761904716491699,4.761904716491699,0,5,0,0,25,0,0,5,0,0,5,0,0,0,5,0,0,0,5,0,5.263157844543457,0,100,0,34939.27557373047,20213.80859375,0,404335509504,0,27055071232,0
199,1724717045769,899,800,800,823,846,848,844,892,830,800,808,799,800,799,800,799,800,800,848,872,826,892,892,800,901,828,800,800,800,800,800,848,0,0,0,0,0,0,0,0,0,0,0,0,0,0,0,0,0,0,0,0,0,0,0,0,0,0,0,0,4.761904716491699,0,100,0,34941.15948486328,20219.028076171875,0,404335509504,0,27055071232,0
199,1724717045969,899,800,800,823,846,848,844,892,830,800,808,799,800,799,800,799,800,800,848,872,826,892,892,800,901,828,800,800,800,800,800,848,0,0,0,0,0,0,0,0,0,0,0,0,0,0,0,0,0,0,0,0,0,0,0,0,0,0,0,0,4.761904716491699,0,100,0,34943.370361328125,20224.363159179688,0,404335509504,0,27055079424,0
199,1724717046169,899,800,800,823,846,848,844,892,830,800,808,799,800,799,800,799,800,800,848,872,826,892,892,800,901,828,800,800,800,800,800,848,30.000001907348633,5,17.073171615600586,2.5641026496887207,7.500000476837158,5,5,5.128205299377441,7.500000476837158,25,7.317072868347168,5,7.500000476837158,7.500000476837158,7.317072868347168,9.756096839904785,5.128205299377441,5,20,5,5,5,7.500000476837158,4.878048419952393,7.692307949066162,5,4.878048419952393,5,5,2.5641026496887207,100,5.128205299377441,34945.499267578125,20230.096740722656,0,404335509504,0,27055079424,0
199,1724717046370,899,800,800,823,846,848,844,892,830,800,808,799,800,799,800,799,800,800,848,872,826,892,892,800,901,828,800,800,800,800,800,848,0,0,0,0,0,0,0,0,0,0,0,0,0,0,0,0,0,0,0,0,0,0,0,0,0,0,0,0,0,0,100,0,34947.417541503906,20235.158325195313,0,404335509504,0,27055079424,0
199,1724717046570,899,800,800,823,846,848,844,892,830,800,808,799,800,799,800,799,800,800,848,872,826,892,892,800,901,828,800,800,800,800,800,848,0,0,0,0,0,0,0,0,0,0,0,0,0,0,0,0,0,0,0,4.761904716491699,0,0,9.523809432983398,0,0,0,0,0,0,0,100,0,34949.33312988281,20240.274291992188,0,404335509504,0,27055083520,0
199,1724717046770,899,800,800,823,846,848,844,892,830,800,808,799,800,799,800,799,800,800,848,872,826,892,892,800,901,828,800,800,800,800,800,848,4.761904716491699,0,0,0,0,0,0,0,0,0,0,0,0,0,0,0,0,0,0,0,0,0,0,0,0,0,0,0,0,0,100,0,34951.27355957031,20245.410705566406,0,404335509504,0,27055083520,0
199,1724717046970,899,800,800,823,846,848,844,892,830,800,808,799,800,799,800,799,800,800,848,872,826,892,892,800,901,828,800,800,800,800,800,848,0,0,0,0,0,0,0,0,0,0,0,0,0,0,0,0,0,0,0,0,0,0,0,0,0,4.761904716491699,0,0,0,0,100,0,34953.18200683594,20250.472290039063,0,404335509504,0,27055083520,0
199,1724717047170,899,800,800,823,846,848,844,892,830,800,808,799,800,799,800,799,800,800,848,872,826,892,892,800,901,828,800,800,800,800,800,848,0,0,0,0,0,5,0,0,0,0,0,0,0,0,0,0,4.761904716491699,0,0,0,0,0,5,0,0,4.761904716491699,0,0,4.761904716491699,4.761904716491699,100,0,34955.11901855469,20255.613220214844,0,404335509504,0,27055091712,0
199,1724717047370,899,800,800,823,846,848,844,892,830,800,808,799,800,799,800,799,800,800,848,872,826,892,892,800,901,828,800,800,800,800,800,848,0,0,0,0,0,0,0,0,0,0,0,0,0,0,0,0,0,0,0,0,0,0,4.761904716491699,0,0,0,0,0,0,0,100,0,34957.00994873047,20260.748107910156,0,404335509504,0,27055091712,0
199,1724717047570,899,800,800,823,846,848,844,892,830,800,808,799,800,799,800,799,800,800,848,872,826,892,892,800,901,828,800,800,800,800,800,848,0,0,0,0,0,0,0,0,0,0,0,0,0,0,0,0,0,0,0,0,0,0,0,0,0,0,0,0,0,0,100,0,34958.889099121094,20265.937133789063,0,404335509504,0,27055091712,0
199,1724717047770,899,800,800,823,846,848,844,892,830,800,808,799,800,799,800,799,800,800,848,872,826,892,892,800,901,828,800,800,800,800,800,848,0,0,0,0,0,0,0,0,0,0,0,0,0,0,0,0,0,0,0,0,0,0,0,0,0,4.761904716491699,0,0,0,0,100,0,34960.763732910156,20270.97430419922,0,404335509504,0,27055091712,0
199,1724717047971,899,800,800,823,846,848,844,892,830,800,808,799,800,799,800,799,800,800,848,872,826,892,892,800,901,828,800,800,800,800,800,848,0,0,0,0,0,0,0,0,0,0,0,0,0,0,0,0,0,0,0,0,0,0,4.761904716491699,0,0,0,0,0,0,0,100,0,34962.637634277344,20276.106872558594,0,404335509504,0,27055091712,0
199,1724717048171,899,800,800,823,846,848,844,892,830,800,808,799,800,799,800,799,800,800,848,872,826,892,892,800,901,828,800,800,800,800,800,848,0,0,5,0,5,0,0,0,0,0,0,0,5,0,0,0,0,0,0,0,4.761904716491699,0,0,0,0,4.761904716491699,0,0,0,0,100,4.761904716491699,34964.52069091797,20281.227416992188,0,404335509504,0,27055091712,0
199,1724717048371,899,800,800,823,846,848,844,892,830,800,808,799,800,799,800,799,800,800,848,872,826,892,892,800,901,828,800,800,800,800,800,848,0,0,5,0,5,0,0,0,0,0,0,0,5,0,0,0,0,0,0,0,4.761904716491699,0,0,0,0,4.761904716491699,0,0,0,0,100,4.761904716491699,34966.335205078125,20286.39825439453,0,404335509504,0,27055091712,0
199,1724717048571,899,800,800,823,846,848,844,892,830,800,808,799,800,799,800,799,800,800,848,872,826,892,892,800,901,828,800,800,800,800,800,848,0,0,0,0,2.5,0,0,0,0,0,0,0,2.4390242099761963,0,0,0,0,0,0,0,0,0,0,0,0,0,0,0,0,2.5,100,0,34968.215393066406,20291.671508789063,0,404335509504,0,27055140864,0
199,1724717048771,899,800,800,823,846,848,844,892,830,800,808,799,800,799,800,799,800,800,848,872,826,892,892,800,901,828,800,800,800,800,800,848,0,0,0,0,0,0,0,0,0,0,0,0,0,0,0,4.761904716491699,0,0,0,0,0,0,5,0,0,0,0,0,0,0,100,0,34970.083740234375,20296.775024414063,0,404335509504,0,27055091712,0
199,1724717048971,899,800,800,823,846,848,844,892,830,800,808,799,800,799,800,799,800,800,848,872,826,892,892,800,901,828,800,800,800,800,800,848,0,0,0,0,0,0,0,0,0,0,0,0,0,0,0,0,0,0,0,4.761904716491699,4.761904716491699,0,0,0,0,0,0,0,0,0,100,0,34971.93786621094,20301.930603027344,0,404335509504,0,27055091712,0
199,1724717049171,899,800,800,823,846,848,844,892,830,800,808,799,800,799,800,799,800,800,848,872,826,892,892,800,901,828,800,800,800,800,800,848,0,0,0,0,0,0,0,0,0,0,0,0,0,0,0,0,0,0,0,4.761904716491699,4.761904716491699,0,0,0,0,0,0,0,0,0,100,0,34973.832458496094,20307.01318359375,0,404335509504,0,27055108096,0
199,1724717049372,899,800,800,823,846,848,844,892,830,800,808,799,800,799,800,799,800,800,848,872,826,892,892,800,901,828,800,800,800,800,800,848,0,0,0,0,0,0,0,0,0,0,0,0,0,0,0,0,5,0,0,0,2.5,0,0,0,0,2.5641026496887207,0,0,0,0,100,0,34975.76477050781,20312.249755859375,0,404335509504,0,27055108096,0
199,1724717049572,899,800,800,823,846,848,844,892,830,800,808,799,800,799,800,799,800,800,848,872,826,892,892,800,901,828,800,800,800,800,800,848,0,0,0,0,0,0,0,0,0,0,0,0,0,0,0,0,0,0,0,0,0,0,0,0,0,0,0,0,0,0,100,0,34977.62060546875,20317.334594726563,0,404335509504,0,27055108096,0
199,1724717049772,899,800,800,823,846,848,844,892,830,800,808,799,800,799,800,799,800,800,848,872,826,892,892,800,901,828,800,800,800,800,800,848,0,0,0,0,0,0,0,0,0,0,0,0,0,0,0,0,0,0,0,0,0,0,0,0,0,0,0,0,0,0,100,0,34979.481994628906,20322.447875976563,0,404335509504,0,27055108096,0
199,1724717049972,899,800,800,823,846,848,844,892,830,800,808,799,800,799,800,799,800,800,848,872,826,892,892,800,901,828,800,800,800,800,800,848,0,0,0,0,0,0,0,0,0,0,0,0,0,0,0,0,0,0,0,0,0,0,0,0,0,0,0,0,0,0,100,0,34981.33874511719,20327.583740234375,0,404335509504,0,27055108096,0
199,1724717050172,899,800,800,823,846,848,844,892,830,800,808,799,800,799,800,799,800,800,848,872,826,892,892,800,901,828,800,800,800,800,800,848,0,0,0,0,0,0,0,0,0,0,0,0,0,0,0,0,0,0,0,0,0,0,0,0,0,0,0,0,0,0,100,0,34983.2509765625,20332.726440429688,0,404335509504,0,27055112192,0
199,1724717050372,899,800,800,823,846,848,844,892,830,800,808,799,800,799,800,799,800,800,848,872,826,892,892,800,901,828,800,800,800,800,800,848,2.5,0,0,0,0,0,0,0,0,0,0,0,2.5,0,0,0,0,0,0,0,0,0,0,0,0,2.5,0,0,0,0,100,2.4390242099761963,34985.146728515625,20337.885314941406,0,404335509504,0,27055112192,0
199,1724717050572,899,800,800,823,846,848,844,892,830,800,808,799,800,799,800,799,800,800,848,872,826,892,892,800,901,828,800,800,800,800,800,848,5,0,4.761904716491699,0,5,0,0,4.761904716491699,0,5,5,0,20,0,0,5,0,4.761904716491699,0,0,9.523809432983398,0,0,0,5,5,5,0,0,5,100,5,34987.148864746094,20343.268310546875,0,404335509504,0,27055112192,0
199,1724717050772,899,800,800,823,846,848,844,892,830,800,808,799,800,799,800,799,800,800,848,872,826,892,892,800,901,828,800,800,800,800,800,848,5,0,4.761904716491699,0,5,0,0,4.761904716491699,0,5,5,0,20,0,0,5,0,4.761904716491699,0,0,9.523809432983398,0,0,0,5,5,5,0,0,5,100,5,34989.03564453125,20348.352966308594,0,404335509504,0,27055112192,0
199,1724717050972,899,800,800,823,846,848,844,892,830,800,808,799,800,799,800,799,800,800,848,872,826,892,892,800,901,828,800,800,800,800,800,848,7.500000476837158,0,2.5,2.5,2.5641026496887207,5,2.5,0,2.5,2.5641026496887207,7.500000476837158,4.878048419952393,2.5,2.5,2.5,20,2.4390242099761963,0,2.5,2.5,2.5641026496887207,2.5,0,2.5,2.5,5,2.5,2.5,2.4390242099761963,2.5,100,2.5,34991.099060058594,20353.896362304688,0,404335509504,0,27055112192,0
199,1724717051173,899,800,800,823,846,848,844,892,830,800,808,799,800,799,800,799,800,800,848,872,826,892,892,800,901,828,800,800,800,800,800,848,0,0,0,0,80.95238494873047,0,0,0,0,0,0,0,0,0,0,0,0,0,0,0,0,9.523809432983398,0,0,0,0,5,0,0,0,100,0,34993.12609863281,20359.07891845703,0,404335509504,0,27055112192,0
199,1724717051373,899,800,800,823,846,848,844,892,830,800,808,799,800,799,800,799,800,800,848,872,826,892,892,800,901,828,800,800,800,800,800,848,0,0,0,0,0,0,0,0,0,0,0,0,0,0,0,0,0,0,0,0,0,0,0,0,0,0,0,0,0,0,100,0,34995.044921875,20364.17626953125,0,404335509504,0,27055112192,0
199,1724717051573,899,800,800,823,846,848,844,892,830,800,808,799,800,799,800,799,800,800,848,872,826,892,892,800,901,828,800,800,800,800,800,848,0,0,0,0,0,0,0,0,0,0,0,0,0,0,0,0,0,0,0,0,0,0,0,0,0,0,0,0,0,0,100,0,34996.96691894531,20369.33154296875,0,404335509504,0,27055112192,0
199,1724717051773,899,800,800,823,846,848,844,892,830,800,808,799,800,799,800,799,800,800,848,872,826,892,892,800,901,828,800,800,800,800,800,848,0,0,0,0,9.523809432983398,0,0,0,0,0,0,0,0,0,0,0,0,0,0,0,0,0,0,0,0,0,0,0,0,0,100,0,34998.819091796875,20374.504516601563,0,404335509504,0,27055112192,0
199,1724717051973,899,800,800,823,846,848,844,892,830,800,808,799,800,799,800,799,800,800,848,872,826,892,892,800,901,828,800,800,800,800,800,848,0,0,0,0,5,0,0,0,0,0,0,0,0,0,0,0,0,0,0,0,0,0,0,0,0,0,0,0,0,0,100,0,35000.64599609375,20379.682861328125,0,404335509504,0,27055116288,0
199,1724717052174,899,800,800,823,846,848,844,892,830,800,808,799,800,799,800,799,800,800,848,872,826,892,892,800,901,828,800,800,800,800,800,848,0,0,0,0,0,0,0,0,0,0,0,0,5,0,0,0,0,4.761904716491699,0,0,0,0,0,0,0,0,0,0,0,0,100,0,35002.5859375,20384.89337158203,0,404335509504,0,27055124480,0
0,1724717052373,899,800,800,823,846,848,844,892,830,800,808,799,800,799,800,799,800,800,848,872,826,892,892,800,901,828,800,800,800,800,800,848,0,0,0,0,0,0,0,0,0,0,0,0,5,0,0,0,0,4.761904716491699,0,0,0,0,0,0,0,0,0,0,0,0,100,0,35003.76794433594,20388.769592285156,0,404335509504,0,27051532288,0
