Delta,Time,CPU_FREQUENCY_0,CPU_FREQUENCY_1,CPU_FREQUENCY_10,CPU_FREQUENCY_11,CPU_FREQUENCY_12,CPU_FREQUENCY_13,CPU_FREQUENCY_14,CPU_FREQUENCY_15,CPU_FREQUENCY_16,CPU_FREQUENCY_17,CPU_FREQUENCY_18,CPU_FREQUENCY_19,CPU_FREQUENCY_2,CPU_FREQUENCY_20,CPU_FREQUENCY_21,CPU_FREQUENCY_22,CPU_FREQUENCY_23,CPU_FREQUENCY_24,CPU_FREQUENCY_25,CPU_FREQUENCY_26,CPU_FREQUENCY_27,CPU_FREQUENCY_28,CPU_FREQUENCY_29,CPU_FREQUENCY_3,CPU_FREQUENCY_30,CPU_FREQUENCY_31,CPU_FREQUENCY_4,CPU_FREQUENCY_5,CPU_FREQUENCY_6,CPU_FREQUENCY_7,CPU_FREQUENCY_8,CPU_FREQUENCY_9,CPU_USAGE_0,CPU_USAGE_1,CPU_USAGE_10,CPU_USAGE_11,CPU_USAGE_12,CPU_USAGE_13,CPU_USAGE_14,CPU_USAGE_15,CPU_USAGE_16,CPU_USAGE_17,CPU_USAGE_18,CPU_USAGE_19,CPU_USAGE_2,CPU_USAGE_20,CPU_USAGE_21,CPU_USAGE_22,CPU_USAGE_23,CPU_USAGE_24,CPU_USAGE_25,CPU_USAGE_26,CPU_USAGE_27,CPU_USAGE_28,CPU_USAGE_29,CPU_USAGE_3,CPU_USAGE_30,CPU_USAGE_31,CPU_USAGE_4,CPU_USAGE_5,CPU_USAGE_6,CPU_USAGE_7,CPU_USAGE_8,CPU_USAGE_9,DRAM_ENERGY (J),PACKAGE_ENERGY (J),PP0_ENERGY (J),TOTAL_MEMORY,TOTAL_SWAP,USED_MEMORY,USED_SWAP
0,1727473642418,840,808,800,801,800,853,819,800,863,803,830,1945,857,831,852,919,803,829,800,801,803,800,803,809,827,800,831,845,889,802,846,800,4.545454502105713,0,4.761904716491699,0,4.545454502105713,0,4.761904716491699,0,0,4.545454502105713,0,4.761904716491699,0,4.761904716491699,0,4.761904716491699,4.761904716491699,0,0,4.761904716491699,4.761904716491699,4.545454502105713,0,4.545454502105713,4.545454502105713,4.761904716491699,4.761904716491699,4.761904716491699,0,9.090909004211426,4.761904716491699,4.761904716491699,248218.7918701172,244400.27404785156,0,404335493120,8589930496,23652515840,0
199,1727473642418,840,808,800,801,800,853,819,800,863,803,830,1945,857,831,852,919,803,829,800,801,803,800,803,809,827,800,831,845,889,802,846,800,4.545454502105713,0,4.761904716491699,0,4.545454502105713,0,4.761904716491699,0,0,4.545454502105713,0,4.761904716491699,0,4.761904716491699,0,4.761904716491699,4.761904716491699,0,0,4.761904716491699,4.761904716491699,4.545454502105713,0,4.545454502105713,4.545454502105713,4.761904716491699,4.761904716491699,4.761904716491699,0,9.090909004211426,4.761904716491699,4.761904716491699,248218.8041381836,244400.2964477539,0,404335493120,8589930496,23652737024,0
199,1727473642618,840,808,800,801,800,853,819,800,863,803,830,1945,857,831,852,919,803,829,800,801,803,800,803,809,827,800,831,845,889,802,846,800,0,0,0,0,0,0,0,0,0,0,0,0,0,0,0,0,100,0,0,0,0,0,0,0,0,0,0,0,4.761904716491699,0,0,0,248220.82537841797,244405.0438232422,0,404335493120,8589930496,23656112128,0
199,1727473642818,840,808,800,801,800,853,819,800,863,803,830,1945,857,831,852,919,803,829,800,801,803,800,803,809,827,800,831,845,889,802,846,800,5,5.263157844543457,0,0,5,5,5,10,0,0,5,10,5.263157844543457,10,0,0,100,5.263157844543457,0,4.761904716491699,10,0,5.263157844543457,4.761904716491699,5,9.523809432983398,0,15.000000953674316,5,0,4.761904716491699,18.18181800842285,248223.96405029297,244410.55780029297,0,404335493120,8589930496,23656226816,0
199,1727473643019,840,808,800,801,800,853,819,800,863,803,830,1945,857,831,852,919,803,829,800,801,803,800,803,809,827,800,831,845,889,802,846,800,5,5.263157844543457,0,0,5,5,5,10,0,0,5,10,5.263157844543457,10,0,0,100,5.263157844543457,0,4.761904716491699,10,0,5.263157844543457,4.761904716491699,5,9.523809432983398,0,15.000000953674316,5,0,4.761904716491699,18.18181800842285,248228.29956054688,244417.13537597656,0,404335493120,8589930496,23656230912,0
199,1727473643219,840,808,800,801,800,853,819,800,863,803,830,1945,857,831,852,919,803,829,800,801,803,800,803,809,827,800,831,845,889,802,846,800,5,0,2.5641026496887207,0,0,0,0,0,0,2.4390242099761963,2.5,0,0,2.4390242099761963,0,0,100,2.5,0,0,0,0,0,0,0,2.5641026496887207,0,0,0,0,2.5,0,248232.63610839844,244423.8056640625,0,404335493120,8589930496,23656230912,0
199,1727473643419,840,808,800,801,800,853,819,800,863,803,830,1945,857,831,852,919,803,829,800,801,803,800,803,809,827,800,831,845,889,802,846,800,0,0,0,0,0,0,0,0,0,0,0,0,0,0,0,0,100,0,0,0,0,0,0,0,0,0,0,0,0,0,0,0,248237.0103149414,244430.4966430664,0,404335493120,8589930496,23656230912,0
199,1727473643619,840,808,800,801,800,853,819,800,863,803,830,1945,857,831,852,919,803,829,800,801,803,800,803,809,827,800,831,845,889,802,846,800,0,0,0,0,0,0,0,0,0,0,0,0,0,0,0,0,100,0,0,0,0,0,0,0,0,0,0,0,0,0,0,0,248241.3627319336,244437.17944335938,0,404335493120,8589930496,23656235008,0
199,1727473643819,840,808,800,801,800,853,819,800,863,803,830,1945,857,831,852,919,803,829,800,801,803,800,803,809,827,800,831,845,889,802,846,800,0,0,0,0,0,0,0,0,0,0,0,0,0,0,0,0,100,0,0,0,0,0,0,0,0,0,0,0,0,0,0,0,248245.6791381836,244443.84783935547,0,404335493120,8589930496,23656235008,0
199,1727473644019,840,808,800,801,800,853,819,800,863,803,830,1945,857,831,852,919,803,829,800,801,803,800,803,809,827,800,831,845,889,802,846,800,0,0,0,0,0,0,0,0,0,0,0,0,0,0,0,0,100,0,0,0,0,0,0,0,0,0,0,0,0,0,0,0,248250.0453491211,244450.51928710938,0,404335493120,8589930496,23656235008,0
199,1727473644219,840,808,800,801,800,853,819,800,863,803,830,1945,857,831,852,919,803,829,800,801,803,800,803,809,827,800,831,845,889,802,846,800,0,0,0,0,0,0,0,0,0,0,0,0,0,0,0,0,100,0,0,0,0,0,0,0,0,0,0,0,0,0,0,0,248254.38458251953,244457.1655883789,0,404335493120,8589930496,23656235008,0
199,1727473644419,840,808,800,801,800,853,819,800,863,803,830,1945,857,831,852,919,803,829,800,801,803,800,803,809,827,800,831,845,889,802,846,800,0,0,0,0,0,0,0,0,0,0,0,0,0,0,0,0,100,0,0,0,0,0,0,0,0,0,0,0,0,0,0,0,248258.75634765625,244463.82690429688,0,404335493120,8589930496,23656235008,0
199,1727473644620,840,808,800,801,800,853,819,800,863,803,830,1945,857,831,852,919,803,829,800,801,803,800,803,809,827,800,831,845,889,802,846,800,0,0,0,0,0,0,0,0,0,0,0,0,0,0,0,0,100,0,0,0,0,0,0,0,0,0,0,0,0,0,0,0,248263.14276123047,244470.48345947266,0,404335493120,8589930496,23656235008,0
199,1727473644820,840,808,800,801,800,853,819,800,863,803,830,1945,857,831,852,919,803,829,800,801,803,800,803,809,827,800,831,845,889,802,846,800,0,0,0,0,0,0,0,0,0,0,0,0,0,0,0,0,100,0,0,0,0,0,0,0,0,0,0,0,0,0,0,0,248267.52661132813,244477.1548461914,0,404335493120,8589930496,23656235008,0
199,1727473645020,840,808,800,801,800,853,819,800,863,803,830,1945,857,831,852,919,803,829,800,801,803,800,803,809,827,800,831,845,889,802,846,800,0,0,0,0,0,0,0,0,0,0,0,0,0,0,0,0,100,0,0,0,0,0,0,0,0,0,0,0,0,0,0,0,248271.91821289063,244483.82104492188,0,404335493120,8589930496,23656235008,0
199,1727473645220,840,808,800,801,800,853,819,800,863,803,830,1945,857,831,852,919,803,829,800,801,803,800,803,809,827,800,831,845,889,802,846,800,0,0,0,0,0,0,0,0,0,0,0,0,0,0,0,0,100,0,0,0,0,0,0,0,0,0,0,0,0,0,0,0,248276.26666259766,244490.49322509766,0,404335493120,8589930496,23656235008,0
199,1727473645420,840,808,800,801,800,853,819,800,863,803,830,1945,857,831,852,919,803,829,800,801,803,800,803,809,827,800,831,845,889,802,846,800,0,0,0,0,0,0,0,0,0,0,0,0,0,0,0,0,100,0,0,0,0,0,0,0,0,0,0,0,0,0,0,0,248280.67962646484,244497.154296875,0,404335493120,8589930496,23656235008,0
199,1727473645620,840,808,800,801,800,853,819,800,863,803,830,1945,857,831,852,919,803,829,800,801,803,800,803,809,827,800,831,845,889,802,846,800,0,0,0,0,0,0,0,0,0,0,0,0,0,0,0,0,100,0,0,0,0,0,0,0,0,0,0,0,0,0,0,0,248285.04956054688,244503.826171875,0,404335493120,8589930496,23656235008,0
199,1727473645820,840,808,800,801,800,853,819,800,863,803,830,1945,857,831,852,919,803,829,800,801,803,800,803,809,827,800,831,845,889,802,846,800,0,0,0,0,0,0,0,0,0,0,0,0,0,0,0,0,100,0,0,0,0,0,0,0,0,0,0,0,0,0,0,0,248289.44860839844,244510.51110839844,0,404335493120,8589930496,23656235008,0
199,1727473646021,840,808,800,801,800,853,819,800,863,803,830,1945,857,831,852,919,803,829,800,801,803,800,803,809,827,800,831,845,889,802,846,800,0,0,0,0,0,0,0,0,0,0,0,0,0,0,0,0,100,0,0,0,0,0,0,0,0,0,0,0,0,0,0,0,248293.87567138672,244517.1727294922,0,404335493120,8589930496,23656235008,0
199,1727473646221,840,808,800,801,800,853,819,800,863,803,830,1945,857,831,852,919,803,829,800,801,803,800,803,809,827,800,831,845,889,802,846,800,0,9.523809432983398,9.523809432983398,10,0,5,9.523809432983398,19.047618865966797,9.523809432983398,0,5,5,9.523809432983398,5,5.263157844543457,4.761904716491699,100,18.18181800842285,9.523809432983398,5.263157844543457,5,9.523809432983398,9.523809432983398,0,10,5,5,9.523809432983398,10,5,5.263157844543457,5,248298.44268798828,244523.99182128906,0,404335493120,8589930496,23542206464,0
199,1727473646421,840,808,800,801,800,853,819,800,863,803,830,1945,857,831,852,919,803,829,800,801,803,800,803,809,827,800,831,845,889,802,846,800,0,9.523809432983398,9.523809432983398,10,0,5,9.523809432983398,19.047618865966797,9.523809432983398,0,5,5,9.523809432983398,5,5.263157844543457,4.761904716491699,100,18.18181800842285,9.523809432983398,5.263157844543457,5,9.523809432983398,9.523809432983398,0,10,5,5,9.523809432983398,10,5,5.263157844543457,5,248302.83532714844,244530.6192626953,0,404335493120,8589930496,23532675072,0
199,1727473646621,840,808,800,801,800,853,819,800,863,803,830,1945,857,831,852,919,803,829,800,801,803,800,803,809,827,800,831,845,889,802,846,800,2.4390242099761963,0,0,0,0,0,0,0,0,0,0,0,0,0,0,0,100,0,0,0,0,0,0,0,0,0,2.5,0,0,0,7.317072868347168,0,248307.27673339844,244537.29956054688,0,404335493120,8589930496,23532675072,0
199,1727473646821,840,808,800,801,800,853,819,800,863,803,830,1945,857,831,852,919,803,829,800,801,803,800,803,809,827,800,831,845,889,802,846,800,0,0,0,0,0,0,0,0,0,0,0,0,0,0,0,0,100,0,0,0,0,0,0,0,0,0,0,0,0,0,0,0,248311.67211914063,244543.98388671875,0,404335493120,8589930496,23532675072,0
199,1727473647021,840,808,800,801,800,853,819,800,863,803,830,1945,857,831,852,919,803,829,800,801,803,800,803,809,827,800,831,845,889,802,846,800,0,0,0,0,0,0,0,0,0,0,0,0,0,0,0,0,100,0,0,0,0,0,0,0,0,0,0,4.761904716491699,0,0,0,0,248316.05267333984,244550.64233398438,0,404335493120,8589930496,23532675072,0
199,1727473647222,840,808,800,801,800,853,819,800,863,803,830,1945,857,831,852,919,803,829,800,801,803,800,803,809,827,800,831,845,889,802,846,800,0,0,0,0,0,0,0,0,0,0,0,0,0,0,0,0,100,0,0,0,0,0,0,0,0,0,0,4.761904716491699,0,0,0,0,248320.41998291016,244557.3207397461,0,404335493120,8589930496,23532675072,0
199,1727473647422,840,808,800,801,800,853,819,800,863,803,830,1945,857,831,852,919,803,829,800,801,803,800,803,809,827,800,831,845,889,802,846,800,0,0,0,0,0,0,0,0,0,0,0,0,0,0,0,0,100,0,0,0,0,0,0,0,0,0,0,4.761904716491699,0,0,0,0,248324.78393554688,244564.00323486328,0,404335493120,8589930496,23532675072,0
199,1727473647622,840,808,800,801,800,853,819,800,863,803,830,1945,857,831,852,919,803,829,800,801,803,800,803,809,827,800,831,845,889,802,846,800,0,0,2.5,0,0,0,0,0,0,0,0,0,0,0,0,0,100,0,0,0,0,0,0,0,0,0,0,0,0,0,0,0,248329.1475830078,244570.67614746094,0,404335493120,8589930496,23532675072,0
199,1727473647822,840,808,800,801,800,853,819,800,863,803,830,1945,857,831,852,919,803,829,800,801,803,800,803,809,827,800,831,845,889,802,846,800,0,0,0,0,0,0,0,0,0,0,0,0,0,0,0,0,100,0,0,0,0,0,0,0,0,0,0,4.761904716491699,0,0,0,0,248333.52471923828,244577.35272216797,0,404335493120,8589930496,23532675072,0
199,1727473648022,840,808,800,801,800,853,819,800,863,803,830,1945,857,831,852,919,803,829,800,801,803,800,803,809,827,800,831,845,889,802,846,800,0,0,0,0,0,0,0,0,0,0,0,0,0,0,0,0,100,0,0,0,0,0,0,0,0,0,0,0,0,0,0,0,248337.94213867188,244584.03466796875,0,404335493120,8589930496,23532675072,0
199,1727473648222,840,808,800,801,800,853,819,800,863,803,830,1945,857,831,852,919,803,829,800,801,803,800,803,809,827,800,831,845,889,802,846,800,0,0,0,0,0,0,0,0,0,0,0,0,0,0,0,0,100,0,0,0,0,0,0,0,0,0,0,0,0,0,0,0,248342.330078125,244590.67889404297,0,404335493120,8589930496,23532675072,0
199,1727473648422,840,808,800,801,800,853,819,800,863,803,830,1945,857,831,852,919,803,829,800,801,803,800,803,809,827,800,831,845,889,802,846,800,0,0,0,0,0,0,0,0,0,0,0,0,0,0,0,0,100,0,0,0,0,0,0,0,0,0,0,0,0,0,0,0,248346.74481201172,244597.39721679688,0,404335493120,8589930496,23532675072,0
199,1727473648622,840,808,800,801,800,853,819,800,863,803,830,1945,857,831,852,919,803,829,800,801,803,800,803,809,827,800,831,845,889,802,846,800,0,0,0,0,0,0,0,0,0,0,0,0,0,0,0,0,100,0,0,0,0,0,0,0,0,0,0,0,0,0,0,0,248351.14288330078,244604.08575439453,0,404335493120,8589930496,23532748800,0
199,1727473648822,840,808,800,801,800,853,819,800,863,803,830,1945,857,831,852,919,803,829,800,801,803,800,803,809,827,800,831,845,889,802,846,800,0,0,0,0,0,0,0,0,0,0,0,0,0,0,0,0,100,0,0,0,0,0,0,0,0,0,0,0,0,0,0,0,248355.55639648438,244610.77630615234,0,404335493120,8589930496,23532748800,0
199,1727473649023,840,808,800,801,800,853,819,800,863,803,830,1945,857,831,852,919,803,829,800,801,803,800,803,809,827,800,831,845,889,802,846,800,0,0,0,0,0,0,0,0,0,0,0,0,0,0,0,0,100,0,0,0,0,0,0,0,0,0,0,0,0,0,0,0,248359.94165039063,244617.4819946289,0,404335493120,8589930496,23532752896,0
199,1727473649223,840,808,800,801,800,853,819,800,863,803,830,1945,857,831,852,919,803,829,800,801,803,800,803,809,827,800,831,845,889,802,846,800,0,0,0,0,0,0,0,0,0,0,0,0,0,0,0,0,95.23809814453125,0,0,0,0,0,0,0,0,0,0,0,0,5,0,0,248364.3226928711,244624.16729736328,0,404335493120,8589930496,23532826624,0
199,1727473649423,840,808,800,801,800,853,819,800,863,803,830,1945,857,831,852,919,803,829,800,801,803,800,803,809,827,800,831,845,889,802,846,800,0,0,0,0,0,0,0,0,0,0,0,0,0,0,0,0,0,0,0,0,0,0,0,0,0,0,0,0,0,100,0,0,248368.6909790039,244630.85845947266,0,404335493120,8589930496,23532826624,0
199,1727473649623,840,808,800,801,800,853,819,800,863,803,830,1945,857,831,852,919,803,829,800,801,803,800,803,809,827,800,831,845,889,802,846,800,0,0,0,0,0,0,0,0,0,0,0,0,0,0,0,0,0,0,0,0,0,0,0,0,0,0,0,0,0,100,0,0,248373.05145263672,244637.51123046875,0,404335493120,8589930496,23532826624,0
199,1727473649823,840,808,800,801,800,853,819,800,863,803,830,1945,857,831,852,919,803,829,800,801,803,800,803,809,827,800,831,845,889,802,846,800,0,0,0,0,0,0,0,0,0,0,0,0,0,0,0,0,0,0,0,0,0,0,0,0,0,0,0,0,0,100,0,0,248377.48260498047,244644.2357788086,0,404335493120,8589930496,23532826624,0
199,1727473650023,840,808,800,801,800,853,819,800,863,803,830,1945,857,831,852,919,803,829,800,801,803,800,803,809,827,800,831,845,889,802,846,800,0,0,0,0,0,0,0,0,0,0,0,0,0,0,0,0,0,0,0,0,0,0,0,0,0,0,0,0,0,100,0,0,248381.8843383789,244650.89483642578,0,404335493120,8589930496,23532826624,0
199,1727473650223,840,808,800,801,800,853,819,800,863,803,830,1945,857,831,852,919,803,829,800,801,803,800,803,809,827,800,831,845,889,802,846,800,0,0,0,0,0,0,0,0,0,0,4.761904716491699,0,0,0,0,0,0,0,0,0,0,4.761904716491699,0,0,0,0,0,0,0,100,0,0,248386.32611083984,244657.61322021484,0,404335493120,8589930496,23532965888,0
199,1727473650423,840,808,800,801,800,853,819,800,863,803,830,1945,857,831,852,919,803,829,800,801,803,800,803,809,827,800,831,845,889,802,846,800,0,0,0,0,0,0,0,0,0,0,0,0,0,0,0,0,0,0,0,0,0,0,0,0,0,0,0,0,0,100,0,0,248390.6728515625,244664.2739868164,0,404335493120,8589930496,23532965888,0
199,1727473650624,840,808,800,801,800,853,819,800,863,803,830,1945,857,831,852,919,803,829,800,801,803,800,803,809,827,800,831,845,889,802,846,800,0,0,0,0,0,0,0,0,0,0,0,0,0,0,0,0,0,0,0,0,0,0,0,0,0,0,0,0,0,100,0,0,248395.01971435547,244670.9686279297,0,404335493120,8589930496,23532965888,0
199,1727473650824,840,808,800,801,800,853,819,800,863,803,830,1945,857,831,852,919,803,829,800,801,803,800,803,809,827,800,831,845,889,802,846,800,0,0,0,0,0,0,0,0,0,0,0,0,0,0,0,0,0,0,0,0,0,0,0,0,0,0,0,0,0,100,0,0,248399.3911743164,244677.65490722656,0,404335493120,8589930496,23532965888,0
199,1727473651024,840,808,800,801,800,853,819,800,863,803,830,1945,857,831,852,919,803,829,800,801,803,800,803,809,827,800,831,845,889,802,846,800,0,0,0,0,0,0,0,0,0,0,0,0,0,0,0,0,0,0,0,0,0,0,0,0,0,0,0,0,0,100,0,0,248403.76739501953,244684.34149169922,0,404335493120,8589930496,23532965888,0
199,1727473651224,840,808,800,801,800,853,819,800,863,803,830,1945,857,831,852,919,803,829,800,801,803,800,803,809,827,800,831,845,889,802,846,800,0,0,0,0,0,0,0,0,0,0,0,0,0,0,0,0,0,0,0,0,0,0,0,0,0,0,0,0,0,100,0,0,248408.15576171875,244691.0580444336,0,404335493120,8589930496,23533039616,0
199,1727473651424,840,808,800,801,800,853,819,800,863,803,830,1945,857,831,852,919,803,829,800,801,803,800,803,809,827,800,831,845,889,802,846,800,0,0,0,0,0,0,0,0,0,0,0,0,0,0,0,0,0,0,0,0,0,0,0,0,0,0,0,0,0,100,0,0,248412.50286865234,244697.70477294922,0,404335493120,8589930496,23533039616,0
199,1727473651624,840,808,800,801,800,853,819,800,863,803,830,1945,857,831,852,919,803,829,800,801,803,800,803,809,827,800,831,845,889,802,846,800,2.4390242099761963,0,0,0,0,0,0,0,0,2.5,2.4390242099761963,0,0,0,0,0,0,0,0,0,0,2.5,0,0,0,0,0,2.5,0,100,0,0,248416.9376220703,244704.4312133789,0,404335493120,8589930496,23533199360,0
199,1727473651824,840,808,800,801,800,853,819,800,863,803,830,1945,857,831,852,919,803,829,800,801,803,800,803,809,827,800,831,845,889,802,846,800,2.4390242099761963,0,0,0,0,0,0,0,0,2.5,2.4390242099761963,0,0,0,0,0,0,0,0,0,0,2.5,0,0,0,0,0,2.5,0,100,0,0,248421.3076171875,244711.0958251953,0,404335493120,8589930496,23533203456,0
199,1727473652024,840,808,800,801,800,853,819,800,863,803,830,1945,857,831,852,919,803,829,800,801,803,800,803,809,827,800,831,845,889,802,846,800,0,0,0,0,0,0,0,0,0,0,0,0,0,0,0,0,0,0,0,0,5,0,0,0,0,0,0,0,0,100,0,0,248425.69415283203,244717.78692626953,0,404335493120,8589930496,23533203456,0
199,1727473652225,840,808,800,801,800,853,819,800,863,803,830,1945,857,831,852,919,803,829,800,801,803,800,803,809,827,800,831,845,889,802,846,800,0,0,0,0,0,0,0,0,0,0,0,0,0,0,0,0,0,0,0,0,0,0,0,0,0,0,0,0,0,100,0,0,248430.07208251953,244724.47833251953,0,404335493120,8589930496,23533203456,0
199,1727473652425,840,808,800,801,800,853,819,800,863,803,830,1945,857,831,852,919,803,829,800,801,803,800,803,809,827,800,831,845,889,802,846,800,0,0,0,0,0,0,0,0,0,0,0,0,0,0,0,0,0,0,0,0,0,0,0,0,0,0,0,0,0,100,0,0,248434.47106933594,244731.16668701172,0,404335493120,8589930496,23533203456,0
199,1727473652625,840,808,800,801,800,853,819,800,863,803,830,1945,857,831,852,919,803,829,800,801,803,800,803,809,827,800,831,845,889,802,846,800,0,0,0,0,0,0,0,0,0,0,0,0,0,0,0,0,0,0,2.5,0,0,0,0,0,0,0,0,0,0,100,0,0,248438.87078857422,244737.86199951172,0,404335493120,8589930496,23533203456,0
199,1727473652825,840,808,800,801,800,853,819,800,863,803,830,1945,857,831,852,919,803,829,800,801,803,800,803,809,827,800,831,845,889,802,846,800,0,0,0,0,0,0,0,0,0,0,0,0,0,5,0,0,0,0,0,0,0,0,0,0,0,0,0,0,0,100,0,0,248443.29315185547,244744.5541381836,0,404335493120,8589930496,23533203456,0
199,1727473653025,840,808,800,801,800,853,819,800,863,803,830,1945,857,831,852,919,803,829,800,801,803,800,803,809,827,800,831,845,889,802,846,800,5.263157844543457,0,5,0,4.761904716491699,0,4.761904716491699,9.523809432983398,0,0,0,5,0,0,0,0,0,0,4.761904716491699,0,10,0,0,4.761904716491699,5,0,9.523809432983398,5,0,100,0,0,248447.68975830078,244751.19018554688,0,404335493120,8589930496,23536058368,0
199,1727473653225,840,808,800,801,800,853,819,800,863,803,830,1945,857,831,852,919,803,829,800,801,803,800,803,809,827,800,831,845,889,802,846,800,15.000000953674316,11.111111640930176,10,5,10.526315689086914,10.526315689086914,5.263157844543457,14.285715103149414,9.523809432983398,10,10.526315689086914,5,14.285715103149414,9.523809432983398,15.000000953674316,15.000000953674316,5,10,20,15.000000953674316,10.526315689086914,15.000000953674316,19.047618865966797,15.000000953674316,25,14.285715103149414,11.111111640930176,10,10,100,15.000000953674316,9.523809432983398,248452.26025390625,244758.3045654297,0,404335493120,8589930496,23633260544,0
199,1727473653426,840,808,800,801,800,853,819,800,863,803,830,1945,857,831,852,919,803,829,800,801,803,800,803,809,827,800,831,845,889,802,846,800,15.000000953674316,11.111111640930176,10,5,10.526315689086914,10.526315689086914,5.263157844543457,14.285715103149414,9.523809432983398,10,10.526315689086914,5,14.285715103149414,9.523809432983398,15.000000953674316,15.000000953674316,5,10,20,15.000000953674316,10.526315689086914,15.000000953674316,19.047618865966797,15.000000953674316,25,14.285715103149414,11.111111640930176,10,10,100,15.000000953674316,9.523809432983398,248456.61785888672,244764.95739746094,0,404335493120,8589930496,23633006592,0
199,1727473653625,840,808,800,801,800,853,819,800,863,803,830,1945,857,831,852,919,803,829,800,801,803,800,803,809,827,800,831,845,889,802,846,800,5,7.142857551574707,0,2.5,4.878048419952393,0,4.878048419952393,0,0,0,2.4390242099761963,2.5641026496887207,0,0,0,0,0,0,0,0,2.5,0,5,0,2.4390242099761963,0,2.5,0,7.500000476837158,100,2.5641026496887207,5,248461.0010986328,244771.625,0,404335493120,8589930496,23633162240,0
199,1727473653826,840,808,800,801,800,853,819,800,863,803,830,1945,857,831,852,919,803,829,800,801,803,800,803,809,827,800,831,845,889,802,846,800,5.263157844543457,0,4.761904716491699,5.263157844543457,5,10,0,0,0,0,5,0,5,0,0,0,0,0,0,0,0,0,0,0,0,0,0,0,5,100,0,0,248465.36236572266,244778.29083251953,0,404335493120,8589930496,23633166336,0
199,1727473654026,840,808,800,801,800,853,819,800,863,803,830,1945,857,831,852,919,803,829,800,801,803,800,803,809,827,800,831,845,889,802,846,800,5.263157844543457,0,4.761904716491699,5.263157844543457,5,10,0,0,0,0,5,0,5,0,0,0,0,0,0,0,0,0,0,0,0,0,0,0,5,100,0,0,248469.73345947266,244784.96813964844,0,404335493120,8589930496,23633166336,0
199,1727473654226,840,808,800,801,800,853,819,800,863,803,830,1945,857,831,852,919,803,829,800,801,803,800,803,809,827,800,831,845,889,802,846,800,0,0,0,0,0,2.5641026496887207,0,0,0,0,0,0,0,0,0,0,0,0,0,0,0,0,0,0,0,0,0,0,0,100,4.878048419952393,0,248474.1505126953,244791.60833740234,0,404335493120,8589930496,23633190912,0
199,1727473654426,840,808,800,801,800,853,819,800,863,803,830,1945,857,831,852,919,803,829,800,801,803,800,803,809,827,800,831,845,889,802,846,800,0,0,0,0,0,2.5641026496887207,0,0,0,0,0,0,0,0,0,0,0,0,0,0,0,0,0,0,0,0,0,0,0,100,4.878048419952393,0,248478.50396728516,244798.2339477539,0,404335493120,8589930496,23633190912,0
199,1727473654626,840,808,800,801,800,853,819,800,863,803,830,1945,857,831,852,919,803,829,800,801,803,800,803,809,827,800,831,845,889,802,846,800,0,0,0,0,0,0,0,0,0,0,0,0,0,0,0,0,0,0,0,0,0,0,0,0,0,0,2.5,0,0,100,0,0,248482.9380493164,244804.93743896484,0,404335493120,8589930496,23633190912,0
199,1727473654826,840,808,800,801,800,853,819,800,863,803,830,1945,857,831,852,919,803,829,800,801,803,800,803,809,827,800,831,845,889,802,846,800,0,0,0,4.761904716491699,0,4.761904716491699,0,0,5,0,0,4.761904716491699,5,0,0,0,0,0,0,0,0,5,0,0,0,0,0,5,0,100,0,0,248487.3695678711,244811.63116455078,0,404335493120,8589930496,23633350656,0
199,1727473655026,840,808,800,801,800,853,819,800,863,803,830,1945,857,831,852,919,803,829,800,801,803,800,803,809,827,800,831,845,889,802,846,800,0,0,0,4.761904716491699,0,4.761904716491699,0,0,5,0,0,4.761904716491699,5,0,0,0,0,0,0,0,0,5,0,0,0,0,0,5,0,100,0,0,248491.7632446289,244818.29614257813,0,404335493120,8589930496,23633350656,0
199,1727473655227,840,808,800,801,800,853,819,800,863,803,830,1945,857,831,852,919,803,829,800,801,803,800,803,809,827,800,831,845,889,802,846,800,0,0,0,0,0,0,0,0,0,0,0,0,0,0,0,0,0,0,0,0,0,2.4390242099761963,0,0,0,0,0,0,0,100,0,0,248496.1639404297,244824.9995727539,0,404335493120,8589930496,23633350656,0
199,1727473655427,840,808,800,801,800,853,819,800,863,803,830,1945,857,831,852,919,803,829,800,801,803,800,803,809,827,800,831,845,889,802,846,800,0,0,0,0,0,0,0,0,0,0,0,0,0,0,0,0,0,0,0,0,0,0,0,0,0,0,0,0,0,100,0,0,248500.50958251953,244831.6781616211,0,404335493120,8589930496,23633350656,0
199,1727473655627,840,808,800,801,800,853,819,800,863,803,830,1945,857,831,852,919,803,829,800,801,803,800,803,809,827,800,831,845,889,802,846,800,0,0,0,0,0,0,0,0,0,0,0,0,4.761904716491699,0,0,0,0,0,0,0,0,0,0,0,0,0,0,0,0,100,4.761904716491699,0,248504.91375732422,244838.36743164063,0,404335493120,8589930496,23633350656,0
199,1727473655827,840,808,800,801,800,853,819,800,863,803,830,1945,857,831,852,919,803,829,800,801,803,800,803,809,827,800,831,845,889,802,846,800,0,0,0,0,0,0,0,0,0,0,0,0,0,0,0,0,0,0,0,0,0,0,0,0,0,0,0,0,0,100,0,0,248509.2950439453,244845.0682373047,0,404335493120,8589930496,23633350656,0
199,1727473656027,840,808,800,801,800,853,819,800,863,803,830,1945,857,831,852,919,803,829,800,801,803,800,803,809,827,800,831,845,889,802,846,800,0,0,0,0,0,0,0,0,0,0,0,0,0,0,0,0,0,0,0,0,0,0,0,0,0,0,0,0,0,100,0,0,248513.71209716797,244851.76123046875,0,404335493120,8589930496,23633350656,0
199,1727473656227,840,808,800,801,800,853,819,800,863,803,830,1945,857,831,852,919,803,829,800,801,803,800,803,809,827,800,831,845,889,802,846,800,0,0,0,0,0,0,0,0,0,0,0,0,0,0,0,0,0,0,0,0,0,0,0,0,0,0,0,0,0,100,0,0,248518.15313720703,244858.4298095703,0,404335493120,8589930496,23633350656,0
199,1727473656427,840,808,800,801,800,853,819,800,863,803,830,1945,857,831,852,919,803,829,800,801,803,800,803,809,827,800,831,845,889,802,846,800,0,0,0,0,0,0,0,0,0,0,0,0,0,0,0,0,0,0,0,0,0,0,4.761904716491699,0,0,0,0,0,0,100,0,0,248522.5679321289,244865.1234741211,0,404335493120,8589930496,23633694720,0
199,1727473656628,840,808,800,801,800,853,819,800,863,803,830,1945,857,831,852,919,803,829,800,801,803,800,803,809,827,800,831,845,889,802,846,800,5,5,5,4.761904716491699,0,0,0,0,0,0,0,0,0,0,4.761904716491699,0,0,0,5,0,0,0,30.000001907348633,0,0,9.523809432983398,4.761904716491699,0,0,100,0,5,248527.00415039063,244871.8427734375,0,404335493120,8589930496,23633354752,0
199,1727473656828,840,808,800,801,800,853,819,800,863,803,830,1945,857,831,852,919,803,829,800,801,803,800,803,809,827,800,831,845,889,802,846,800,5,5,5,4.761904716491699,0,0,0,0,0,0,0,0,0,0,4.761904716491699,0,0,0,5,0,0,0,30.000001907348633,0,0,9.523809432983398,4.761904716491699,0,0,100,0,5,248531.34979248047,244878.4932861328,0,404335493120,8589930496,23633354752,0
199,1727473657028,840,808,800,801,800,853,819,800,863,803,830,1945,857,831,852,919,803,829,800,801,803,800,803,809,827,800,831,845,889,802,846,800,0,0,0,0,0,0,0,0,0,0,0,0,0,0,0,0,0,0,0,0,0,0,0,0,0,0,0,0,0,100,0,0,248535.74249267578,244885.18084716797,0,404335493120,8589930496,23633354752,0
199,1727473657228,840,808,800,801,800,853,819,800,863,803,830,1945,857,831,852,919,803,829,800,801,803,800,803,809,827,800,831,845,889,802,846,800,5,0,5,10,5,5,5.263157844543457,5,4.761904716491699,9.523809432983398,5,5,5,5,5,9.523809432983398,5,5,5,9.523809432983398,4.761904716491699,5,5,5,5,0,5,0,5,100,0,5,248540.21350097656,244891.93701171875,0,404335493120,8589930496,23533408256,0
199,1727473657428,840,808,800,801,800,853,819,800,863,803,830,1945,857,831,852,919,803,829,800,801,803,800,803,809,827,800,831,845,889,802,846,800,5,0,5,10,5,5,5.263157844543457,5,4.761904716491699,9.523809432983398,5,5,5,5,5,9.523809432983398,5,5,5,9.523809432983398,4.761904716491699,5,5,5,5,0,5,0,5,100,0,5,248544.59381103516,244898.5994873047,0,404335493120,8589930496,23533408256,0
199,1727473657628,840,808,800,801,800,853,819,800,863,803,830,1945,857,831,852,919,803,829,800,801,803,800,803,809,827,800,831,845,889,802,846,800,0,0,0,0,0,0,2.4390242099761963,0,0,0,0,0,0,0,0,0,0,0,0,0,0,0,0,0,0,0,0,0,0,100,0,0,248548.9815673828,244905.3017578125,0,404335493120,8589930496,23533408256,0
199,1727473657828,840,808,800,801,800,853,819,800,863,803,830,1945,857,831,852,919,803,829,800,801,803,800,803,809,827,800,831,845,889,802,846,800,0,0,0,0,0,0,0,0,0,0,0,0,0,0,0,0,0,0,0,0,0,0,0,0,0,0,0,0,0,100,0,0,248553.3687133789,244912.0086669922,0,404335493120,8589930496,23533408256,0
199,1727473658028,840,808,800,801,800,853,819,800,863,803,830,1945,857,831,852,919,803,829,800,801,803,800,803,809,827,800,831,845,889,802,846,800,0,0,0,0,0,0,0,0,0,0,0,0,0,0,0,0,0,0,0,0,0,0,0,0,0,0,0,0,0,100,0,0,248557.7655029297,244918.7182006836,0,404335493120,8589930496,23533408256,0
199,1727473658229,840,808,800,801,800,853,819,800,863,803,830,1945,857,831,852,919,803,829,800,801,803,800,803,809,827,800,831,845,889,802,846,800,0,0,0,0,0,0,0,0,0,0,0,0,0,0,0,0,0,0,0,0,0,0,0,0,0,0,0,0,0,100,0,0,248562.18072509766,244925.41571044922,0,404335493120,8589930496,23533408256,0
199,1727473658429,840,808,800,801,800,853,819,800,863,803,830,1945,857,831,852,919,803,829,800,801,803,800,803,809,827,800,831,845,889,802,846,800,0,0,0,0,0,0,0,0,0,0,0,0,0,0,0,0,0,0,0,0,0,0,0,0,0,0,0,0,0,100,0,0,248566.5615234375,244932.1195678711,0,404335493120,8589930496,23533408256,0
199,1727473658629,840,808,800,801,800,853,819,800,863,803,830,1945,857,831,852,919,803,829,800,801,803,800,803,809,827,800,831,845,889,802,846,800,0,0,0,0,0,0,0,0,0,0,0,0,0,0,0,0,0,0,0,0,0,0,0,0,0,0,0,0,0,100,0,0,248570.95098876953,244938.8139038086,0,404335493120,8589930496,23533408256,0
199,1727473658829,840,808,800,801,800,853,819,800,863,803,830,1945,857,831,852,919,803,829,800,801,803,800,803,809,827,800,831,845,889,802,846,800,0,0,0,0,0,0,0,0,0,0,0,0,0,0,0,0,0,0,0,0,0,0,0,0,0,0,0,0,0,100,0,0,248575.35626220703,244945.49658203125,0,404335493120,8589930496,23533408256,0
199,1727473659029,840,808,800,801,800,853,819,800,863,803,830,1945,857,831,852,919,803,829,800,801,803,800,803,809,827,800,831,845,889,802,846,800,0,0,0,0,0,0,4.761904716491699,0,0,0,0,0,0,0,0,0,0,0,0,0,0,0,0,0,0,0,0,0,0,100,0,0,248579.77569580078,244952.19921875,0,404335493120,8589930496,23533412352,0
199,1727473659229,840,808,800,801,800,853,819,800,863,803,830,1945,857,831,852,919,803,829,800,801,803,800,803,809,827,800,831,845,889,802,846,800,4.761904716491699,0,0,0,0,0,0,0,0,0,0,0,0,0,0,0,0,0,0,0,0,0,0,0,0,0,0,4.761904716491699,0,100,0,0,248584.18237304688,244958.86138916016,0,404335493120,8589930496,23533543424,0
199,1727473659429,840,808,800,801,800,853,819,800,863,803,830,1945,857,831,852,919,803,829,800,801,803,800,803,809,827,800,831,845,889,802,846,800,0,0,0,0,0,0,0,0,0,0,0,0,0,0,0,0,0,0,0,0,0,0,0,0,0,0,0,0,0,100,0,0,248588.56201171875,244965.53912353516,0,404335493120,8589930496,23533543424,0
199,1727473659629,840,808,800,801,800,853,819,800,863,803,830,1945,857,831,852,919,803,829,800,801,803,800,803,809,827,800,831,845,889,802,846,800,0,0,0,0,0,0,0,0,0,0,0,0,0,0,0,0,0,0,0,0,0,0,0,0,0,0,0,0,0,100,0,0,248592.91186523438,244972.1607055664,0,404335493120,8589930496,23533543424,0
199,1727473659830,840,808,800,801,800,853,819,800,863,803,830,1945,857,831,852,919,803,829,800,801,803,800,803,809,827,800,831,845,889,802,846,800,4.761904716491699,0,0,0,0,0,0,0,0,0,0,0,0,0,0,0,0,0,0,0,0,0,0,0,0,0,0,0,0,100,0,0,248597.30310058594,244978.86639404297,0,404335493120,8589930496,23533543424,0
199,1727473660030,840,808,800,801,800,853,819,800,863,803,830,1945,857,831,852,919,803,829,800,801,803,800,803,809,827,800,831,845,889,802,846,800,0,0,0,0,0,0,0,0,0,0,0,0,0,0,0,0,0,0,0,0,0,0,0,0,0,0,0,0,0,100,0,0,248601.67944335938,244985.5648803711,0,404335493120,8589930496,23533543424,0
199,1727473660230,840,808,800,801,800,853,819,800,863,803,830,1945,857,831,852,919,803,829,800,801,803,800,803,809,827,800,831,845,889,802,846,800,0,0,0,0,0,0,0,0,0,0,4.761904716491699,0,0,0,0,0,0,0,0,0,0,0,0,0,0,0,0,0,0,100,0,0,248606.05633544922,244992.2388305664,0,404335493120,8589930496,23533543424,0
199,1727473660430,840,808,800,801,800,853,819,800,863,803,830,1945,857,831,852,919,803,829,800,801,803,800,803,809,827,800,831,845,889,802,846,800,0,0,0,0,0,0,0,0,0,0,0,0,0,0,0,0,0,0,0,0,0,0,0,0,0,0,0,0,0,100,0,0,248610.48168945313,244998.89318847656,0,404335493120,8589930496,23533543424,0
199,1727473660630,840,808,800,801,800,853,819,800,863,803,830,1945,857,831,852,919,803,829,800,801,803,800,803,809,827,800,831,845,889,802,846,800,0,0,0,0,0,0,0,0,0,0,0,0,0,0,0,0,0,0,0,0,0,0,0,0,0,0,0,0,0,100,0,0,248614.88061523438,245005.6326904297,0,404335493120,8589930496,23533543424,0
199,1727473660830,840,808,800,801,800,853,819,800,863,803,830,1945,857,831,852,919,803,829,800,801,803,800,803,809,827,800,831,845,889,802,846,800,0,0,0,0,0,0,0,0,0,0,0,0,0,0,0,0,0,0,0,0,0,0,0,0,0,0,0,0,0,100,0,0,248619.2680053711,245012.30010986328,0,404335493120,8589930496,23533543424,0
199,1727473661030,840,808,800,801,800,853,819,800,863,803,830,1945,857,831,852,919,803,829,800,801,803,800,803,809,827,800,831,845,889,802,846,800,0,0,0,0,0,0,0,0,0,0,0,0,0,0,0,0,0,0,0,0,0,0,0,0,0,0,0,0,0,100,0,0,248623.64666748047,245018.98944091797,0,404335493120,8589930496,23533543424,0
199,1727473661230,840,808,800,801,800,853,819,800,863,803,830,1945,857,831,852,919,803,829,800,801,803,800,803,809,827,800,831,845,889,802,846,800,0,0,0,0,0,0,0,0,0,0,0,0,0,0,0,0,0,0,0,0,0,0,0,0,0,0,0,0,0,100,0,0,248628.0326538086,245025.66766357422,0,404335493120,8589930496,23533543424,0
199,1727473661431,840,808,800,801,800,853,819,800,863,803,830,1945,857,831,852,919,803,829,800,801,803,800,803,809,827,800,831,845,889,802,846,800,0,0,0,0,0,0,0,0,0,0,0,0,0,0,0,0,0,0,0,0,0,0,0,0,0,0,0,0,0,100,0,0,248632.38543701172,245032.3536376953,0,404335493120,8589930496,23533543424,0
199,1727473661631,840,808,800,801,800,853,819,800,863,803,830,1945,857,831,852,919,803,829,800,801,803,800,803,809,827,800,831,845,889,802,846,800,0,0,0,0,0,0,0,0,0,0,0,0,0,0,0,0,0,0,0,0,0,0,0,0,0,0,0,0,0,100,0,0,248636.77606201172,245039.03582763672,0,404335493120,8589930496,23533543424,0
199,1727473661831,840,808,800,801,800,853,819,800,863,803,830,1945,857,831,852,919,803,829,800,801,803,800,803,809,827,800,831,845,889,802,846,800,0,0,0,0,0,0,4.761904716491699,0,0,0,0,0,0,0,0,0,0,0,0,0,0,0,0,0,0,0,0,0,0,100,0,0,248641.16497802734,245045.73083496094,0,404335493120,8589930496,23533547520,0
199,1727473662031,840,808,800,801,800,853,819,800,863,803,830,1945,857,831,852,919,803,829,800,801,803,800,803,809,827,800,831,845,889,802,846,800,0,0,0,0,0,0,0,0,0,0,0,0,0,0,0,0,0,0,0,0,0,0,0,0,0,0,0,0,0,100,0,0,248645.57940673828,245052.42834472656,0,404335493120,8589930496,23533547520,0
199,1727473662231,840,808,800,801,800,853,819,800,863,803,830,1945,857,831,852,919,803,829,800,801,803,800,803,809,827,800,831,845,889,802,846,800,0,0,0,0,0,0,0,0,0,0,0,0,0,0,4.761904716491699,0,0,0,0,0,0,0,0,0,0,0,0,0,0,100,0,0,248649.94927978516,245059.12084960938,0,404335493120,8589930496,23533547520,0
199,1727473662431,840,808,800,801,800,853,819,800,863,803,830,1945,857,831,852,919,803,829,800,801,803,800,803,809,827,800,831,845,889,802,846,800,0,0,0,0,4.761904716491699,0,4.761904716491699,0,0,0,0,0,0,0,0,0,0,0,0,0,0,0,0,0,0,0,0,0,0,100,0,0,248654.31842041016,245065.80450439453,0,404335493120,8589930496,23533547520,0
199,1727473662631,840,808,800,801,800,853,819,800,863,803,830,1945,857,831,852,919,803,829,800,801,803,800,803,809,827,800,831,845,889,802,846,800,0,5,0,0,5,0,0,0,0,0,0,0,0,0,0,0,0,0,0,0,0,0,0,0,0,0,0,0,0,100,0,0,248658.7103881836,245072.4829711914,0,404335493120,8589930496,23533547520,0
199,1727473662831,840,808,800,801,800,853,819,800,863,803,830,1945,857,831,852,919,803,829,800,801,803,800,803,809,827,800,831,845,889,802,846,800,0,0,0,0,0,0,0,0,0,0,0,0,0,0,0,0,0,0,0,0,0,0,0,0,0,0,0,0,0,100,0,0,248663.1046142578,245079.1596069336,0,404335493120,8589930496,23533547520,0
199,1727473663031,840,808,800,801,800,853,819,800,863,803,830,1945,857,831,852,919,803,829,800,801,803,800,803,809,827,800,831,845,889,802,846,800,0,0,0,0,0,0,0,0,0,0,0,0,0,0,0,0,0,0,0,0,0,0,0,0,0,0,0,0,0,100,0,0,248667.48901367188,245085.84161376953,0,404335493120,8589930496,23533547520,0
199,1727473663232,840,808,800,801,800,853,819,800,863,803,830,1945,857,831,852,919,803,829,800,801,803,800,803,809,827,800,831,845,889,802,846,800,0,0,0,0,0,0,0,0,0,0,0,0,0,0,0,0,0,0,4.761904716491699,0,0,0,0,0,0,0,0,0,0,100,0,0,248671.92126464844,245092.54119873047,0,404335493120,8589930496,23533547520,0
199,1727473663432,840,808,800,801,800,853,819,800,863,803,830,1945,857,831,852,919,803,829,800,801,803,800,803,809,827,800,831,845,889,802,846,800,0,0,0,0,0,0,0,0,0,0,0,0,0,0,0,0,0,0,4.761904716491699,0,0,0,0,0,0,0,0,0,0,100,0,0,248676.31903076172,245099.2427368164,0,404335493120,8589930496,23533547520,0
199,1727473663632,840,808,800,801,800,853,819,800,863,803,830,1945,857,831,852,919,803,829,800,801,803,800,803,809,827,800,831,845,889,802,846,800,0,0,0,0,0,0,0,0,0,0,0,0,0,0,0,0,0,0,0,0,0,2.4390242099761963,0,0,0,0,0,0,0,100,0,0,248680.73895263672,245105.9271850586,0,404335493120,8589930496,23533547520,0
199,1727473663832,840,808,800,801,800,853,819,800,863,803,830,1945,857,831,852,919,803,829,800,801,803,800,803,809,827,800,831,845,889,802,846,800,0,0,0,0,0,0,0,0,0,0,0,0,0,0,0,0,0,0,0,0,0,0,0,0,0,0,0,0,0,100,0,0,248685.1195678711,245112.62115478516,0,404335493120,8589930496,23533547520,0
199,1727473664032,840,808,800,801,800,853,819,800,863,803,830,1945,857,831,852,919,803,829,800,801,803,800,803,809,827,800,831,845,889,802,846,800,0,0,0,0,0,0,0,0,0,0,0,0,0,0,0,0,0,0,0,0,0,0,0,0,0,0,0,0,0,100,0,0,248689.5037841797,245119.2993774414,0,404335493120,8589930496,23533547520,0
199,1727473664232,840,808,800,801,800,853,819,800,863,803,830,1945,857,831,852,919,803,829,800,801,803,800,803,809,827,800,831,845,889,802,846,800,0,0,0,0,0,0,0,0,0,0,0,0,0,0,0,0,0,0,0,0,0,0,0,0,0,0,0,0,0,100,0,0,248693.86938476563,245125.97442626953,0,404335493120,8589930496,23533547520,0
199,1727473664432,840,808,800,801,800,853,819,800,863,803,830,1945,857,831,852,919,803,829,800,801,803,800,803,809,827,800,831,845,889,802,846,800,10,0,5,5.263157844543457,0,0,5,0,0,0,0,0,5,5,0,0,0,0,0,0,0,5,9.523809432983398,0,0,0,0,0,5,100,10,5,248698.2865600586,245132.57977294922,0,404335493120,8589930496,23538163712,0
199,1727473664633,840,808,800,801,800,853,819,800,863,803,830,1945,857,831,852,919,803,829,800,801,803,800,803,809,827,800,831,845,889,802,846,800,10.526315689086914,10,5.555555820465088,5.263157844543457,15.000000953674316,10.526315689086914,10.526315689086914,26.3157901763916,14.285715103149414,0,5.263157844543457,9.523809432983398,10,5.263157844543457,5.263157844543457,10,5.263157844543457,14.285715103149414,5,10.526315689086914,10,10,20,19.047618865966797,15.000000953674316,5.263157844543457,0,15.000000953674316,10,90,23.809524536132813,15.000000953674316,248702.8182373047,245139.58251953125,0,404335493120,8589930496,23658520576,0
199,1727473664833,840,808,800,801,800,853,819,800,863,803,830,1945,857,831,852,919,803,829,800,801,803,800,803,809,827,800,831,845,889,802,846,800,10.526315689086914,10,5.555555820465088,5.263157844543457,15.000000953674316,10.526315689086914,10.526315689086914,26.3157901763916,14.285715103149414,0,5.263157844543457,9.523809432983398,10,5.263157844543457,5.263157844543457,10,5.263157844543457,14.285715103149414,5,10.526315689086914,10,10,20,19.047618865966797,15.000000953674316,5.263157844543457,0,15.000000953674316,10,90,23.809524536132813,15.000000953674316,248707.23028564453,245146.2015991211,0,404335493120,8589930496,23658283008,0
199,1727473665033,840,808,800,801,800,853,819,800,863,803,830,1945,857,831,852,919,803,829,800,801,803,800,803,809,827,800,831,845,889,802,846,800,0,0,4.878048419952393,0,2.5,0,2.4390242099761963,2.5,0,0,2.4390242099761963,0,4.878048419952393,2.5641026496887207,0,2.5,2.4390242099761963,5,4.878048419952393,2.4390242099761963,2.5,0,2.4390242099761963,2.5,2.5,2.5,0,0,0,100,0,0,248711.64123535156,245152.83624267578,0,404335493120,8589930496,23658307584,0
199,1727473665233,840,808,800,801,800,853,819,800,863,803,830,1945,857,831,852,919,803,829,800,801,803,800,803,809,827,800,831,845,889,802,846,800,0,0,4.878048419952393,0,2.5,0,2.4390242099761963,2.5,0,0,2.4390242099761963,0,4.878048419952393,2.5641026496887207,0,2.5,2.4390242099761963,5,4.878048419952393,2.4390242099761963,2.5,0,2.4390242099761963,2.5,2.5,2.5,0,0,0,100,0,0,248716.04473876953,245159.45330810547,0,404335493120,8589930496,23658303488,0
199,1727473665433,840,808,800,801,800,853,819,800,863,803,830,1945,857,831,852,919,803,829,800,801,803,800,803,809,827,800,831,845,889,802,846,800,2.4390242099761963,0,0,0,7.500000476837158,2.4390242099761963,0,0,2.5,2.4390242099761963,0,0,0,2.5,2.5,0,2.5,2.5,0,0,0,2.4390242099761963,0,2.5641026496887207,2.5,5,0,0,0,100,0,5,248720.34686279297,245166.0932006836,0,404335493120,8589930496,23658303488,0
199,1727473665633,840,808,800,801,800,853,819,800,863,803,830,1945,857,831,852,919,803,829,800,801,803,800,803,809,827,800,831,845,889,802,846,800,0,0,0,0,0,0,0,0,0,0,0,0,0,0,0,0,0,0,0,0,0,0,0,0,0,0,0,0,0,100,0,0,248724.70263671875,245172.76629638672,0,404335493120,8589930496,23658303488,0
199,1727473665833,840,808,800,801,800,853,819,800,863,803,830,1945,857,831,852,919,803,829,800,801,803,800,803,809,827,800,831,845,889,802,846,800,0,0,0,0,0,0,0,0,0,0,0,0,0,0,0,0,0,0,0,0,0,0,0,0,0,0,0,0,0,100,0,0,248729.06549072266,245179.46520996094,0,404335493120,8589930496,23658303488,0
199,1727473666033,840,808,800,801,800,853,819,800,863,803,830,1945,857,831,852,919,803,829,800,801,803,800,803,809,827,800,831,845,889,802,846,800,0,0,0,0,0,0,0,0,0,0,0,0,0,0,0,0,0,0,0,0,0,0,0,0,0,0,0,0,0,100,0,0,248733.4208984375,245186.15032958984,0,404335493120,8589930496,23658303488,0
199,1727473666233,840,808,800,801,800,853,819,800,863,803,830,1945,857,831,852,919,803,829,800,801,803,800,803,809,827,800,831,845,889,802,846,800,4.761904716491699,0,0,0,0,0,0,0,0,0,0,0,0,0,0,0,0,0,0,0,4.761904716491699,0,0,0,0,0,0,0,0,100,0,0,248737.7601928711,245192.78552246094,0,404335493120,8589930496,23658303488,0
199,1727473666434,840,808,800,801,800,853,819,800,863,803,830,1945,857,831,852,919,803,829,800,801,803,800,803,809,827,800,831,845,889,802,846,800,4.761904716491699,0,0,0,0,0,0,0,5,0,0,0,0,0,0,0,0,0,0,0,0,0,0,0,0,0,0,0,0,100,0,0,248742.0923461914,245199.41259765625,0,404335493120,8589930496,23658307584,0
199,1727473666634,840,808,800,801,800,853,819,800,863,803,830,1945,857,831,852,919,803,829,800,801,803,800,803,809,827,800,831,845,889,802,846,800,0,0,0,0,0,0,0,0,0,0,0,0,0,0,0,0,0,0,0,0,0,0,0,0,0,0,0,0,0,100,0,0,248746.41064453125,245206.07501220703,0,404335493120,8589930496,23658307584,0
199,1727473666834,840,808,800,801,800,853,819,800,863,803,830,1945,857,831,852,919,803,829,800,801,803,800,803,809,827,800,831,845,889,802,846,800,5,5,0,0,10,5.263157844543457,10.526315689086914,10,0,0,0,0,0,5,0,4.761904716491699,0,0,0,0,4.761904716491699,0,0,0,0,0,0,0,0,100,0,0,248750.82196044922,245212.73596191406,0,404335493120,8589930496,23658307584,0
199,1727473667034,840,808,800,801,800,853,819,800,863,803,830,1945,857,831,852,919,803,829,800,801,803,800,803,809,827,800,831,845,889,802,846,800,5,5,0,0,10,5.263157844543457,10.526315689086914,10,0,0,0,0,0,5,0,4.761904716491699,0,0,0,0,4.761904716491699,0,0,0,0,0,0,0,0,100,0,0,248755.1124267578,245219.3240966797,0,404335493120,8589930496,23658307584,0
199,1727473667234,840,808,800,801,800,853,819,800,863,803,830,1945,857,831,852,919,803,829,800,801,803,800,803,809,827,800,831,845,889,802,846,800,0,0,0,0,0,0,0,0,0,0,0,0,0,0,0,0,0,2.5,0,0,0,0,0,0,0,0,0,0,0,100,0,0,248759.4473876953,245225.96716308594,0,404335493120,8589930496,23658307584,0
199,1727473667434,840,808,800,801,800,853,819,800,863,803,830,1945,857,831,852,919,803,829,800,801,803,800,803,809,827,800,831,845,889,802,846,800,0,0,0,0,0,0,0,0,0,0,0,0,0,0,0,0,0,0,0,0,0,0,0,0,0,0,0,0,0,100,0,0,248763.78936767578,245232.6290283203,0,404335493120,8589930496,23658307584,0
199,1727473667634,840,808,800,801,800,853,819,800,863,803,830,1945,857,831,852,919,803,829,800,801,803,800,803,809,827,800,831,845,889,802,846,800,0,0,0,0,0,0,0,0,0,0,0,0,0,0,0,0,0,0,0,0,0,0,0,0,0,0,0,0,0,100,0,0,248768.1151123047,245239.2430419922,0,404335493120,8589930496,23658307584,0
199,1727473667834,840,808,800,801,800,853,819,800,863,803,830,1945,857,831,852,919,803,829,800,801,803,800,803,809,827,800,831,845,889,802,846,800,0,0,0,0,0,0,0,0,0,0,0,0,0,0,0,0,0,0,0,0,0,0,0,0,0,0,0,0,0,100,0,0,248772.4009399414,245245.84210205078,0,404335493120,8589930496,23658307584,0
199,1727473668035,840,808,800,801,800,853,819,800,863,803,830,1945,857,831,852,919,803,829,800,801,803,800,803,809,827,800,831,845,889,802,846,800,0,0,0,0,0,0,0,0,0,0,0,0,0,0,0,0,0,0,0,0,0,0,0,0,0,0,0,0,0,100,0,0,248776.74853515625,245252.4691772461,0,404335493120,8589930496,23658307584,0
199,1727473668235,840,808,800,801,800,853,819,800,863,803,830,1945,857,831,852,919,803,829,800,801,803,800,803,809,827,800,831,845,889,802,846,800,5,5,9.523809432983398,5,5,9.523809432983398,5,0,5,5,5.263157844543457,5,9.523809432983398,5,5,5,5,5.263157844543457,5.263157844543457,5,10,5,5,5,0,9.523809432983398,9.523809432983398,9.523809432983398,5,100,10,5,248781.18682861328,245259.20489501953,0,404335493120,8589930496,23534759936,0
199,1727473668435,840,808,800,801,800,853,819,800,863,803,830,1945,857,831,852,919,803,829,800,801,803,800,803,809,827,800,831,845,889,802,846,800,5,5,9.523809432983398,5,5,9.523809432983398,5,0,5,5,5.263157844543457,5,9.523809432983398,5,5,5,5,5.263157844543457,5.263157844543457,5,10,5,5,5,0,9.523809432983398,9.523809432983398,9.523809432983398,5,100,10,5,248785.52960205078,245265.83197021484,0,404335493120,8589930496,23534759936,0
199,1727473668635,840,808,800,801,800,853,819,800,863,803,830,1945,857,831,852,919,803,829,800,801,803,800,803,809,827,800,831,845,889,802,846,800,0,0,0,0,0,0,0,0,0,0,0,0,0,0,0,0,90,0,0,0,0,0,0,0,0,0,0,0,0,10,0,0,248789.8432006836,245272.46783447266,0,404335493120,8589930496,23534759936,0
199,1727473668835,840,808,800,801,800,853,819,800,863,803,830,1945,857,831,852,919,803,829,800,801,803,800,803,809,827,800,831,845,889,802,846,800,0,0,0,0,0,0,0,0,0,0,0,0,0,0,0,0,100,0,0,0,0,0,0,0,0,0,0,0,0,0,0,0,248794.15368652344,245279.11474609375,0,404335493120,8589930496,23534759936,0
199,1727473669035,840,808,800,801,800,853,819,800,863,803,830,1945,857,831,852,919,803,829,800,801,803,800,803,809,827,800,831,845,889,802,846,800,0,0,0,0,0,0,0,0,0,0,0,0,0,0,0,0,100,0,0,0,0,0,0,0,0,0,0,0,0,0,0,0,248798.52734375,245285.7876586914,0,404335493120,8589930496,23534764032,0
199,1727473669235,840,808,800,801,800,853,819,800,863,803,830,1945,857,831,852,919,803,829,800,801,803,800,803,809,827,800,831,845,889,802,846,800,4.761904716491699,0,0,0,0,0,0,0,0,0,0,0,0,0,0,0,100,0,0,0,0,0,0,0,0,0,0,0,4.761904716491699,0,0,0,248802.90789794922,245292.44647216797,0,404335493120,8589930496,23534768128,0
199,1727473669435,840,808,800,801,800,853,819,800,863,803,830,1945,857,831,852,919,803,829,800,801,803,800,803,809,827,800,831,845,889,802,846,800,0,0,0,0,0,0,0,0,0,0,0,0,0,0,0,0,100,0,0,0,0,0,0,0,0,0,0,0,0,0,0,0,248807.27404785156,245299.09790039063,0,404335493120,8589930496,23534768128,0
199,1727473669636,840,808,800,801,800,853,819,800,863,803,830,1945,857,831,852,919,803,829,800,801,803,800,803,809,827,800,831,845,889,802,846,800,0,0,0,0,0,0,0,0,0,0,0,0,0,0,0,0,100,0,0,0,0,0,0,0,0,0,0,0,0,0,0,0,248811.68237304688,245305.77911376953,0,404335493120,8589930496,23534768128,0
199,1727473669836,840,808,800,801,800,853,819,800,863,803,830,1945,857,831,852,919,803,829,800,801,803,800,803,809,827,800,831,845,889,802,846,800,0,0,0,0,0,0,0,0,0,0,0,0,0,0,0,0,100,0,0,0,0,0,0,0,0,0,0,0,0,0,0,0,248816.04217529297,245312.40228271484,0,404335493120,8589930496,23534768128,0
199,1727473670036,840,808,800,801,800,853,819,800,863,803,830,1945,857,831,852,919,803,829,800,801,803,800,803,809,827,800,831,845,889,802,846,800,0,0,0,0,0,0,0,0,0,0,0,0,2.5,0,0,0,100,0,0,0,0,0,0,0,0,0,0,0,0,0,0,2.4390242099761963,248820.42706298828,245319.04919433594,0,404335493120,8589930496,23534768128,0
199,1727473670236,840,808,800,801,800,853,819,800,863,803,830,1945,857,831,852,919,803,829,800,801,803,800,803,809,827,800,831,845,889,802,846,800,0,0,0,0,0,0,0,0,0,0,0,0,0,0,0,0,100,4.761904716491699,0,0,0,0,0,0,0,0,0,0,0,0,0,0,248824.78936767578,245325.6810913086,0,404335493120,8589930496,23534768128,0
199,1727473670436,840,808,800,801,800,853,819,800,863,803,830,1945,857,831,852,919,803,829,800,801,803,800,803,809,827,800,831,845,889,802,846,800,0,0,0,0,0,0,0,0,0,0,0,0,0,0,0,0,100,0,0,0,0,0,0,0,0,0,0,0,0,0,0,0,248829.15893554688,245332.39190673828,0,404335493120,8589930496,23534768128,0
199,1727473670636,840,808,800,801,800,853,819,800,863,803,830,1945,857,831,852,919,803,829,800,801,803,800,803,809,827,800,831,845,889,802,846,800,0,0,0,0,0,0,0,0,0,0,0,0,0,0,0,0,100,0,0,0,0,0,0,0,0,0,0,0,0,0,0,0,248833.5249633789,245339.08099365234,0,404335493120,8589930496,23534768128,0
199,1727473670836,840,808,800,801,800,853,819,800,863,803,830,1945,857,831,852,919,803,829,800,801,803,800,803,809,827,800,831,845,889,802,846,800,0,0,0,0,0,0,0,0,0,0,0,0,0,0,0,0,100,0,0,0,0,0,0,0,0,0,0,0,0,0,0,0,248837.86248779297,245345.70849609375,0,404335493120,8589930496,23534768128,0
199,1727473671037,840,808,800,801,800,853,819,800,863,803,830,1945,857,831,852,919,803,829,800,801,803,800,803,809,827,800,831,845,889,802,846,800,0,0,0,0,0,0,0,0,0,0,0,0,0,0,0,0,100,0,0,0,0,0,0,0,0,0,0,0,0,0,0,0,248842.20092773438,245352.38397216797,0,404335493120,8589930496,23534768128,0
199,1727473671237,840,808,800,801,800,853,819,800,863,803,830,1945,857,831,852,919,803,829,800,801,803,800,803,809,827,800,831,845,889,802,846,800,0,0,0,0,0,0,0,0,0,0,0,0,0,0,0,0,100,0,0,0,0,0,0,0,0,0,0,0,0,0,0,0,248846.58563232422,245359.05462646484,0,404335493120,8589930496,23534768128,0
199,1727473671437,840,808,800,801,800,853,819,800,863,803,830,1945,857,831,852,919,803,829,800,801,803,800,803,809,827,800,831,845,889,802,846,800,0,0,0,0,0,0,0,0,0,0,0,0,0,0,0,0,100,0,0,0,0,0,0,0,0,0,0,0,0,0,0,0,248850.92071533203,245365.7490234375,0,404335493120,8589930496,23534768128,0
199,1727473671637,840,808,800,801,800,853,819,800,863,803,830,1945,857,831,852,919,803,829,800,801,803,800,803,809,827,800,831,845,889,802,846,800,0,0,0,0,0,0,0,0,0,0,0,0,0,0,0,0,100,0,0,0,0,0,0,0,0,0,0,0,0,0,0,0,248855.14361572266,245372.4302368164,0,404335493120,8589930496,23534768128,0
199,1727473671837,840,808,800,801,800,853,819,800,863,803,830,1945,857,831,852,919,803,829,800,801,803,800,803,809,827,800,831,845,889,802,846,800,0,0,0,0,0,0,0,0,0,0,0,0,0,0,0,0,100,0,0,0,0,0,0,0,0,0,0,0,0,0,0,0,248859.37573242188,245379.10235595703,0,404335493120,8589930496,23534772224,0
199,1727473672037,840,808,800,801,800,853,819,800,863,803,830,1945,857,831,852,919,803,829,800,801,803,800,803,809,827,800,831,845,889,802,846,800,0,0,0,0,0,0,0,0,0,0,0,0,0,0,0,0,100,0,0,0,0,0,0,0,0,0,0,0,0,0,0,4.761904716491699,248863.71948242188,245385.8123779297,0,404335493120,8589930496,23534772224,0
199,1727473672237,840,808,800,801,800,853,819,800,863,803,830,1945,857,831,852,919,803,829,800,801,803,800,803,809,827,800,831,845,889,802,846,800,4.761904716491699,0,0,0,0,0,0,0,0,0,0,0,0,0,0,0,100,0,0,0,0,0,0,0,0,0,0,0,0,0,0,0,248868.0619506836,245392.44750976563,0,404335493120,8589930496,23534772224,0
199,1727473672437,840,808,800,801,800,853,819,800,863,803,830,1945,857,831,852,919,803,829,800,801,803,800,803,809,827,800,831,845,889,802,846,800,5,0,0,0,0,0,0,0,0,0,0,0,0,0,0,0,100,0,0,0,0,5,0,0,0,0,0,0,0,0,0,0,248872.40655517578,245399.11358642578,0,404335493120,8589930496,23534772224,0
199,1727473672638,840,808,800,801,800,853,819,800,863,803,830,1945,857,831,852,919,803,829,800,801,803,800,803,809,827,800,831,845,889,802,846,800,4.761904716491699,0,0,4.761904716491699,0,0,0,0,4.761904716491699,4.761904716491699,5,4.761904716491699,0,0,0,0,100,4.761904716491699,0,0,0,0,0,0,0,0,0,5,5,0,0,0,248876.7523803711,245405.83233642578,0,404335493120,8589930496,23534829568,0
199,1727473672838,840,808,800,801,800,853,819,800,863,803,830,1945,857,831,852,919,803,829,800,801,803,800,803,809,827,800,831,845,889,802,846,800,4.761904716491699,0,0,4.761904716491699,0,0,0,0,4.761904716491699,4.761904716491699,5,4.761904716491699,0,0,0,0,100,4.761904716491699,0,0,0,0,0,0,0,0,0,5,5,0,0,0,248881.1092529297,245412.47326660156,0,404335493120,8589930496,23534829568,0
199,1727473673038,840,808,800,801,800,853,819,800,863,803,830,1945,857,831,852,919,803,829,800,801,803,800,803,809,827,800,831,845,889,802,846,800,2.4390242099761963,0,2.4390242099761963,0,0,0,0,0,0,0,0,0,0,0,0,0,100,0,0,0,0,0,0,0,0,0,0,0,0,0,0,0,248885.4634399414,245419.12866210938,0,404335493120,8589930496,23534829568,0
199,1727473673238,840,808,800,801,800,853,819,800,863,803,830,1945,857,831,852,919,803,829,800,801,803,800,803,809,827,800,831,845,889,802,846,800,0,0,0,0,0,0,0,0,0,0,0,0,0,0,0,0,100,0,0,0,0,0,0,0,0,0,0,0,0,0,0,0,248889.82299804688,245425.80639648438,0,404335493120,8589930496,23534829568,0
199,1727473673438,840,808,800,801,800,853,819,800,863,803,830,1945,857,831,852,919,803,829,800,801,803,800,803,809,827,800,831,845,889,802,846,800,0,0,0,0,0,0,0,0,0,0,0,0,0,0,0,0,100,0,0,0,0,0,0,0,0,0,0,0,0,0,0,0,248894.23498535156,245432.48791503906,0,404335493120,8589930496,23534829568,0
199,1727473673638,840,808,800,801,800,853,819,800,863,803,830,1945,857,831,852,919,803,829,800,801,803,800,803,809,827,800,831,845,889,802,846,800,0,0,0,0,0,0,0,0,0,0,0,0,0,0,0,0,100,0,0,0,0,0,0,0,0,0,0,0,0,0,0,0,248898.6148071289,245439.16278076172,0,404335493120,8589930496,23534829568,0
199,1727473673838,840,808,800,801,800,853,819,800,863,803,830,1945,857,831,852,919,803,829,800,801,803,800,803,809,827,800,831,845,889,802,846,800,0,0,0,0,0,0,0,0,0,0,0,0,0,0,0,0,100,0,0,0,0,0,0,0,0,0,0,0,0,0,0,0,248902.96868896484,245445.8428955078,0,404335493120,8589930496,23534829568,0
199,1727473674039,840,808,800,801,800,853,819,800,863,803,830,1945,857,831,852,919,803,829,800,801,803,800,803,809,827,800,831,845,889,802,846,800,0,0,4.761904716491699,0,0,0,0,0,0,0,0,0,0,0,0,0,100,0,0,0,0,0,0,0,0,0,0,0,0,0,0,0,248907.27600097656,245452.52508544922,0,404335493120,8589930496,23534829568,0
199,1727473674239,840,808,800,801,800,853,819,800,863,803,830,1945,857,831,852,919,803,829,800,801,803,800,803,809,827,800,831,845,889,802,846,800,0,0,0,0,0,0,0,0,0,0,0,0,0,0,0,4.761904716491699,100,0,0,0,0,0,0,0,0,0,0,0,0,0,0,0,248911.5692138672,245459.18212890625,0,404335493120,8589930496,23534829568,0
199,1727473674439,840,808,800,801,800,853,819,800,863,803,830,1945,857,831,852,919,803,829,800,801,803,800,803,809,827,800,831,845,889,802,846,800,0,0,4.761904716491699,0,0,0,0,0,0,0,0,0,0,0,0,0,100,0,0,0,0,0,0,0,0,0,0,0,0,0,0,0,248915.8833618164,245465.88165283203,0,404335493120,8589930496,23534833664,0
199,1727473674639,840,808,800,801,800,853,819,800,863,803,830,1945,857,831,852,919,803,829,800,801,803,800,803,809,827,800,831,845,889,802,846,800,0,0,0,0,0,0,0,0,0,0,0,0,0,0,0,0,100,0,0,0,0,0,0,0,0,0,0,0,0,0,0,0,248920.22967529297,245472.56622314453,0,404335493120,8589930496,23534833664,0
199,1727473674839,840,808,800,801,800,853,819,800,863,803,830,1945,857,831,852,919,803,829,800,801,803,800,803,809,827,800,831,845,889,802,846,800,0,0,0,0,0,0,0,0,0,0,0,0,0,0,0,0,100,0,0,0,0,0,0,0,0,0,0,0,0,0,0,0,248924.5965576172,245479.24780273438,0,404335493120,8589930496,23534833664,0
199,1727473675039,840,808,800,801,800,853,819,800,863,803,830,1945,857,831,852,919,803,829,800,801,803,800,803,809,827,800,831,845,889,802,846,800,0,0,0,0,0,0,0,0,0,0,0,0,0,0,0,0,100,0,0,0,0,0,0,0,0,0,0,0,0,0,0,0,248928.94024658203,245485.9291381836,0,404335493120,8589930496,23534833664,0
199,1727473675239,840,808,800,801,800,853,819,800,863,803,830,1945,857,831,852,919,803,829,800,801,803,800,803,809,827,800,831,845,889,802,846,800,5,0,5,0,5,0,0,0,0,0,0,0,0,5,0,9.523809432983398,100,0,0,0,0,0,0,0,0,0,0,0,0,0,0,0,248933.26733398438,245492.59533691406,0,404335493120,8589930496,23534833664,0
199,1727473675439,840,808,800,801,800,853,819,800,863,803,830,1945,857,831,852,919,803,829,800,801,803,800,803,809,827,800,831,845,889,802,846,800,5.882352828979492,9.523809432983398,5,23.809524536132813,15.789472579956055,10,9.523809432983398,18.18181800842285,5.263157844543457,15.000000953674316,30.000001907348633,5.263157844543457,5,14.285715103149414,10.526315689086914,0,100,10.526315689086914,20,15.000000953674316,0,10.526315689086914,20,15.000000953674316,15.000000953674316,19.047618865966797,10,0,10,0,5.263157844543457,0,248937.75909423828,245499.62768554688,0,404335493120,8589930496,23634317312,0
199,1727473675640,840,808,800,801,800,853,819,800,863,803,830,1945,857,831,852,919,803,829,800,801,803,800,803,809,827,800,831,845,889,802,846,800,0,0,0,0,0,0,5,0,4.761904716491699,0,0,0,0,0,5,5,100,5,0,0,0,0,0,0,0,0,5,0,0,0,0,0,248942.0711669922,245506.28594970703,0,404335493120,8589930496,23634243584,0
199,1727473675840,840,808,800,801,800,853,819,800,863,803,830,1945,857,831,852,919,803,829,800,801,803,800,803,809,827,800,831,845,889,802,846,800,0,0,0,0,0,0,5,0,4.761904716491699,0,0,0,0,0,5,5,100,5,0,0,0,0,0,0,0,0,5,0,0,0,0,0,248946.39190673828,245512.88739013672,0,404335493120,8589930496,23635066880,0
199,1727473676040,840,808,800,801,800,853,819,800,863,803,830,1945,857,831,852,919,803,829,800,801,803,800,803,809,827,800,831,845,889,802,846,800,2.5641026496887207,2.5641026496887207,0,5,0,0,0,0,0,0,2.5,0,0,0,5,2.5,100,7.500000476837158,2.5641026496887207,5,0,2.5641026496887207,4.878048419952393,0,2.5,2.5641026496887207,0,0,7.500000476837158,0,0,5,248950.76666259766,245519.56634521484,0,404335493120,8589930496,23634251776,0
199,1727473676240,840,808,800,801,800,853,819,800,863,803,830,1945,857,831,852,919,803,829,800,801,803,800,803,809,827,800,831,845,889,802,846,800,2.5641026496887207,2.5641026496887207,0,5,0,0,0,0,0,0,2.5,0,0,0,5,2.5,100,7.500000476837158,2.5641026496887207,5,0,2.5641026496887207,4.878048419952393,0,2.5,2.5641026496887207,0,0,7.500000476837158,0,0,5,248955.08770751953,245526.17407226563,0,404335493120,8589930496,23634251776,0
199,1727473676440,840,808,800,801,800,853,819,800,863,803,830,1945,857,831,852,919,803,829,800,801,803,800,803,809,827,800,831,845,889,802,846,800,2.5,0,0,0,0,0,0,0,0,0,0,0,0,0,0,0,100,0,0,0,0,0,0,0,0,2.5641026496887207,0,0,0,2.5,2.5641026496887207,0,248959.45050048828,245532.8896484375,0,404335493120,8589930496,23634251776,0
199,1727473676640,840,808,800,801,800,853,819,800,863,803,830,1945,857,831,852,919,803,829,800,801,803,800,803,809,827,800,831,845,889,802,846,800,0,0,0,0,0,0,0,0,0,0,0,0,0,0,0,0,100,0,0,0,0,0,0,0,0,0,4.761904716491699,0,5,0,0,0,248963.78704833984,245539.56671142578,0,404335493120,8589930496,23634251776,0
199,1727473676840,840,808,800,801,800,853,819,800,863,803,830,1945,857,831,852,919,803,829,800,801,803,800,803,809,827,800,831,845,889,802,846,800,0,0,0,0,0,0,0,0,0,0,0,0,0,0,0,0,100,0,0,0,0,0,0,0,0,0,0,0,0,0,0,0,248968.1742553711,245546.2276611328,0,404335493120,8589930496,23634255872,0
199,1727473677040,840,808,800,801,800,853,819,800,863,803,830,1945,857,831,852,919,803,829,800,801,803,800,803,809,827,800,831,845,889,802,846,800,0,0,0,0,0,31.57894515991211,0,0,0,0,0,0,0,0,0,0,100,0,0,0,0,10,0,0,0,0,0,0,0,0,0,0,248972.556640625,245552.89337158203,0,404335493120,8589930496,23634255872,0
199,1727473677241,840,808,800,801,800,853,819,800,863,803,830,1945,857,831,852,919,803,829,800,801,803,800,803,809,827,800,831,845,889,802,846,800,0,0,0,0,0,31.57894515991211,0,0,0,0,0,0,0,0,0,0,100,0,0,0,0,10,0,0,0,0,0,0,0,0,0,0,248976.93975830078,245559.5347290039,0,404335493120,8589930496,23634255872,0
199,1727473677441,840,808,800,801,800,853,819,800,863,803,830,1945,857,831,852,919,803,829,800,801,803,800,803,809,827,800,831,845,889,802,846,800,0,0,0,0,2.5,2.4390242099761963,0,0,0,0,0,0,0,0,0,0,100,0,0,0,0,0,0,0,0,0,0,0,0,0,0,0,248981.29724121094,245566.2305908203,0,404335493120,8589930496,23634255872,0
199,1727473677641,840,808,800,801,800,853,819,800,863,803,830,1945,857,831,852,919,803,829,800,801,803,800,803,809,827,800,831,845,889,802,846,800,0,0,0,0,0,0,0,0,0,0,0,0,0,0,0,0,100,0,0,0,0,0,0,0,0,0,0,0,0,0,0,0,248985.66076660156,245572.92517089844,0,404335493120,8589930496,23634255872,0
199,1727473677841,840,808,800,801,800,853,819,800,863,803,830,1945,857,831,852,919,803,829,800,801,803,800,803,809,827,800,831,845,889,802,846,800,0,0,0,0,0,0,0,0,0,0,0,0,0,0,0,0,100,0,0,0,0,0,0,0,0,0,0,0,0,0,0,0,248990.00714111328,245579.60552978516,0,404335493120,8589930496,23634264064,0
199,1727473678041,840,808,800,801,800,853,819,800,863,803,830,1945,857,831,852,919,803,829,800,801,803,800,803,809,827,800,831,845,889,802,846,800,5,0,0,0,0,0,0,0,0,5,0,0,0,0,0,0,100,0,0,0,0,0,0,0,0,0,5,0,0,0,0,0,248994.4164428711,245586.33911132813,0,404335493120,8589930496,23634276352,0
199,1727473678241,840,808,800,801,800,853,819,800,863,803,830,1945,857,831,852,919,803,829,800,801,803,800,803,809,827,800,831,845,889,802,846,800,5,0,0,0,0,0,0,0,0,5,0,0,0,0,0,0,100,0,0,0,0,0,0,0,0,0,5,0,0,0,0,0,248998.76971435547,245592.984375,0,404335493120,8589930496,23634276352,0
199,1727473678441,840,808,800,801,800,853,819,800,863,803,830,1945,857,831,852,919,803,829,800,801,803,800,803,809,827,800,831,845,889,802,846,800,0,0,0,0,0,0,0,0,0,0,0,0,0,0,0,0,100,0,0,0,0,0,0,0,0,0,0,0,0,0,0,0,249003.14025878906,245599.64794921875,0,404335493120,8589930496,23634276352,0
199,1727473678642,840,808,800,801,800,853,819,800,863,803,830,1945,857,831,852,919,803,829,800,801,803,800,803,809,827,800,831,845,889,802,846,800,4.761904716491699,0,0,0,0,0,0,0,0,0,0,0,0,0,0,0,100,0,0,0,0,0,0,0,0,0,0,0,0,0,0,0,249007.4711303711,245606.2900390625,0,404335493120,8589930496,23634276352,0
199,1727473678842,840,808,800,801,800,853,819,800,863,803,830,1945,857,831,852,919,803,829,800,801,803,800,803,809,827,800,831,845,889,802,846,800,0,0,0,0,0,0,0,0,0,0,0,0,0,0,0,0,100,0,0,0,0,0,0,0,0,0,0,0,0,0,0,0,249011.84149169922,245612.9578857422,0,404335493120,8589930496,23634276352,0
199,1727473679042,840,808,800,801,800,853,819,800,863,803,830,1945,857,831,852,919,803,829,800,801,803,800,803,809,827,800,831,845,889,802,846,800,4.761904716491699,0,0,0,0,0,0,0,0,0,0,0,0,0,0,0,100,0,0,0,0,0,0,0,0,0,0,0,0,0,0,0,249016.19470214844,245619.6234741211,0,404335493120,8589930496,23634276352,0
199,1727473679242,840,808,800,801,800,853,819,800,863,803,830,1945,857,831,852,919,803,829,800,801,803,800,803,809,827,800,831,845,889,802,846,800,5,5.263157844543457,5.263157844543457,0,0,5.263157844543457,0,5,0,0,5,9.523809432983398,9.523809432983398,5,5,5,100,0,5,5.263157844543457,5,5,5,9.523809432983398,5,5,5,4.761904716491699,0,5,5,5,249020.6778564453,245626.37243652344,0,404335493120,8589930496,23534292992,0
199,1727473679442,840,808,800,801,800,853,819,800,863,803,830,1945,857,831,852,919,803,829,800,801,803,800,803,809,827,800,831,845,889,802,846,800,5,5.263157844543457,5.263157844543457,0,0,5.263157844543457,0,5,0,0,5,9.523809432983398,9.523809432983398,5,5,5,100,0,5,5.263157844543457,5,5,5,9.523809432983398,5,5,5,4.761904716491699,0,5,5,5,249025.0089111328,245632.9666748047,0,404335493120,8589930496,23534297088,0
199,1727473679642,840,808,800,801,800,853,819,800,863,803,830,1945,857,831,852,919,803,829,800,801,803,800,803,809,827,800,831,845,889,802,846,800,0,0,0,0,0,0,0,0,0,0,0,0,0,0,0,0,100,0,0,0,0,0,0,0,0,0,0,0,0,0,0,0,249029.37280273438,245639.63598632813,0,404335493120,8589930496,23534297088,0
199,1727473679842,840,808,800,801,800,853,819,800,863,803,830,1945,857,831,852,919,803,829,800,801,803,800,803,809,827,800,831,845,889,802,846,800,0,0,0,0,0,0,0,0,0,0,0,0,0,0,0,0,100,0,0,0,0,0,0,0,0,0,0,0,0,0,0,0,249033.70703125,245646.3110961914,0,404335493120,8589930496,23534297088,0
199,1727473680042,840,808,800,801,800,853,819,800,863,803,830,1945,857,831,852,919,803,829,800,801,803,800,803,809,827,800,831,845,889,802,846,800,0,0,0,0,0,0,0,0,0,0,0,0,0,0,0,0,100,0,0,0,0,0,0,0,0,0,0,0,0,0,0,0,249038.05310058594,245652.94989013672,0,404335493120,8589930496,23534297088,0
199,1727473680243,840,808,800,801,800,853,819,800,863,803,830,1945,857,831,852,919,803,829,800,801,803,800,803,809,827,800,831,845,889,802,846,800,0,0,0,0,0,0,0,0,0,0,0,0,0,0,0,0,100,0,0,0,0,0,0,0,0,0,0,0,0,0,0,0,249042.4002685547,245659.62365722656,0,404335493120,8589930496,23534297088,0
199,1727473680443,840,808,800,801,800,853,819,800,863,803,830,1945,857,831,852,919,803,829,800,801,803,800,803,809,827,800,831,845,889,802,846,800,0,0,0,0,0,0,0,0,0,0,0,0,0,0,0,0,100,0,0,0,0,0,0,0,0,0,0,0,0,0,0,0,249046.71417236328,245666.2862548828,0,404335493120,8589930496,23534297088,0
199,1727473680643,840,808,800,801,800,853,819,800,863,803,830,1945,857,831,852,919,803,829,800,801,803,800,803,809,827,800,831,845,889,802,846,800,0,0,0,0,0,0,0,4.761904716491699,0,0,0,0,0,0,0,0,100,0,0,0,0,0,0,0,0,0,0,0,0,0,0,0,249051.07623291016,245672.94799804688,0,404335493120,8589930496,23534297088,0
199,1727473680843,840,808,800,801,800,853,819,800,863,803,830,1945,857,831,852,919,803,829,800,801,803,800,803,809,827,800,831,845,889,802,846,800,0,0,0,0,0,0,0,0,0,0,0,0,0,0,0,0,100,0,0,0,0,0,0,0,0,0,0,0,0,0,0,0,249055.4252319336,245679.62268066406,0,404335493120,8589930496,23534297088,0
199,1727473681043,840,808,800,801,800,853,819,800,863,803,830,1945,857,831,852,919,803,829,800,801,803,800,803,809,827,800,831,845,889,802,846,800,0,0,0,0,0,0,0,0,0,0,0,0,0,0,0,0,100,0,0,0,0,0,0,0,0,0,0,0,0,0,0,0,249059.79669189453,245686.29052734375,0,404335493120,8589930496,23534297088,0
199,1727473681243,840,808,800,801,800,853,819,800,863,803,830,1945,857,831,852,919,803,829,800,801,803,800,803,809,827,800,831,845,889,802,846,800,0,0,0,0,0,0,0,0,0,0,0,0,0,0,0,0,100,0,0,0,0,0,0,0,0,0,0,0,0,0,0,0,249064.17156982422,245692.9656982422,0,404335493120,8589930496,23534297088,0
199,1727473681443,840,808,800,801,800,853,819,800,863,803,830,1945,857,831,852,919,803,829,800,801,803,800,803,809,827,800,831,845,889,802,846,800,0,0,0,0,0,0,0,0,0,0,0,0,0,0,0,0,100,0,0,0,0,0,0,0,0,0,0,0,0,0,0,0,249068.5164794922,245699.64862060547,0,404335493120,8589930496,23534297088,0
199,1727473681644,840,808,800,801,800,853,819,800,863,803,830,1945,857,831,852,919,803,829,800,801,803,800,803,809,827,800,831,845,889,802,846,800,0,0,0,0,0,0,0,0,0,0,0,0,0,0,0,0,100,0,0,0,0,0,0,0,0,0,0,0,0,0,0,0,249072.87072753906,245706.3286743164,0,404335493120,8589930496,23534297088,0
199,1727473681844,840,808,800,801,800,853,819,800,863,803,830,1945,857,831,852,919,803,829,800,801,803,800,803,809,827,800,831,845,889,802,846,800,0,0,0,0,0,0,0,0,0,0,0,0,0,0,0,0,100,0,0,0,0,0,0,0,0,0,0,0,0,0,0,0,249077.23010253906,245713.01104736328,0,404335493120,8589930496,23534297088,0
199,1727473682044,840,808,800,801,800,853,819,800,863,803,830,1945,857,831,852,919,803,829,800,801,803,800,803,809,827,800,831,845,889,802,846,800,0,0,0,0,0,0,0,0,0,0,0,0,0,0,0,0,100,0,0,0,0,0,0,0,0,0,0,0,0,0,0,0,249081.5819091797,245719.66973876953,0,404335493120,8589930496,23534297088,0
199,1727473682244,840,808,800,801,800,853,819,800,863,803,830,1945,857,831,852,919,803,829,800,801,803,800,803,809,827,800,831,845,889,802,846,800,0,0,0,0,0,0,0,0,0,0,0,0,0,0,0,0,100,0,0,0,0,0,0,0,0,0,0,0,0,0,0,0,249085.91143798828,245726.33642578125,0,404335493120,8589930496,23534301184,0
199,1727473682444,840,808,800,801,800,853,819,800,863,803,830,1945,857,831,852,919,803,829,800,801,803,800,803,809,827,800,831,845,889,802,846,800,0,0,0,0,0,0,0,0,0,0,0,0,0,0,0,0,100,0,0,0,0,0,0,0,0,0,0,0,0,0,0,0,249090.24139404297,245733.00897216797,0,404335493120,8589930496,23534301184,0
199,1727473682644,840,808,800,801,800,853,819,800,863,803,830,1945,857,831,852,919,803,829,800,801,803,800,803,809,827,800,831,845,889,802,846,800,0,0,0,0,0,0,0,0,0,5,0,0,0,0,0,0,100,0,0,0,0,0,0,0,0,0,0,0,0,0,0,0,249094.6346435547,245739.6929321289,0,404335493120,8589930496,23534301184,0
199,1727473682844,840,808,800,801,800,853,819,800,863,803,830,1945,857,831,852,919,803,829,800,801,803,800,803,809,827,800,831,845,889,802,846,800,0,0,0,0,0,0,0,0,0,0,0,0,0,0,0,0,100,0,0,0,0,0,0,0,0,0,0,0,0,0,0,0,249099.0157470703,245746.3783569336,0,404335493120,8589930496,23534301184,0
199,1727473683045,840,808,800,801,800,853,819,800,863,803,830,1945,857,831,852,919,803,829,800,801,803,800,803,809,827,800,831,845,889,802,846,800,0,0,0,0,0,0,0,0,0,0,0,0,0,0,0,0,100,0,0,0,0,0,0,0,0,0,0,0,0,0,0,0,249103.38189697266,245753.06085205078,0,404335493120,8589930496,23534301184,0
199,1727473683245,840,808,800,801,800,853,819,800,863,803,830,1945,857,831,852,919,803,829,800,801,803,800,803,809,827,800,831,845,889,802,846,800,0,0,0,0,0,0,0,0,0,0,0,0,0,0,0,0,100,0,0,0,0,0,0,0,0,0,0,0,0,0,0,0,249107.78350830078,245759.7314453125,0,404335493120,8589930496,23534301184,0
199,1727473683445,840,808,800,801,800,853,819,800,863,803,830,1945,857,831,852,919,803,829,800,801,803,800,803,809,827,800,831,845,889,802,846,800,0,0,0,0,0,0,0,0,0,0,0,0,0,0,0,0,100,0,0,0,0,0,0,0,0,0,0,0,0,0,0,0,249112.17419433594,245766.41729736328,0,404335493120,8589930496,23534301184,0
199,1727473683645,840,808,800,801,800,853,819,800,863,803,830,1945,857,831,852,919,803,829,800,801,803,800,803,809,827,800,831,845,889,802,846,800,0,0,0,0,0,0,0,0,0,0,0,0,0,0,0,0,100,0,0,0,0,0,0,0,0,0,0,0,0,0,0,0,249116.5235595703,245773.10424804688,0,404335493120,8589930496,23534301184,0
199,1727473683845,840,808,800,801,800,853,819,800,863,803,830,1945,857,831,852,919,803,829,800,801,803,800,803,809,827,800,831,845,889,802,846,800,0,0,0,0,0,0,0,0,0,0,0,0,0,0,0,0,100,0,0,0,0,0,0,0,0,0,0,0,0,0,0,0,249120.869140625,245779.79541015625,0,404335493120,8589930496,23534301184,0
199,1727473684045,840,808,800,801,800,853,819,800,863,803,830,1945,857,831,852,919,803,829,800,801,803,800,803,809,827,800,831,845,889,802,846,800,0,0,0,0,0,0,0,0,0,0,0,0,0,0,0,0,100,0,0,0,0,0,0,0,0,0,0,0,0,0,0,0,249125.265625,245786.46130371094,0,404335493120,8589930496,23534301184,0
199,1727473684245,840,808,800,801,800,853,819,800,863,803,830,1945,857,831,852,919,803,829,800,801,803,800,803,809,827,800,831,845,889,802,846,800,4.761904716491699,0,0,0,0,0,4.761904716491699,0,0,0,0,0,0,0,0,0,100,0,0,0,0,0,0,0,0,0,0,0,0,0,4.761904716491699,0,249129.64233398438,245793.10388183594,0,404335493120,8589930496,23534301184,0
199,1727473684446,840,808,800,801,800,853,819,800,863,803,830,1945,857,831,852,919,803,829,800,801,803,800,803,809,827,800,831,845,889,802,846,800,0,0,0,0,0,0,0,0,0,0,0,0,0,0,0,0,100,0,0,0,0,0,0,0,0,0,0,0,0,0,0,0,249134.03594970703,245799.77239990234,0,404335493120,8589930496,23534301184,0
199,1727473684646,840,808,800,801,800,853,819,800,863,803,830,1945,857,831,852,919,803,829,800,801,803,800,803,809,827,800,831,845,889,802,846,800,4.761904716491699,0,0,0,0,0,0,0,0,0,0,0,0,0,0,0,100,0,0,0,0,0,0,0,0,0,0,0,0,0,0,0,249138.39196777344,245806.41833496094,0,404335493120,8589930496,23534301184,0
199,1727473684846,840,808,800,801,800,853,819,800,863,803,830,1945,857,831,852,919,803,829,800,801,803,800,803,809,827,800,831,845,889,802,846,800,0,0,0,0,0,0,0,0,0,0,0,0,0,0,0,0,100,0,0,0,0,0,0,0,0,0,0,0,0,0,0,0,249142.78912353516,245813.1260986328,0,404335493120,8589930496,23534305280,0
199,1727473685046,840,808,800,801,800,853,819,800,863,803,830,1945,857,831,852,919,803,829,800,801,803,800,803,809,827,800,831,845,889,802,846,800,4.761904716491699,0,0,0,0,0,0,0,0,0,0,0,0,0,0,0,100,0,0,0,4.761904716491699,0,0,0,0,0,0,0,0,0,0,0,249147.1607055664,245819.7938232422,0,404335493120,8589930496,23534305280,0
199,1727473685246,840,808,800,801,800,853,819,800,863,803,830,1945,857,831,852,919,803,829,800,801,803,800,803,809,827,800,831,845,889,802,846,800,0,0,0,0,0,0,0,0,0,0,0,0,0,0,0,0,100,0,0,0,0,0,0,0,0,0,0,0,0,0,0,0,249151.546875,245826.42108154297,0,404335493120,8589930496,23534305280,0
199,1727473685446,840,808,800,801,800,853,819,800,863,803,830,1945,857,831,852,919,803,829,800,801,803,800,803,809,827,800,831,845,889,802,846,800,0,0,0,0,0,0,0,0,0,0,0,0,0,0,0,0,100,0,0,0,0,0,0,0,0,0,0,0,0,0,0,0,249155.9398803711,245833.1060180664,0,404335493120,8589930496,23534305280,0
199,1727473685646,840,808,800,801,800,853,819,800,863,803,830,1945,857,831,852,919,803,829,800,801,803,800,803,809,827,800,831,845,889,802,846,800,0,0,0,0,0,0,4.761904716491699,0,0,0,0,0,0,0,0,0,100,0,0,0,0,0,0,0,0,0,0,0,0,0,0,0,249160.35009765625,245839.7882080078,0,404335493120,8589930496,23534305280,0
199,1727473685846,840,808,800,801,800,853,819,800,863,803,830,1945,857,831,852,919,803,829,800,801,803,800,803,809,827,800,831,845,889,802,846,800,0,0,0,0,0,0,0,0,0,0,0,0,0,0,0,0,100,0,0,0,0,0,0,0,0,0,0,0,0,0,0,0,249164.78424072266,245846.44958496094,0,404335493120,8589930496,23534305280,0
199,1727473686047,840,808,800,801,800,853,819,800,863,803,830,1945,857,831,852,919,803,829,800,801,803,800,803,809,827,800,831,845,889,802,846,800,0,0,0,0,0,0,0,0,0,0,0,0,0,0,0,0,100,0,0,0,0,0,0,0,0,0,0,0,0,0,0,0,249169.18090820313,245853.12896728516,0,404335493120,8589930496,23534305280,0
199,1727473686247,840,808,800,801,800,853,819,800,863,803,830,1945,857,831,852,919,803,829,800,801,803,800,803,809,827,800,831,845,889,802,846,800,0,0,0,0,0,0,0,0,0,0,0,0,0,0,0,0,100,0,0,0,0,0,0,0,0,0,0,0,0,0,0,0,249173.57244873047,245859.8048095703,0,404335493120,8589930496,23534305280,0
199,1727473686447,840,808,800,801,800,853,819,800,863,803,830,1945,857,831,852,919,803,829,800,801,803,800,803,809,827,800,831,845,889,802,846,800,0,0,0,0,0,0,0,0,0,0,0,0,0,0,0,0,100,0,0,0,0,0,0,0,0,0,0,0,0,0,0,0,249177.97204589844,245866.48040771484,0,404335493120,8589930496,23534305280,0
199,1727473686647,840,808,800,801,800,853,819,800,863,803,830,1945,857,831,852,919,803,829,800,801,803,800,803,809,827,800,831,845,889,802,846,800,0,0,0,4.761904716491699,5,5,0,5,0,0,0,0,0,0,0,0,100,0,0,4.761904716491699,0,9.523809432983398,0,0,0,0,0,0,0,0,0,0,249182.3676147461,245873.20568847656,0,404335493120,8589930496,23534915584,0
199,1727473686847,840,808,800,801,800,853,819,800,863,803,830,1945,857,831,852,919,803,829,800,801,803,800,803,809,827,800,831,845,889,802,846,800,5,10,10,14.285715103149414,5.263157844543457,25,10,5,9.523809432983398,0,0,0,5,0,0,0,100,10,0,10,0,0,0,10,0,0,10,5.263157844543457,15.000000953674316,0,5,10,249186.79956054688,245879.8588256836,0,404335493120,8589930496,23593320448,0
199,1727473687047,840,808,800,801,800,853,819,800,863,803,830,1945,857,831,852,919,803,829,800,801,803,800,803,809,827,800,831,845,889,802,846,800,9.523809432983398,10.526315689086914,5.263157844543457,5.263157844543457,10,10,10,10,5.263157844543457,9.523809432983398,5.263157844543457,0,5.263157844543457,0,5,5,100,10,14.285715103149414,10,15.000000953674316,5.263157844543457,5,10,10,10,0,10,5,4.761904716491699,5.263157844543457,5.263157844543457,249191.34216308594,245886.74658203125,0,404335493120,8589930496,23635382272,0
199,1727473687247,840,808,800,801,800,853,819,800,863,803,830,1945,857,831,852,919,803,829,800,801,803,800,803,809,827,800,831,845,889,802,846,800,9.523809432983398,10.526315689086914,5.263157844543457,5.263157844543457,10,10,10,10,5.263157844543457,9.523809432983398,5.263157844543457,0,5.263157844543457,0,5,5,100,10,14.285715103149414,10,15.000000953674316,5.263157844543457,5,10,10,10,0,10,5,4.761904716491699,5.263157844543457,5.263157844543457,249195.75842285156,245893.35791015625,0,404335493120,8589930496,23635255296,0
199,1727473687447,840,808,800,801,800,853,819,800,863,803,830,1945,857,831,852,919,803,829,800,801,803,800,803,809,827,800,831,845,889,802,846,800,2.5641026496887207,2.5,0,0,2.5641026496887207,0,0,0,0,2.5,0,0,0,2.4390242099761963,0,0,100,0,0,0,0,5,10,0,2.5,0,0,0,0,0,0,2.4390242099761963,249200.166015625,245899.96948242188,0,404335493120,8589930496,23636082688,0
199,1727473687647,840,808,800,801,800,853,819,800,863,803,830,1945,857,831,852,919,803,829,800,801,803,800,803,809,827,800,831,845,889,802,846,800,5,0,13.636363983154297,9.523809432983398,10,0,0,0,5.263157844543457,0,5,0,0,0,0,0,100,0,0,0,0,5,0,0,9.523809432983398,0,5,0,10,0,10,0,249204.62615966797,245906.6167602539,0,404335493120,8589930496,23635271680,0
199,1727473687848,840,808,800,801,800,853,819,800,863,803,830,1945,857,831,852,919,803,829,800,801,803,800,803,809,827,800,831,845,889,802,846,800,5,0,13.636363983154297,9.523809432983398,10,0,0,0,5.263157844543457,0,5,0,0,0,0,0,100,0,0,0,0,5,0,0,9.523809432983398,0,5,0,10,0,10,0,249209.04052734375,245913.25549316406,0,404335493120,8589930496,23635271680,0
199,1727473688048,840,808,800,801,800,853,819,800,863,803,830,1945,857,831,852,919,803,829,800,801,803,800,803,809,827,800,831,845,889,802,846,800,0,0,0,0,0,2.5,0,0,0,0,0,0,0,0,0,0,100,0,0,0,0,0,0,0,0,0,0,5,2.5,0,0,2.4390242099761963,249213.4360961914,245919.9034423828,0,404335493120,8589930496,23635271680,0
199,1727473688248,840,808,800,801,800,853,819,800,863,803,830,1945,857,831,852,919,803,829,800,801,803,800,803,809,827,800,831,845,889,802,846,800,0,0,0,0,0,0,0,0,4.761904716491699,0,4.761904716491699,0,0,0,0,0,100,0,0,0,0,0,0,0,0,0,0,0,0,0,0,0,249217.83935546875,245926.56689453125,0,404335493120,8589930496,23635271680,0
199,1727473688448,840,808,800,801,800,853,819,800,863,803,830,1945,857,831,852,919,803,829,800,801,803,800,803,809,827,800,831,845,889,802,846,800,0,0,0,0,0,0,0,0,0,0,0,0,0,0,0,0,100,0,0,0,0,0,0,0,0,0,0,0,0,0,0,0,249222.21978759766,245933.23724365234,0,404335493120,8589930496,23635271680,0
199,1727473688648,840,808,800,801,800,853,819,800,863,803,830,1945,857,831,852,919,803,829,800,801,803,800,803,809,827,800,831,845,889,802,846,800,0,0,0,0,0,0,0,0,0,0,0,0,0,0,0,0,100,0,0,0,0,0,0,0,0,0,0,0,0,0,0,0,249226.57342529297,245939.87188720703,0,404335493120,8589930496,23635271680,0
199,1727473688848,840,808,800,801,800,853,819,800,863,803,830,1945,857,831,852,919,803,829,800,801,803,800,803,809,827,800,831,845,889,802,846,800,0,0,0,0,0,0,0,0,0,0,0,0,0,0,0,0,100,0,0,0,0,0,0,0,0,0,0,0,0,0,0,0,249231.02124023438,245946.57592773438,0,404335493120,8589930496,23635271680,0
199,1727473689048,840,808,800,801,800,853,819,800,863,803,830,1945,857,831,852,919,803,829,800,801,803,800,803,809,827,800,831,845,889,802,846,800,0,0,0,0,0,0,0,0,0,0,0,0,0,0,0,0,100,0,0,0,0,0,0,0,0,0,0,0,0,0,0,0,249235.41717529297,245953.22631835938,0,404335493120,8589930496,23635271680,0
199,1727473689248,840,808,800,801,800,853,819,800,863,803,830,1945,857,831,852,919,803,829,800,801,803,800,803,809,827,800,831,845,889,802,846,800,0,0,0,0,0,0,0,0,0,0,0,0,0,0,0,0,100,0,0,0,0,0,0,0,0,4.761904716491699,0,0,0,0,0,4.761904716491699,249239.8074951172,245959.91729736328,0,404335493120,8589930496,23635271680,0
199,1727473689449,840,808,800,801,800,853,819,800,863,803,830,1945,857,831,852,919,803,829,800,801,803,800,803,809,827,800,831,845,889,802,846,800,0,0,0,0,0,0,0,0,0,0,0,0,0,0,0,0,100,0,0,0,0,0,0,0,0,0,0,9.523809432983398,0,0,0,0,249244.1796875,245966.58764648438,0,404335493120,8589930496,23635271680,0
199,1727473689649,840,808,800,801,800,853,819,800,863,803,830,1945,857,831,852,919,803,829,800,801,803,800,803,809,827,800,831,845,889,802,846,800,0,0,0,0,0,0,0,0,0,0,0,0,0,0,0,0,100,0,0,0,0,0,0,0,0,0,0,0,0,0,0,0,249248.53228759766,245973.2227783203,0,404335493120,8589930496,23635271680,0
199,1727473689849,840,808,800,801,800,853,819,800,863,803,830,1945,857,831,852,919,803,829,800,801,803,800,803,809,827,800,831,845,889,802,846,800,0,0,0,0,0,0,0,0,0,0,0,0,0,0,0,0,100,0,0,0,0,0,0,0,0,0,0,0,0,0,0,0,249252.9041748047,245979.8895263672,0,404335493120,8589930496,23635275776,0
199,1727473690049,840,808,800,801,800,853,819,800,863,803,830,1945,857,831,852,919,803,829,800,801,803,800,803,809,827,800,831,845,889,802,846,800,0,0,0,0,0,0,0,0,0,0,0,0,0,0,0,0,100,0,0,0,0,0,0,0,0,0,0,0,0,0,0,0,249257.27893066406,245986.59991455078,0,404335493120,8589930496,23635275776,0
199,1727473690249,840,808,800,801,800,853,819,800,863,803,830,1945,857,831,852,919,803,829,800,801,803,800,803,809,827,800,831,845,889,802,846,800,0,0,0,0,0,0,0,0,0,0,0,0,0,0,0,0,100,0,0,0,0,0,0,0,0,0,0,0,0,0,0,0,249261.62255859375,245993.24572753906,0,404335493120,8589930496,23635275776,0
199,1727473690449,840,808,800,801,800,853,819,800,863,803,830,1945,857,831,852,919,803,829,800,801,803,800,803,809,827,800,831,845,889,802,846,800,0,0,0,0,0,0,0,0,0,0,0,0,0,0,0,0,100,0,0,0,0,0,0,0,0,0,9.090909004211426,0,0,0,0,0,249266.02783203125,245999.91735839844,0,404335493120,8589930496,23635275776,0
199,1727473690649,840,808,800,801,800,853,819,800,863,803,830,1945,857,831,852,919,803,829,800,801,803,800,803,809,827,800,831,845,889,802,846,800,0,0,0,0,0,0,0,0,0,0,0,0,0,0,0,0,100,0,0,0,0,0,0,0,0,0,0,0,0,0,0,0,249270.41729736328,246006.59490966797,0,404335493120,8589930496,23635275776,0
199,1727473690850,840,808,800,801,800,853,819,800,863,803,830,1945,857,831,852,919,803,829,800,801,803,800,803,809,827,800,831,845,889,802,846,800,0,0,0,0,0,0,0,0,0,0,0,0,0,0,0,0,100,0,0,0,0,0,0,0,0,0,0,0,0,0,0,0,249274.80352783203,246013.2621459961,0,404335493120,8589930496,23635275776,0
199,1727473691050,840,808,800,801,800,853,819,800,863,803,830,1945,857,831,852,919,803,829,800,801,803,800,803,809,827,800,831,845,889,802,846,800,0,0,5,0,0,0,0,0,0,0,0,0,0,0,0,0,100,0,0,0,0,0,0,0,0,0,0,0,0,0,0,0,249279.14904785156,246019.935546875,0,404335493120,8589930496,23635275776,0
199,1727473691250,840,808,800,801,800,853,819,800,863,803,830,1945,857,831,852,919,803,829,800,801,803,800,803,809,827,800,831,845,889,802,846,800,5,5,9.523809432983398,5,0,5.263157844543457,5,5,0,4.761904716491699,5,9.523809432983398,5,0,0,5,84.21052551269531,9.523809432983398,5,5.263157844543457,0,5,5,5,0,5,9.523809432983398,0,9.523809432983398,21.052631378173828,0,0,249283.60260009766,246026.68969726563,0,404335493120,8589930496,23533543424,0
199,1727473691450,840,808,800,801,800,853,819,800,863,803,830,1945,857,831,852,919,803,829,800,801,803,800,803,809,827,800,831,845,889,802,846,800,5,5,9.523809432983398,5,0,5.263157844543457,5,5,0,4.761904716491699,5,9.523809432983398,5,0,0,5,84.21052551269531,9.523809432983398,5,5.263157844543457,0,5,5,5,0,5,9.523809432983398,0,9.523809432983398,21.052631378173828,0,0,249287.93878173828,246033.31903076172,0,404335493120,8589930496,23533543424,0
199,1727473691650,840,808,800,801,800,853,819,800,863,803,830,1945,857,831,852,919,803,829,800,801,803,800,803,809,827,800,831,845,889,802,846,800,0,0,0,0,0,0,0,0,0,0,0,0,0,0,0,0,0,0,0,0,0,0,0,0,0,0,0,0,0,100,0,0,249292.2993774414,246039.99047851563,0,404335493120,8589930496,23533543424,0
199,1727473691850,840,808,800,801,800,853,819,800,863,803,830,1945,857,831,852,919,803,829,800,801,803,800,803,809,827,800,831,845,889,802,846,800,0,0,0,0,0,0,0,0,0,0,0,0,0,0,0,0,0,0,0,0,0,0,0,0,0,0,0,0,0,100,0,0,249296.65155029297,246046.6514892578,0,404335493120,8589930496,23533543424,0
199,1727473692051,840,808,800,801,800,853,819,800,863,803,830,1945,857,831,852,919,803,829,800,801,803,800,803,809,827,800,831,845,889,802,846,800,0,0,0,0,0,0,0,0,0,0,0,0,0,0,0,0,0,0,0,0,0,0,0,0,0,0,0,0,0,100,0,0,249300.98828125,246053.3236694336,0,404335493120,8589930496,23533543424,0
199,1727473692250,840,808,800,801,800,853,819,800,863,803,830,1945,857,831,852,919,803,829,800,801,803,800,803,809,827,800,831,845,889,802,846,800,0,0,0,0,0,0,0,0,0,0,0,0,0,0,0,0,0,0,0,0,0,0,0,0,0,0,0,0,0,100,0,0,249305.31036376953,246059.99743652344,0,404335493120,8589930496,23533543424,0
199,1727473692451,840,808,800,801,800,853,819,800,863,803,830,1945,857,831,852,919,803,829,800,801,803,800,803,809,827,800,831,845,889,802,846,800,0,0,0,0,0,0,0,0,0,0,0,0,0,0,0,0,0,0,0,0,0,0,0,0,0,0,0,0,0,100,0,0,249309.669921875,246066.66955566406,0,404335493120,8589930496,23533547520,0
199,1727473692651,840,808,800,801,800,853,819,800,863,803,830,1945,857,831,852,919,803,829,800,801,803,800,803,809,827,800,831,845,889,802,846,800,0,0,0,0,0,0,0,0,0,0,0,0,0,0,0,0,0,0,0,0,0,0,0,0,0,0,0,0,0,100,0,0,249314.03771972656,246073.3432006836,0,404335493120,8589930496,23533547520,0
199,1727473692851,840,808,800,801,800,853,819,800,863,803,830,1945,857,831,852,919,803,829,800,801,803,800,803,809,827,800,831,845,889,802,846,800,0,0,0,0,0,0,0,0,0,0,0,0,0,0,0,0,0,0,0,0,0,0,0,0,0,0,0,0,0,100,0,0,249318.3604736328,246080.02569580078,0,404335493120,8589930496,23533547520,0
199,1727473693051,840,808,800,801,800,853,819,800,863,803,830,1945,857,831,852,919,803,829,800,801,803,800,803,809,827,800,831,845,889,802,846,800,0,0,0,0,0,0,0,0,0,0,0,0,0,0,0,0,0,0,0,0,0,0,0,0,0,0,0,0,0,100,0,0,249322.68145751953,246086.70544433594,0,404335493120,8589930496,23533547520,0
199,1727473693251,840,808,800,801,800,853,819,800,863,803,830,1945,857,831,852,919,803,829,800,801,803,800,803,809,827,800,831,845,889,802,846,800,0,0,0,0,0,0,0,0,0,0,0,0,0,0,0,0,0,0,0,0,0,0,0,0,0,0,0,0,0,100,0,0,249327.03997802734,246093.37567138672,0,404335493120,8589930496,23533547520,0
199,1727473693451,840,808,800,801,800,853,819,800,863,803,830,1945,857,831,852,919,803,829,800,801,803,800,803,809,827,800,831,845,889,802,846,800,0,0,0,0,0,0,0,0,0,0,0,0,0,0,0,0,0,0,0,0,0,0,0,0,0,0,0,0,0,100,0,0,249331.37274169922,246100.05590820313,0,404335493120,8589930496,23533547520,0
199,1727473693652,840,808,800,801,800,853,819,800,863,803,830,1945,857,831,852,919,803,829,800,801,803,800,803,809,827,800,831,845,889,802,846,800,0,0,0,0,0,0,0,0,0,4.761904716491699,0,0,0,0,0,0,0,0,0,0,0,0,0,0,0,0,0,0,0,100,0,0,249335.74633789063,246106.73986816406,0,404335493120,8589930496,23533547520,0
199,1727473693852,840,808,800,801,800,853,819,800,863,803,830,1945,857,831,852,919,803,829,800,801,803,800,803,809,827,800,831,845,889,802,846,800,0,0,0,0,0,0,0,0,0,4.761904716491699,0,0,0,0,0,0,0,0,0,0,0,0,0,0,0,0,0,0,0,100,0,0,249340.08599853516,246113.41961669922,0,404335493120,8589930496,23533547520,0
199,1727473694052,840,808,800,801,800,853,819,800,863,803,830,1945,857,831,852,919,803,829,800,801,803,800,803,809,827,800,831,845,889,802,846,800,0,0,0,5,0,0,0,0,0,0,0,0,0,0,0,0,0,0,0,0,0,0,0,0,0,0,0,0,0,100,0,0,249344.45013427734,246120.10571289063,0,404335493120,8589930496,23533547520,0
199,1727473694252,840,808,800,801,800,853,819,800,863,803,830,1945,857,831,852,919,803,829,800,801,803,800,803,809,827,800,831,845,889,802,846,800,0,0,0,0,0,0,0,0,0,0,0,0,0,4.761904716491699,0,0,0,0,0,0,0,0,0,0,0,0,0,0,0,100,0,0,249348.83807373047,246126.72930908203,0,404335493120,8589930496,23533547520,0
199,1727473694452,840,808,800,801,800,853,819,800,863,803,830,1945,857,831,852,919,803,829,800,801,803,800,803,809,827,800,831,845,889,802,846,800,0,0,0,0,0,0,0,0,0,0,0,0,0,4.761904716491699,0,0,0,0,0,0,0,0,0,0,0,0,0,0,0,100,0,0,249353.18475341797,246133.40753173828,0,404335493120,8589930496,23533547520,0
199,1727473694652,840,808,800,801,800,853,819,800,863,803,830,1945,857,831,852,919,803,829,800,801,803,800,803,809,827,800,831,845,889,802,846,800,0,0,0,0,0,0,0,0,0,0,0,0,0,0,0,0,0,0,0,0,0,0,0,0,0,0,0,0,0,100,0,0,249357.59002685547,246140.0728149414,0,404335493120,8589930496,23533547520,0
199,1727473694852,840,808,800,801,800,853,819,800,863,803,830,1945,857,831,852,919,803,829,800,801,803,800,803,809,827,800,831,845,889,802,846,800,0,0,0,0,0,0,0,0,0,0,0,0,4.761904716491699,0,0,0,0,0,0,0,0,0,0,0,0,0,0,0,0,100,0,0,249361.94677734375,246146.74291992188,0,404335493120,8589930496,23533547520,0
199,1727473695052,840,808,800,801,800,853,819,800,863,803,830,1945,857,831,852,919,803,829,800,801,803,800,803,809,827,800,831,845,889,802,846,800,0,0,0,0,0,0,0,0,0,0,0,0,0,0,0,0,0,0,0,0,0,0,0,0,0,0,0,0,0,100,0,0,249366.2212524414,246153.41015625,0,404335493120,8589930496,23533547520,0
199,1727473695253,840,808,800,801,800,853,819,800,863,803,830,1945,857,831,852,919,803,829,800,801,803,800,803,809,827,800,831,845,889,802,846,800,0,0,0,0,0,0,0,0,0,0,0,0,0,0,0,0,0,0,0,0,0,0,0,0,0,0,0,0,0,100,0,0,249370.5679321289,246160.09014892578,0,404335493120,8589930496,23533551616,0
199,1727473695453,840,808,800,801,800,853,819,800,863,803,830,1945,857,831,852,919,803,829,800,801,803,800,803,809,827,800,831,845,889,802,846,800,0,0,0,0,0,0,0,0,0,0,0,0,0,0,0,0,0,0,0,0,0,0,0,0,0,0,0,0,0,100,0,0,249374.84411621094,246166.76489257813,0,404335493120,8589930496,23533551616,0
199,1727473695653,840,808,800,801,800,853,819,800,863,803,830,1945,857,831,852,919,803,829,800,801,803,800,803,809,827,800,831,845,889,802,846,800,0,0,0,0,0,0,0,0,0,0,0,0,0,0,0,0,0,0,0,0,0,0,0,0,0,0,0,0,0,100,0,0,249379.18267822266,246173.404296875,0,404335493120,8589930496,23533551616,0
199,1727473695853,840,808,800,801,800,853,819,800,863,803,830,1945,857,831,852,919,803,829,800,801,803,800,803,809,827,800,831,845,889,802,846,800,0,0,0,0,0,0,0,0,0,0,0,0,0,0,0,0,0,0,0,0,0,0,0,0,0,0,0,0,0,100,0,0,249383.54693603516,246180.11651611328,0,404335493120,8589930496,23533551616,0
199,1727473696053,840,808,800,801,800,853,819,800,863,803,830,1945,857,831,852,919,803,829,800,801,803,800,803,809,827,800,831,845,889,802,846,800,0,0,0,4.761904716491699,0,0,0,0,0,0,0,0,0,0,0,0,0,0,0,0,0,0,0,0,0,0,0,0,0,100,0,0,249387.87725830078,246186.7996826172,0,404335493120,8589930496,23533551616,0
199,1727473696253,840,808,800,801,800,853,819,800,863,803,830,1945,857,831,852,919,803,829,800,801,803,800,803,809,827,800,831,845,889,802,846,800,0,0,0,5,0,0,0,0,0,0,0,0,0,0,0,0,0,0,0,0,0,0,0,0,0,0,4.761904716491699,0,0,100,0,0,249392.26293945313,246193.4584350586,0,404335493120,8589930496,23533551616,0
199,1727473696453,840,808,800,801,800,853,819,800,863,803,830,1945,857,831,852,919,803,829,800,801,803,800,803,809,827,800,831,845,889,802,846,800,0,0,0,0,0,0,0,0,0,0,0,0,0,0,0,0,0,0,0,0,0,0,0,0,0,0,0,0,0,100,0,0,249396.65509033203,246200.11016845703,0,404335493120,8589930496,23533551616,0
199,1727473696654,840,808,800,801,800,853,819,800,863,803,830,1945,857,831,852,919,803,829,800,801,803,800,803,809,827,800,831,845,889,802,846,800,0,0,0,0,0,0,0,0,0,0,0,0,0,0,0,0,0,0,0,0,0,0,0,0,0,0,4.761904716491699,0,0,100,0,0,249401.02459716797,246206.7655029297,0,404335493120,8589930496,23533551616,0
199,1727473696854,840,808,800,801,800,853,819,800,863,803,830,1945,857,831,852,919,803,829,800,801,803,800,803,809,827,800,831,845,889,802,846,800,0,0,0,0,0,0,0,0,0,0,0,0,0,0,0,0,0,0,0,0,0,0,0,0,0,0,0,0,0,100,0,0,249405.39044189453,246213.43615722656,0,404335493120,8589930496,23533551616,0
199,1727473697054,840,808,800,801,800,853,819,800,863,803,830,1945,857,831,852,919,803,829,800,801,803,800,803,809,827,800,831,845,889,802,846,800,0,0,0,0,0,0,0,0,0,0,0,0,0,0,0,0,0,0,0,0,0,0,0,0,0,0,0,0,0,100,0,0,249409.7533569336,246220.1063232422,0,404335493120,8589930496,23533551616,0
199,1727473697254,840,808,800,801,800,853,819,800,863,803,830,1945,857,831,852,919,803,829,800,801,803,800,803,809,827,800,831,845,889,802,846,800,0,0,0,0,0,0,0,0,0,0,0,0,0,0,0,0,0,0,0,0,0,0,0,0,0,0,0,0,0,100,0,0,249414.0707397461,246226.73468017578,0,404335493120,8589930496,23533551616,0
199,1727473697454,840,808,800,801,800,853,819,800,863,803,830,1945,857,831,852,919,803,829,800,801,803,800,803,809,827,800,831,845,889,802,846,800,0,2.4390242099761963,0,2.5,0,0,0,0,0,2.5,0,0,2.4390242099761963,0,0,0,0,0,0,0,0,5.128205299377441,0,0,2.4390242099761963,0,0,2.4390242099761963,0,100,2.4390242099761963,0,249418.46118164063,246233.44006347656,0,404335493120,8589930496,23541612544,0
199,1727473697654,840,808,800,801,800,853,819,800,863,803,830,1945,857,831,852,919,803,829,800,801,803,800,803,809,827,800,831,845,889,802,846,800,9.090909004211426,0,9.090909004211426,19.047618865966797,5,0,0,0,0,0,0,0,0,4.761904716491699,4.761904716491699,0,0,0,0,0,0,4.761904716491699,9.090909004211426,0,0,4.761904716491699,0,5,0,100,9.090909004211426,4.761904716491699,249422.81622314453,246240.09411621094,0,404335493120,8589930496,23533551616,0
199,1727473697854,840,808,800,801,800,853,819,800,863,803,830,1945,857,831,852,919,803,829,800,801,803,800,803,809,827,800,831,845,889,802,846,800,10,4.761904716491699,0,5.263157844543457,0,0,0,0,0,0,0,0,0,0,15.000000953674316,0,0,0,0,5.263157844543457,0,0,20,0,4.761904716491699,5.263157844543457,0,4.761904716491699,10,100,10,5.263157844543457,249427.1865234375,246246.73046875,0,404335493120,8589930496,23537033216,0
199,1727473698054,840,808,800,801,800,853,819,800,863,803,830,1945,857,831,852,919,803,829,800,801,803,800,803,809,827,800,831,845,889,802,846,800,5.263157844543457,10,14.285715103149414,19.047618865966797,19.047618865966797,10,10,14.285715103149414,15.000000953674316,15.000000953674316,14.285715103149414,10,10,5.263157844543457,0,10,9.523809432983398,14.285715103149414,10,14.285715103149414,9.523809432983398,5,15.789472579956055,10,11.111111640930176,5,15.000000953674316,10.526315689086914,15.000000953674316,100,5.263157844543457,15.000000953674316,249431.7205810547,246253.77667236328,0,404335493120,8589930496,23646666752,0
199,1727473698255,840,808,800,801,800,853,819,800,863,803,830,1945,857,831,852,919,803,829,800,801,803,800,803,809,827,800,831,845,889,802,846,800,5.263157844543457,10,14.285715103149414,19.047618865966797,19.047618865966797,10,10,14.285715103149414,15.000000953674316,15.000000953674316,14.285715103149414,10,10,5.263157844543457,0,10,9.523809432983398,14.285715103149414,10,14.285715103149414,9.523809432983398,5,15.789472579956055,10,11.111111640930176,5,15.000000953674316,10.526315689086914,15.000000953674316,100,5.263157844543457,15.000000953674316,249436.09564208984,246260.35565185547,0,404335493120,8589930496,23646416896,0
199,1727473698455,840,808,800,801,800,853,819,800,863,803,830,1945,857,831,852,919,803,829,800,801,803,800,803,809,827,800,831,845,889,802,846,800,2.5,0,0,2.5,0,0,0,5,0,2.5641026496887207,5,0,0,0,0,5,0,0,4.878048419952393,2.5641026496887207,2.5,2.5641026496887207,0,0,4.878048419952393,0,0,0,0,100,5,0,249440.49212646484,246267.00872802734,0,404335493120,8589930496,23646732288,0
199,1727473698655,840,808,800,801,800,853,819,800,863,803,830,1945,857,831,852,919,803,829,800,801,803,800,803,809,827,800,831,845,889,802,846,800,2.5,0,0,2.5,0,0,0,5,0,2.5641026496887207,5,0,0,0,0,5,0,0,4.878048419952393,2.5641026496887207,2.5,2.5641026496887207,0,0,4.878048419952393,0,0,0,0,100,5,0,249444.82061767578,246273.60565185547,0,404335493120,8589930496,23646818304,0
199,1727473698855,840,808,800,801,800,853,819,800,863,803,830,1945,857,831,852,919,803,829,800,801,803,800,803,809,827,800,831,845,889,802,846,800,0,0,0,0,0,2.4390242099761963,0,0,0,4.878048419952393,0,2.5,0,2.5,5,0,0,0,0,0,0,0,0,5,2.5,0,5,2.4390242099761963,0,100,0,0,249449.18725585938,246280.30419921875,0,404335493120,8589930496,23646531584,0
199,1727473699055,840,808,800,801,800,853,819,800,863,803,830,1945,857,831,852,919,803,829,800,801,803,800,803,809,827,800,831,845,889,802,846,800,0,0,0,0,0,2.4390242099761963,0,0,0,4.878048419952393,0,2.5,0,2.5,5,0,0,0,0,0,0,0,0,5,2.5,0,5,2.4390242099761963,0,100,0,0,249453.55267333984,246286.99114990234,0,404335493120,8589930496,23646531584,0
199,1727473699255,840,808,800,801,800,853,819,800,863,803,830,1945,857,831,852,919,803,829,800,801,803,800,803,809,827,800,831,845,889,802,846,800,0,0,0,0,0,0,0,0,0,0,0,0,0,0,0,2.4390242099761963,0,0,0,0,0,0,0,0,0,0,2.5,0,0,100,0,0,249457.89672851563,246293.62280273438,0,404335493120,8589930496,23646531584,0
199,1727473699455,840,808,800,801,800,853,819,800,863,803,830,1945,857,831,852,919,803,829,800,801,803,800,803,809,827,800,831,845,889,802,846,800,0,0,0,0,0,0,0,0,0,0,0,0,0,0,0,0,0,0,0,0,0,0,0,0,0,0,0,0,0,100,0,0,249462.24542236328,246300.30242919922,0,404335493120,8589930496,23646531584,0
199,1727473699655,840,808,800,801,800,853,819,800,863,803,830,1945,857,831,852,919,803,829,800,801,803,800,803,809,827,800,831,845,889,802,846,800,0,0,0,0,0,0,0,0,0,0,0,0,0,0,0,0,0,0,0,0,0,0,0,0,0,0,0,0,0,100,0,0,249466.58111572266,246306.98071289063,0,404335493120,8589930496,23646531584,0
199,1727473699855,840,808,800,801,800,853,819,800,863,803,830,1945,857,831,852,919,803,829,800,801,803,800,803,809,827,800,831,845,889,802,846,800,0,0,0,0,0,0,0,0,0,0,0,0,0,0,0,0,0,0,0,0,0,0,0,0,0,0,0,0,0,100,0,0,249470.92987060547,246313.65979003906,0,404335493120,8589930496,23646535680,0
199,1727473700056,840,808,800,801,800,853,819,800,863,803,830,1945,857,831,852,919,803,829,800,801,803,800,803,809,827,800,831,845,889,802,846,800,0,0,0,0,0,0,0,0,0,0,0,0,0,0,0,0,0,0,0,4.761904716491699,0,0,0,0,0,0,0,0,0,100,0,0,249475.28741455078,246320.33331298828,0,404335493120,8589930496,23646535680,0
199,1727473700256,840,808,800,801,800,853,819,800,863,803,830,1945,857,831,852,919,803,829,800,801,803,800,803,809,827,800,831,845,889,802,846,800,0,0,0,0,0,0,0,0,0,0,0,0,0,0,0,0,0,0,0,0,0,0,0,0,0,0,0,0,0,100,0,0,249479.64379882813,246326.9970703125,0,404335493120,8589930496,23646535680,0
199,1727473700456,840,808,800,801,800,853,819,800,863,803,830,1945,857,831,852,919,803,829,800,801,803,800,803,809,827,800,831,845,889,802,846,800,0,0,0,0,0,0,0,0,0,0,0,0,0,0,0,0,0,0,0,0,0,0,0,0,0,0,0,0,0,100,0,0,249483.99432373047,246333.67553710938,0,404335493120,8589930496,23646535680,0
199,1727473700656,840,808,800,801,800,853,819,800,863,803,830,1945,857,831,852,919,803,829,800,801,803,800,803,809,827,800,831,845,889,802,846,800,0,0,0,0,0,0,0,0,0,0,0,0,0,0,0,0,0,0,0,0,0,0,0,0,0,0,0,0,0,100,0,0,249488.34283447266,246340.32135009766,0,404335493120,8589930496,23646552064,0
199,1727473700856,840,808,800,801,800,853,819,800,863,803,830,1945,857,831,852,919,803,829,800,801,803,800,803,809,827,800,831,845,889,802,846,800,0,0,0,0,0,0,0,0,0,0,0,0,0,4.761904716491699,0,0,0,0,0,0,0,0,0,0,0,0,0,0,0,100,0,0,249492.67236328125,246346.98138427734,0,404335493120,8589930496,23646552064,0
199,1727473701056,840,808,800,801,800,853,819,800,863,803,830,1945,857,831,852,919,803,829,800,801,803,800,803,809,827,800,831,845,889,802,846,800,0,0,0,0,0,0,0,0,0,0,0,0,0,0,0,0,0,0,0,0,0,0,0,0,0,0,0,0,0,100,0,0,249497.0239868164,246353.64489746094,0,404335493120,8589930496,23646617600,0
199,1727473701256,840,808,800,801,800,853,819,800,863,803,830,1945,857,831,852,919,803,829,800,801,803,800,803,809,827,800,831,845,889,802,846,800,0,0,0,0,0,0,0,0,0,0,0,0,0,0,0,0,0,0,0,0,0,0,0,0,0,0,0,0,0,100,0,0,249501.37133789063,246360.30291748047,0,404335493120,8589930496,23646617600,0
199,1727473701456,840,808,800,801,800,853,819,800,863,803,830,1945,857,831,852,919,803,829,800,801,803,800,803,809,827,800,831,845,889,802,846,800,0,0,0,0,0,0,0,0,0,0,0,0,0,0,0,0,0,0,0,0,0,0,0,0,0,0,0,0,0,100,0,0,249505.72943115234,246366.98333740234,0,404335493120,8589930496,23646617600,0
199,1727473701657,840,808,800,801,800,853,819,800,863,803,830,1945,857,831,852,919,803,829,800,801,803,800,803,809,827,800,831,845,889,802,846,800,0,0,0,0,0,0,0,0,0,0,0,0,0,0,0,0,0,0,0,0,0,0,0,0,0,0,0,0,0,100,0,0,249510.11541748047,246373.63037109375,0,404335493120,8589930496,23646617600,0
199,1727473701857,840,808,800,801,800,853,819,800,863,803,830,1945,857,831,852,919,803,829,800,801,803,800,803,809,827,800,831,845,889,802,846,800,0,0,0,0,0,0,0,0,0,0,0,0,0,0,0,0,0,0,0,0,0,0,0,0,0,0,0,0,0,100,0,0,249514.52380371094,246380.28869628906,0,404335493120,8589930496,23646617600,0
199,1727473702057,840,808,800,801,800,853,819,800,863,803,830,1945,857,831,852,919,803,829,800,801,803,800,803,809,827,800,831,845,889,802,846,800,0,0,0,0,0,0,0,0,0,0,0,0,0,0,0,0,0,0,0,4.761904716491699,0,0,0,0,0,0,0,0,0,100,0,0,249518.89776611328,246386.921875,0,404335493120,8589930496,23646617600,0
199,1727473702257,840,808,800,801,800,853,819,800,863,803,830,1945,857,831,852,919,803,829,800,801,803,800,803,809,827,800,831,845,889,802,846,800,5,5,5,0,0,0,5,5,5,0,5.263157844543457,4.761904716491699,5,5,5,0,25,0,5,5,5,9.523809432983398,9.523809432983398,5,5,10,5,9.523809432983398,9.523809432983398,76.19047546386719,5,0,249523.36096191406,246393.73223876953,0,404335493120,8589930496,23534153728,0
199,1727473702457,840,808,800,801,800,853,819,800,863,803,830,1945,857,831,852,919,803,829,800,801,803,800,803,809,827,800,831,845,889,802,846,800,5,5,5,0,0,0,5,5,5,0,5.263157844543457,4.761904716491699,5,5,5,0,25,0,5,5,5,9.523809432983398,9.523809432983398,5,5,10,5,9.523809432983398,9.523809432983398,76.19047546386719,5,0,249527.73828125,246400.36651611328,0,404335493120,8589930496,23534153728,0
199,1727473702657,840,808,800,801,800,853,819,800,863,803,830,1945,857,831,852,919,803,829,800,801,803,800,803,809,827,800,831,845,889,802,846,800,2.5,0,0,0,0,0,0,0,0,0,0,0,0,0,0,0,0,0,0,0,0,0,0,0,0,0,0,0,0,100,2.5,0,249532.0997314453,246407.03002929688,0,404335493120,8589930496,23534157824,0
199,1727473702857,840,808,800,801,800,853,819,800,863,803,830,1945,857,831,852,919,803,829,800,801,803,800,803,809,827,800,831,845,889,802,846,800,4.761904716491699,0,0,0,0,0,0,0,0,0,0,0,0,0,0,0,0,0,0,0,0,0,0,0,0,0,0,0,0,100,0,0,249536.4962158203,246413.70782470703,0,404335493120,8589930496,23534157824,0
199,1727473703058,840,808,800,801,800,853,819,800,863,803,830,1945,857,831,852,919,803,829,800,801,803,800,803,809,827,800,831,845,889,802,846,800,0,0,0,0,0,0,0,0,0,0,0,0,0,0,0,0,0,0,0,0,0,0,0,0,0,0,0,0,0,100,0,0,249540.91870117188,246420.3546142578,0,404335493120,8589930496,23534157824,0
199,1727473703258,840,808,800,801,800,853,819,800,863,803,830,1945,857,831,852,919,803,829,800,801,803,800,803,809,827,800,831,845,889,802,846,800,0,0,0,0,0,0,0,0,0,0,0,0,0,0,0,0,0,0,0,0,0,0,0,0,0,0,0,0,0,100,0,0,249545.30627441406,246426.98455810547,0,404335493120,8589930496,23534157824,0
199,1727473703458,840,808,800,801,800,853,819,800,863,803,830,1945,857,831,852,919,803,829,800,801,803,800,803,809,827,800,831,845,889,802,846,800,2.4390242099761963,0,0,0,0,0,0,0,0,2.5,0,0,0,0,0,0,0,0,0,0,0,2.4390242099761963,0,0,0,0,0,0,0,100,2.5,0,249549.68579101563,246433.6509399414,0,404335493120,8589930496,23534157824,0
199,1727473703658,840,808,800,801,800,853,819,800,863,803,830,1945,857,831,852,919,803,829,800,801,803,800,803,809,827,800,831,845,889,802,846,800,0,0,0,0,0,0,0,0,0,0,0,0,0,0,0,0,0,0,0,0,0,0,0,0,0,0,0,0,0,100,0,0,249554.03826904297,246440.30541992188,0,404335493120,8589930496,23534157824,0
199,1727473703858,840,808,800,801,800,853,819,800,863,803,830,1945,857,831,852,919,803,829,800,801,803,800,803,809,827,800,831,845,889,802,846,800,0,0,0,0,0,0,0,0,0,0,0,0,0,0,0,0,0,0,0,0,0,0,0,0,0,0,0,0,0,100,0,0,249558.40954589844,246446.97723388672,0,404335493120,8589930496,23534157824,0
199,1727473704058,840,808,800,801,800,853,819,800,863,803,830,1945,857,831,852,919,803,829,800,801,803,800,803,809,827,800,831,845,889,802,846,800,0,0,0,0,0,0,0,0,0,0,0,0,0,0,0,0,0,0,0,0,0,0,0,0,0,0,0,0,0,100,0,0,249562.80737304688,246453.6553955078,0,404335493120,8589930496,23534157824,0
199,1727473704258,840,808,800,801,800,853,819,800,863,803,830,1945,857,831,852,919,803,829,800,801,803,800,803,809,827,800,831,845,889,802,846,800,0,0,5,0,0,0,0,0,0,0,0,0,4.761904716491699,0,0,0,0,0,0,0,0,0,0,0,0,0,0,0,0,100,5,0,249567.2348022461,246460.2992553711,0,404335493120,8589930496,23534157824,0
199,1727473704458,840,808,800,801,800,853,819,800,863,803,830,1945,857,831,852,919,803,829,800,801,803,800,803,809,827,800,831,845,889,802,846,800,0,0,0,0,0,0,0,0,0,0,0,0,0,0,0,0,0,0,0,0,0,0,0,0,0,0,0,0,0,100,0,0,249571.6329345703,246466.96313476563,0,404335493120,8589930496,23534157824,0
199,1727473704659,840,808,800,801,800,853,819,800,863,803,830,1945,857,831,852,919,803,829,800,801,803,800,803,809,827,800,831,845,889,802,846,800,0,0,0,0,0,0,0,0,0,0,0,0,0,0,0,0,0,0,0,0,0,0,0,0,0,0,0,0,0,100,0,0,249576.03497314453,246473.6007080078,0,404335493120,8589930496,23534157824,0
199,1727473704859,840,808,800,801,800,853,819,800,863,803,830,1945,857,831,852,919,803,829,800,801,803,800,803,809,827,800,831,845,889,802,846,800,0,0,0,0,0,0,0,0,0,0,0,0,0,0,0,0,0,0,0,0,0,0,0,0,0,0,0,0,0,100,0,0,249580.41522216797,246480.25170898438,0,404335493120,8589930496,23534157824,0
199,1727473705059,840,808,800,801,800,853,819,800,863,803,830,1945,857,831,852,919,803,829,800,801,803,800,803,809,827,800,831,845,889,802,846,800,0,0,0,0,0,0,0,0,0,0,0,0,0,0,0,0,0,0,0,0,0,0,0,0,0,0,0,0,0,100,0,0,249584.80102539063,246486.9126586914,0,404335493120,8589930496,23534157824,0
199,1727473705259,840,808,800,801,800,853,819,800,863,803,830,1945,857,831,852,919,803,829,800,801,803,800,803,809,827,800,831,845,889,802,846,800,0,0,0,0,0,0,0,0,0,0,0,0,0,0,0,0,0,0,0,5,0,0,0,0,0,0,0,0,0,100,0,0,249589.18786621094,246493.5467529297,0,404335493120,8589930496,23534161920,0
199,1727473705459,840,808,800,801,800,853,819,800,863,803,830,1945,857,831,852,919,803,829,800,801,803,800,803,809,827,800,831,845,889,802,846,800,0,0,0,0,0,0,0,0,0,0,0,0,0,0,0,0,0,0,0,0,0,0,0,0,0,0,0,0,0,100,0,0,249593.58197021484,246500.150390625,0,404335493120,8589930496,23534161920,0
199,1727473705659,840,808,800,801,800,853,819,800,863,803,830,1945,857,831,852,919,803,829,800,801,803,800,803,809,827,800,831,845,889,802,846,800,0,0,0,0,0,0,0,0,0,0,0,0,0,0,0,0,0,0,0,0,0,0,0,0,0,0,0,0,0,100,0,0,249597.96954345703,246506.7674560547,0,404335493120,8589930496,23534161920,0
199,1727473705859,840,808,800,801,800,853,819,800,863,803,830,1945,857,831,852,919,803,829,800,801,803,800,803,809,827,800,831,845,889,802,846,800,0,0,0,0,0,0,0,0,0,0,0,0,0,0,0,0,0,0,0,0,0,0,0,0,0,0,0,0,0,100,0,0,249602.36004638672,246513.41821289063,0,404335493120,8589930496,23534161920,0
199,1727473706059,840,808,800,801,800,853,819,800,863,803,830,1945,857,831,852,919,803,829,800,801,803,800,803,809,827,800,831,845,889,802,846,800,0,0,0,0,0,0,0,0,0,0,0,0,0,0,0,0,0,0,0,5,0,0,0,0,0,0,0,0,0,100,0,0,249606.73016357422,246520.06939697266,0,404335493120,8589930496,23534161920,0
199,1727473706260,840,808,800,801,800,853,819,800,863,803,830,1945,857,831,852,919,803,829,800,801,803,800,803,809,827,800,831,845,889,802,846,800,0,0,0,0,0,0,0,0,0,0,4.761904716491699,0,0,0,0,0,0,0,0,0,0,0,0,0,0,0,0,0,0,100,0,0,249611.1162109375,246526.71685791016,0,404335493120,8589930496,23534161920,0
199,1727473706460,840,808,800,801,800,853,819,800,863,803,830,1945,857,831,852,919,803,829,800,801,803,800,803,809,827,800,831,845,889,802,846,800,0,0,0,0,0,0,0,0,0,0,0,0,0,0,0,0,0,0,0,0,0,0,0,0,0,0,0,0,0,100,0,0,249615.49450683594,246533.36950683594,0,404335493120,8589930496,23534161920,0
199,1727473706660,840,808,800,801,800,853,819,800,863,803,830,1945,857,831,852,919,803,829,800,801,803,800,803,809,827,800,831,845,889,802,846,800,0,0,0,0,0,0,0,0,0,0,0,0,0,0,0,0,0,0,0,0,0,0,0,0,0,0,0,0,0,100,0,0,249619.89569091797,246540.02630615234,0,404335493120,8589930496,23534161920,0
199,1727473706860,840,808,800,801,800,853,819,800,863,803,830,1945,857,831,852,919,803,829,800,801,803,800,803,809,827,800,831,845,889,802,846,800,0,0,0,0,0,0,0,0,0,0,0,0,0,0,0,0,0,0,0,0,0,0,0,0,0,0,0,0,0,100,0,0,249624.27673339844,246546.7001953125,0,404335493120,8589930496,23534161920,0
199,1727473707060,840,808,800,801,800,853,819,800,863,803,830,1945,857,831,852,919,803,829,800,801,803,800,803,809,827,800,831,845,889,802,846,800,0,0,0,0,0,0,0,0,0,0,0,0,0,0,0,0,0,0,0,4.761904716491699,0,0,0,0,0,0,0,0,0,100,0,0,249628.61962890625,246553.3731689453,0,404335493120,8589930496,23534161920,0
199,1727473707260,840,808,800,801,800,853,819,800,863,803,830,1945,857,831,852,919,803,829,800,801,803,800,803,809,827,800,831,845,889,802,846,800,0,0,0,0,0,0,0,0,0,0,0,0,0,0,0,0,0,0,0,0,0,0,0,0,0,0,0,0,0,100,0,0,249632.9839477539,246560.02838134766,0,404335493120,8589930496,23534161920,0
199,1727473707460,840,808,800,801,800,853,819,800,863,803,830,1945,857,831,852,919,803,829,800,801,803,800,803,809,827,800,831,845,889,802,846,800,0,0,0,0,0,0,0,0,0,0,0,0,0,0,0,0,0,0,0,0,0,0,0,0,0,0,0,0,0,100,0,0,249637.34838867188,246566.68872070313,0,404335493120,8589930496,23534161920,0
199,1727473707661,840,808,800,801,800,853,819,800,863,803,830,1945,857,831,852,919,803,829,800,801,803,800,803,809,827,800,831,845,889,802,846,800,0,0,0,0,0,0,0,0,0,0,0,0,0,0,0,0,0,0,0,0,0,0,0,0,0,0,0,0,0,100,0,0,249641.6778564453,246573.3709716797,0,404335493120,8589930496,23534161920,0
199,1727473707861,840,808,800,801,800,853,819,800,863,803,830,1945,857,831,852,919,803,829,800,801,803,800,803,809,827,800,831,845,889,802,846,800,0,0,0,10.526315689086914,4.761904716491699,0,0,0,0,0,0,0,0,0,0,0,0,0,0,0,0,17.647058486938477,0,5,0,0,0,0,0,100,0,0,249646.05078125,246580.02374267578,0,404335493120,8589930496,23534161920,0
199,1727473708061,840,808,800,801,800,853,819,800,863,803,830,1945,857,831,852,919,803,829,800,801,803,800,803,809,827,800,831,845,889,802,846,800,0,0,0,10.526315689086914,4.761904716491699,0,0,0,0,0,0,0,0,0,0,0,0,0,0,0,0,17.647058486938477,0,5,0,0,0,0,0,100,0,0,249650.4638671875,246586.66290283203,0,404335493120,8589930496,23534166016,0
199,1727473708261,840,808,800,801,800,853,819,800,863,803,830,1945,857,831,852,919,803,829,800,801,803,800,803,809,827,800,831,845,889,802,846,800,2.4390242099761963,0,0,0,0,0,0,0,0,0,0,0,0,0,0,0,0,0,0,0,0,0,0,0,0,0,0,0,0,100,0,0,249654.84106445313,246593.31494140625,0,404335493120,8589930496,23534166016,0
199,1727473708461,840,808,800,801,800,853,819,800,863,803,830,1945,857,831,852,919,803,829,800,801,803,800,803,809,827,800,831,845,889,802,846,800,0,0,0,0,0,0,0,0,0,0,0,0,0,0,0,0,0,0,0,0,0,0,0,0,0,0,0,0,0,100,0,0,249659.1876220703,246599.9955444336,0,404335493120,8589930496,23534166016,0
199,1727473708661,840,808,800,801,800,853,819,800,863,803,830,1945,857,831,852,919,803,829,800,801,803,800,803,809,827,800,831,845,889,802,846,800,0,0,0,0,0,0,0,0,0,0,0,0,0,0,0,0,0,0,0,0,0,0,0,0,0,0,0,0,0,100,0,0,249663.51342773438,246606.6612548828,0,404335493120,8589930496,23534166016,0
199,1727473708861,840,808,800,801,800,853,819,800,863,803,830,1945,857,831,852,919,803,829,800,801,803,800,803,809,827,800,831,845,889,802,846,800,5,0,0,0,0,0,0,0,0,0,0,0,0,0,0,0,0,0,0,0,0,0,0,0,0,0,0,0,0,100,0,0,249667.89111328125,246613.33172607422,0,404335493120,8589930496,23534166016,0
199,1727473709061,840,808,800,801,800,853,819,800,863,803,830,1945,857,831,852,919,803,829,800,801,803,800,803,809,827,800,831,845,889,802,846,800,0,0,0,0,0,0,0,0,0,0,0,0,0,0,0,0,0,0,0,0,0,0,0,0,0,0,0,0,0,100,0,0,249672.2700805664,246619.98376464844,0,404335493120,8589930496,23534166016,0
199,1727473709262,840,808,800,801,800,853,819,800,863,803,830,1945,857,831,852,919,803,829,800,801,803,800,803,809,827,800,831,845,889,802,846,800,0,5,0,9.523809432983398,5,5,0,0,0,9.523809432983398,5,0,0,5,0,5,5,0,0,5,0,0,10,0,5,5,0,0,0,100,14.285715103149414,0,249676.6664428711,246626.60278320313,0,404335493120,8589930496,23537491968,0
199,1727473709462,840,808,800,801,800,853,819,800,863,803,830,1945,857,831,852,919,803,829,800,801,803,800,803,809,827,800,831,845,889,802,846,800,15.000000953674316,14.285715103149414,5.263157844543457,5,10,20,10,10,14.285715103149414,15.000000953674316,5.263157844543457,5,10.526315689086914,5.263157844543457,10,10,5,10,0,10,20,15.000000953674316,10,10,15.000000953674316,20,10,0,10,100,5.555555820465088,15.000000953674316,249681.22296142578,246633.60235595703,0,404335493120,8589930496,23633821696,0
199,1727473709662,840,808,800,801,800,853,819,800,863,803,830,1945,857,831,852,919,803,829,800,801,803,800,803,809,827,800,831,845,889,802,846,800,15.000000953674316,14.285715103149414,5.263157844543457,5,10,20,10,10,14.285715103149414,15.000000953674316,5.263157844543457,5,10.526315689086914,5.263157844543457,10,10,5,10,0,10,20,15.000000953674316,10,10,15.000000953674316,20,10,0,10,100,5.555555820465088,15.000000953674316,249685.55975341797,246640.1990966797,0,404335493120,8589930496,23633575936,0
199,1727473709862,840,808,800,801,800,853,819,800,863,803,830,1945,857,831,852,919,803,829,800,801,803,800,803,809,827,800,831,845,889,802,846,800,2.5,0,2.4390242099761963,0,2.4390242099761963,0,0,2.5,0,0,4.878048419952393,0,5,0,2.4390242099761963,2.5,0,2.5,2.5,2.5,0,0,2.5,0,0,0,0,2.4390242099761963,0,100,2.5,0,249689.91400146484,246646.8905029297,0,404335493120,8589930496,23633588224,0
199,1727473710062,840,808,800,801,800,853,819,800,863,803,830,1945,857,831,852,919,803,829,800,801,803,800,803,809,827,800,831,845,889,802,846,800,0,5,0,0,0,0,5.263157844543457,0,0,0,0,0,9.523809432983398,10,0,0,0,5.263157844543457,5,0,9.523809432983398,4.761904716491699,0,0,0,0,0,0,10,100,0,0,249694.3060913086,246653.54498291016,0,404335493120,8589930496,23633666048,0
199,1727473710262,840,808,800,801,800,853,819,800,863,803,830,1945,857,831,852,919,803,829,800,801,803,800,803,809,827,800,831,845,889,802,846,800,0,5,0,0,0,0,5.263157844543457,0,0,0,0,0,9.523809432983398,10,0,0,0,5.263157844543457,5,0,9.523809432983398,4.761904716491699,0,0,0,0,0,0,10,100,0,0,249698.6131591797,246660.17376708984,0,404335493120,8589930496,23633674240,0
199,1727473710462,840,808,800,801,800,853,819,800,863,803,830,1945,857,831,852,919,803,829,800,801,803,800,803,809,827,800,831,845,889,802,846,800,0,0,0,0,0,0,0,0,0,0,2.5641026496887207,0,0,0,0,0,0,0,0,0,0,2.5,0,0,0,0,0,0,0,100,0,0,249702.98303222656,246666.85229492188,0,404335493120,8589930496,23633678336,0
199,1727473710662,840,808,800,801,800,853,819,800,863,803,830,1945,857,831,852,919,803,829,800,801,803,800,803,809,827,800,831,845,889,802,846,800,0,0,0,0,0,0,0,0,0,0,0,0,0,0,0,0,0,0,0,0,0,0,0,0,0,0,0,0,0,100,0,0,249707.35711669922,246673.5151977539,0,404335493120,8589930496,23633678336,0
199,1727473710863,840,808,800,801,800,853,819,800,863,803,830,1945,857,831,852,919,803,829,800,801,803,800,803,809,827,800,831,845,889,802,846,800,0,0,0,0,0,0,0,0,0,0,0,0,0,0,0,0,0,0,0,0,0,0,0,0,0,0,0,0,0,100,0,0,249711.72216796875,246680.17822265625,0,404335493120,8589930496,23633678336,0
199,1727473711063,840,808,800,801,800,853,819,800,863,803,830,1945,857,831,852,919,803,829,800,801,803,800,803,809,827,800,831,845,889,802,846,800,0,0,0,0,0,0,0,0,0,0,0,0,0,0,0,0,0,0,0,0,0,0,0,0,0,0,0,0,0,100,0,0,249716.07135009766,246686.85388183594,0,404335493120,8589930496,23633678336,0
199,1727473711263,840,808,800,801,800,853,819,800,863,803,830,1945,857,831,852,919,803,829,800,801,803,800,803,809,827,800,831,845,889,802,846,800,0,0,0,0,0,0,0,0,0,0,0,0,0,0,0,0,0,0,0,0,0,0,0,0,0,0,0,0,0,100,0,0,249720.4047241211,246693.52905273438,0,404335493120,8589930496,23633825792,0
199,1727473711463,840,808,800,801,800,853,819,800,863,803,830,1945,857,831,852,919,803,829,800,801,803,800,803,809,827,800,831,845,889,802,846,800,0,0,0,0,0,0,0,0,0,0,0,0,0,0,0,0,0,0,0,0,0,0,0,0,0,0,0,0,0,100,0,0,249724.76348876953,246700.1968383789,0,404335493120,8589930496,23633825792,0
199,1727473711663,840,808,800,801,800,853,819,800,863,803,830,1945,857,831,852,919,803,829,800,801,803,800,803,809,827,800,831,845,889,802,846,800,0,0,0,0,0,0,0,0,0,0,0,0,0,0,0,0,0,0,0,0,0,0,0,0,0,0,0,0,0,100,0,0,249729.10723876953,246706.86444091797,0,404335493120,8589930496,23633825792,0
199,1727473711863,840,808,800,801,800,853,819,800,863,803,830,1945,857,831,852,919,803,829,800,801,803,800,803,809,827,800,831,845,889,802,846,800,0,0,0,0,0,0,0,0,0,0,0,0,0,0,0,0,0,0,0,0,0,0,0,0,0,0,0,0,0,100,0,0,249733.49127197266,246713.53424072266,0,404335493120,8589930496,23633825792,0
199,1727473712063,840,808,800,801,800,853,819,800,863,803,830,1945,857,831,852,919,803,829,800,801,803,800,803,809,827,800,831,845,889,802,846,800,0,0,0,0,0,0,0,0,0,0,0,0,0,0,0,0,0,0,0,0,0,0,0,0,0,0,0,0,0,100,0,0,249737.85565185547,246720.2074584961,0,404335493120,8589930496,23633825792,0
199,1727473712263,840,808,800,801,800,853,819,800,863,803,830,1945,857,831,852,919,803,829,800,801,803,800,803,809,827,800,831,845,889,802,846,800,0,0,0,0,0,0,0,0,0,0,0,0,0,0,0,0,0,0,0,0,0,4.761904716491699,0,0,0,0,0,0,0,100,0,0,249742.23834228516,246726.8764038086,0,404335493120,8589930496,23633965056,0
199,1727473712464,840,808,800,801,800,853,819,800,863,803,830,1945,857,831,852,919,803,829,800,801,803,800,803,809,827,800,831,845,889,802,846,800,0,0,4.761904716491699,0,0,0,0,4.761904716491699,0,0,0,0,0,0,0,0,0,0,4.761904716491699,0,5,5,0,4.761904716491699,0,0,0,0,0,100,0,5,249746.65460205078,246733.5658569336,0,404335493120,8589930496,23634202624,0
199,1727473712663,840,808,800,801,800,853,819,800,863,803,830,1945,857,831,852,919,803,829,800,801,803,800,803,809,827,800,831,845,889,802,846,800,0,0,4.761904716491699,0,0,0,0,4.761904716491699,0,0,0,0,0,0,0,0,0,0,4.761904716491699,0,5,5,0,4.761904716491699,0,0,0,0,0,100,0,5,249751.04400634766,246740.2211303711,0,404335493120,8589930496,23634247680,0
199,1727473712864,840,808,800,801,800,853,819,800,863,803,830,1945,857,831,852,919,803,829,800,801,803,800,803,809,827,800,831,845,889,802,846,800,0,0,0,0,2.4390242099761963,0,2.4390242099761963,0,2.4390242099761963,0,2.5,0,0,0,0,2.5,0,0,0,0,0,0,0,2.5,0,0,2.5,2.4390242099761963,0,100,0,0,249755.45294189453,246746.9373779297,0,404335493120,8589930496,23634247680,0
199,1727473713064,840,808,800,801,800,853,819,800,863,803,830,1945,857,831,852,919,803,829,800,801,803,800,803,809,827,800,831,845,889,802,846,800,0,0,0,0,0,0,0,0,0,0,0,0,0,0,0,0,0,0,0,0,4.761904716491699,0,0,0,0,0,0,0,0,100,0,0,249759.80810546875,246753.62115478516,0,404335493120,8589930496,23634251776,0
199,1727473713264,840,808,800,801,800,853,819,800,863,803,830,1945,857,831,852,919,803,829,800,801,803,800,803,809,827,800,831,845,889,802,846,800,5.263157844543457,5,0,5.263157844543457,0,5.263157844543457,5,5,5,4.761904716491699,5,5,4.761904716491699,5,10,5,4.761904716491699,5,4.761904716491699,5,9.523809432983398,10,9.523809432983398,0,5.263157844543457,9.523809432983398,5,0,0,100,5,0,249764.2130126953,246760.35180664063,0,404335493120,8589930496,23534313472,0
199,1727473713464,840,808,800,801,800,853,819,800,863,803,830,1945,857,831,852,919,803,829,800,801,803,800,803,809,827,800,831,845,889,802,846,800,5.263157844543457,5,0,5.263157844543457,0,5.263157844543457,5,5,5,4.761904716491699,5,5,4.761904716491699,5,10,5,4.761904716491699,5,4.761904716491699,5,9.523809432983398,10,9.523809432983398,0,5.263157844543457,9.523809432983398,5,0,0,100,5,0,249768.54901123047,246767.01776123047,0,404335493120,8589930496,23534313472,0
199,1727473713664,840,808,800,801,800,853,819,800,863,803,830,1945,857,831,852,919,803,829,800,801,803,800,803,809,827,800,831,845,889,802,846,800,0,0,0,0,0,0,0,0,0,0,0,0,0,0,0,0,0,0,0,0,0,0,0,0,0,0,0,0,0,100,0,0,249772.89794921875,246773.66693115234,0,404335493120,8589930496,23534313472,0
199,1727473713864,840,808,800,801,800,853,819,800,863,803,830,1945,857,831,852,919,803,829,800,801,803,800,803,809,827,800,831,845,889,802,846,800,0,0,0,0,0,0,0,0,0,0,0,0,0,0,0,0,0,0,0,0,0,0,0,0,0,0,0,0,0,100,0,0,249777.22747802734,246780.32928466797,0,404335493120,8589930496,23534313472,0
199,1727473714065,840,808,800,801,800,853,819,800,863,803,830,1945,857,831,852,919,803,829,800,801,803,800,803,809,827,800,831,845,889,802,846,800,0,0,0,0,0,0,0,0,0,0,0,0,0,0,0,0,0,0,0,0,0,0,0,0,0,0,0,0,0,100,0,0,249781.57049560547,246787.0112915039,0,404335493120,8589930496,23534313472,0
199,1727473714265,840,808,800,801,800,853,819,800,863,803,830,1945,857,831,852,919,803,829,800,801,803,800,803,809,827,800,831,845,889,802,846,800,0,0,0,0,0,5,0,0,0,0,0,0,0,0,0,0,0,0,0,0,0,0,0,0,0,0,0,0,0,100,0,0,249785.9624633789,246793.6368408203,0,404335493120,8589930496,23534325760,0
199,1727473714465,840,808,800,801,800,853,819,800,863,803,830,1945,857,831,852,919,803,829,800,801,803,800,803,809,827,800,831,845,889,802,846,800,0,0,0,0,0,0,0,4.761904716491699,0,0,0,0,0,0,0,0,0,0,0,0,0,0,0,0,0,0,0,0,0,100,0,0,249790.37133789063,246800.30377197266,0,404335493120,8589930496,23534325760,0
199,1727473714665,840,808,800,801,800,853,819,800,863,803,830,1945,857,831,852,919,803,829,800,801,803,800,803,809,827,800,831,845,889,802,846,800,0,0,0,0,0,0,0,4.761904716491699,0,0,0,0,0,0,0,0,0,0,0,0,0,0,0,0,0,0,0,0,0,100,0,0,249794.73828125,246806.91595458984,0,404335493120,8589930496,23534325760,0
199,1727473714865,840,808,800,801,800,853,819,800,863,803,830,1945,857,831,852,919,803,829,800,801,803,800,803,809,827,800,831,845,889,802,846,800,2.4390242099761963,0,0,0,0,0,0,0,0,0,0,0,0,0,0,0,0,0,0,0,0,0,0,0,0,0,0,0,0,100,0,0,249799.1319580078,246813.61889648438,0,404335493120,8589930496,23534325760,0
199,1727473715065,840,808,800,801,800,853,819,800,863,803,830,1945,857,831,852,919,803,829,800,801,803,800,803,809,827,800,831,845,889,802,846,800,0,0,0,0,0,0,0,0,0,0,0,0,0,0,0,0,0,0,0,0,0,0,0,0,0,0,0,0,0,100,0,0,249803.48388671875,246820.2730102539,0,404335493120,8589930496,23534325760,0
199,1727473715265,840,808,800,801,800,853,819,800,863,803,830,1945,857,831,852,919,803,829,800,801,803,800,803,809,827,800,831,845,889,802,846,800,4.761904716491699,0,0,0,0,0,0,0,0,0,0,0,0,0,0,0,0,0,0,0,0,0,0,0,0,0,0,0,0,100,0,0,249807.8338623047,246826.8966064453,0,404335493120,8589930496,23534325760,0
199,1727473715466,840,808,800,801,800,853,819,800,863,803,830,1945,857,831,852,919,803,829,800,801,803,800,803,809,827,800,831,845,889,802,846,800,0,0,0,0,0,0,0,0,0,0,0,0,0,0,0,0,0,0,0,0,0,0,0,0,0,0,0,0,0,100,0,0,249812.23486328125,246833.59716796875,0,404335493120,8589930496,23534329856,0
199,1727473715666,840,808,800,801,800,853,819,800,863,803,830,1945,857,831,852,919,803,829,800,801,803,800,803,809,827,800,831,845,889,802,846,800,0,0,0,0,0,0,0,0,0,0,0,0,0,0,0,0,0,0,0,0,0,0,0,0,0,0,0,0,0,100,0,0,249816.6036376953,246840.2660522461,0,404335493120,8589930496,23534329856,0
199,1727473715866,840,808,800,801,800,853,819,800,863,803,830,1945,857,831,852,919,803,829,800,801,803,800,803,809,827,800,831,845,889,802,846,800,4.761904716491699,0,0,0,0,0,0,0,0,0,0,0,0,0,0,0,0,0,0,0,0,0,0,0,0,0,0,0,0,100,0,0,249820.9862060547,246846.94189453125,0,404335493120,8589930496,23534329856,0
199,1727473716066,840,808,800,801,800,853,819,800,863,803,830,1945,857,831,852,919,803,829,800,801,803,800,803,809,827,800,831,845,889,802,846,800,4.761904716491699,0,0,0,0,0,0,0,0,0,0,0,0,0,0,0,0,0,0,0,4.761904716491699,0,0,0,0,0,0,0,0,100,0,0,249825.31115722656,246853.61303710938,0,404335493120,8589930496,23534329856,0
199,1727473716266,840,808,800,801,800,853,819,800,863,803,830,1945,857,831,852,919,803,829,800,801,803,800,803,809,827,800,831,845,889,802,846,800,0,0,0,0,0,0,0,0,0,0,0,0,0,0,0,0,0,0,0,0,0,0,0,0,0,0,0,0,0,100,0,0,249829.65655517578,246860.24017333984,0,404335493120,8589930496,23534329856,0
199,1727473716466,840,808,800,801,800,853,819,800,863,803,830,1945,857,831,852,919,803,829,800,801,803,800,803,809,827,800,831,845,889,802,846,800,0,0,0,0,0,0,0,0,0,0,0,0,0,0,0,0,0,0,0,0,0,0,0,0,0,0,0,0,0,100,0,0,249834.03186035156,246866.90307617188,0,404335493120,8589930496,23534329856,0
199,1727473716666,840,808,800,801,800,853,819,800,863,803,830,1945,857,831,852,919,803,829,800,801,803,800,803,809,827,800,831,845,889,802,846,800,0,0,0,0,0,0,0,0,0,0,0,0,0,0,0,0,0,0,0,0,0,0,0,0,0,0,0,0,0,100,0,0,249838.35516357422,246873.5633544922,0,404335493120,8589930496,23534329856,0
199,1727473716866,840,808,800,801,800,853,819,800,863,803,830,1945,857,831,852,919,803,829,800,801,803,800,803,809,827,800,831,845,889,802,846,800,0,0,0,0,0,0,0,0,0,0,0,0,0,0,0,0,0,0,0,0,0,0,0,0,0,0,0,0,0,100,0,0,249842.72436523438,246880.2353515625,0,404335493120,8589930496,23534329856,0
199,1727473717067,840,808,800,801,800,853,819,800,863,803,830,1945,857,831,852,919,803,829,800,801,803,800,803,809,827,800,831,845,889,802,846,800,0,0,0,0,0,0,0,0,0,0,0,0,0,0,0,0,0,0,0,0,0,0,0,0,0,0,0,0,0,100,0,0,249847.0785522461,246886.91064453125,0,404335493120,8589930496,23534329856,0
199,1727473717267,840,808,800,801,800,853,819,800,863,803,830,1945,857,831,852,919,803,829,800,801,803,800,803,809,827,800,831,845,889,802,846,800,0,0,0,0,0,0,0,0,0,0,0,0,0,0,0,0,0,0,0,0,9.523809432983398,0,0,0,0,0,0,0,0,100,0,0,249851.45642089844,246893.5760498047,0,404335493120,8589930496,23534338048,0
199,1727473717467,840,808,800,801,800,853,819,800,863,803,830,1945,857,831,852,919,803,829,800,801,803,800,803,809,827,800,831,845,889,802,846,800,0,0,0,0,0,0,0,0,0,0,0,0,0,0,0,0,0,0,0,0,0,0,0,0,0,0,0,0,0,100,0,0,249855.83044433594,246900.23828125,0,404335493120,8589930496,23534338048,0
199,1727473717667,840,808,800,801,800,853,819,800,863,803,830,1945,857,831,852,919,803,829,800,801,803,800,803,809,827,800,831,845,889,802,846,800,0,0,0,0,0,0,0,0,0,0,0,0,0,0,0,0,0,0,0,0,0,0,0,0,0,0,0,0,0,100,0,0,249860.20184326172,246906.89959716797,0,404335493120,8589930496,23534338048,0
199,1727473717867,840,808,800,801,800,853,819,800,863,803,830,1945,857,831,852,919,803,829,800,801,803,800,803,809,827,800,831,845,889,802,846,800,0,0,0,0,0,0,0,0,0,0,0,0,0,0,0,0,0,0,0,0,0,0,0,0,0,0,0,0,0,100,0,0,249864.59796142578,246913.57440185547,0,404335493120,8589930496,23534338048,0
199,1727473718067,840,808,800,801,800,853,819,800,863,803,830,1945,857,831,852,919,803,829,800,801,803,800,803,809,827,800,831,845,889,802,846,800,0,0,0,0,0,0,0,0,0,0,0,5,0,0,0,0,0,0,10.526315689086914,0,0,26.3157901763916,0,0,0,0,0,0,0,100,5,0,249868.99920654297,246920.24560546875,0,404335493120,8589930496,23534338048,0
199,1727473718267,840,808,800,801,800,853,819,800,863,803,830,1945,857,831,852,919,803,829,800,801,803,800,803,809,827,800,831,845,889,802,846,800,0,0,0,0,0,0,0,0,0,0,0,5,0,0,0,0,0,0,10.526315689086914,0,0,26.3157901763916,0,0,0,0,0,0,0,100,5,0,249873.38122558594,246926.87982177734,0,404335493120,8589930496,23534342144,0
199,1727473718468,840,808,800,801,800,853,819,800,863,803,830,1945,857,831,852,919,803,829,800,801,803,800,803,809,827,800,831,845,889,802,846,800,0,0,0,0,0,0,0,0,0,0,0,0,0,0,0,0,0,0,0,0,0,0,0,0,0,0,0,0,0,100,0,0,249877.76361083984,246933.5438232422,0,404335493120,8589930496,23534342144,0
199,1727473718668,840,808,800,801,800,853,819,800,863,803,830,1945,857,831,852,919,803,829,800,801,803,800,803,809,827,800,831,845,889,802,846,800,0,0,0,0,0,0,0,0,0,0,0,0,0,0,0,0,0,0,0,0,0,0,0,0,0,0,0,0,0,100,0,0,249882.07885742188,246940.22216796875,0,404335493120,8589930496,23534342144,0
199,1727473718868,840,808,800,801,800,853,819,800,863,803,830,1945,857,831,852,919,803,829,800,801,803,800,803,809,827,800,831,845,889,802,846,800,0,0,0,0,0,0,0,0,0,0,0,0,0,0,0,0,0,0,0,0,0,0,0,0,0,0,0,0,0,100,0,0,249886.46447753906,246946.90313720703,0,404335493120,8589930496,23534342144,0
199,1727473719068,840,808,800,801,800,853,819,800,863,803,830,1945,857,831,852,919,803,829,800,801,803,800,803,809,827,800,831,845,889,802,846,800,0,0,0,5,0,0,0,0,0,0,0,0,0,0,0,0,0,0,0,0,0,0,0,0,0,0,0,0,0,100,0,0,249890.79821777344,246953.58624267578,0,404335493120,8589930496,23534342144,0
199,1727473719268,840,808,800,801,800,853,819,800,863,803,830,1945,857,831,852,919,803,829,800,801,803,800,803,809,827,800,831,845,889,802,846,800,0,0,0,4.761904716491699,0,0,0,0,0,0,0,0,0,0,0,0,0,0,0,0,0,0,0,5,0,0,0,0,0,100,0,0,249895.1723022461,246960.24053955078,0,404335493120,8589930496,23534342144,0
199,1727473719469,840,808,800,801,800,853,819,800,863,803,830,1945,857,831,852,919,803,829,800,801,803,800,803,809,827,800,831,845,889,802,846,800,0,0,0,0,0,0,0,0,0,0,0,0,0,0,0,0,0,0,0,0,0,0,0,0,0,0,0,0,0,100,0,0,249899.54223632813,246966.91632080078,0,404335493120,8589930496,23534346240,0
199,1727473719668,840,808,800,801,800,853,819,800,863,803,830,1945,857,831,852,919,803,829,800,801,803,800,803,809,827,800,831,845,889,802,846,800,0,0,0,0,0,0,0,0,0,0,0,0,0,0,0,0,0,0,0,0,0,0,0,0,0,0,0,0,0,100,0,0,249903.8760986328,246973.58770751953,0,404335493120,8589930496,23534346240,0
199,1727473719869,840,808,800,801,800,853,819,800,863,803,830,1945,857,831,852,919,803,829,800,801,803,800,803,809,827,800,831,845,889,802,846,800,0,0,0,0,0,0,0,0,0,0,0,0,0,0,0,0,0,0,0,0,0,0,0,0,0,0,0,0,0,100,0,0,249908.2021484375,246980.25518798828,0,404335493120,8589930496,23534346240,0
199,1727473720069,840,808,800,801,800,853,819,800,863,803,830,1945,857,831,852,919,803,829,800,801,803,800,803,809,827,800,831,845,889,802,846,800,0,0,0,0,4.761904716491699,0,0,0,0,0,0,0,5,0,0,0,0,0,9.523809432983398,0,0,0,0,0,0,0,0,9.523809432983398,0,100,0,0,249912.5679321289,246986.90753173828,0,404335493120,8589930496,23534350336,0
199,1727473720269,840,808,800,801,800,853,819,800,863,803,830,1945,857,831,852,919,803,829,800,801,803,800,803,809,827,800,831,845,889,802,846,800,22.72727394104004,10.526315689086914,25,15.000000953674316,0,10.526315689086914,5.555555820465088,35,5.263157844543457,14.285715103149414,9.523809432983398,5,28.571430206298828,5,0,10,0,15.000000953674316,10.526315689086914,10.526315689086914,19.047618865966797,15.000000953674316,20,15.789472579956055,15.000000953674316,5,15.000000953674316,19.047618865966797,10,100,15.789472579956055,10,249917.0762939453,246993.9393310547,0,404335493120,8589930496,23657103360,0
199,1727473720469,840,808,800,801,800,853,819,800,863,803,830,1945,857,831,852,919,803,829,800,801,803,800,803,809,827,800,831,845,889,802,846,800,5,0,0,0,5,0,0,5,0,0,0,0,0,5,0,5,4.761904716491699,5,0,0,5,0,0,0,0,0,0,0,0,100,0,0,249921.49450683594,247000.576171875,0,404335493120,8589930496,23657099264,0
199,1727473720669,840,808,800,801,800,853,819,800,863,803,830,1945,857,831,852,919,803,829,800,801,803,800,803,809,827,800,831,845,889,802,846,800,5,0,0,0,5,0,0,5,0,0,0,0,0,5,0,5,4.761904716491699,5,0,0,5,0,0,0,0,0,0,0,0,100,0,0,249925.84783935547,247007.1651611328,0,404335493120,8589930496,23657127936,0
199,1727473720869,840,808,800,801,800,853,819,800,863,803,830,1945,857,831,852,919,803,829,800,801,803,800,803,809,827,800,831,845,889,802,846,800,5.128205299377441,2.5,0,0,5,5.128205299377441,2.5641026496887207,5.128205299377441,0,0,5,2.4390242099761963,0,0,2.5,0,0,0,2.5,0,0,0,0,0,0,0,2.5641026496887207,0,2.5641026496887207,100,7.500000476837158,4.878048419952393,249930.25555419922,247013.7866821289,0,404335493120,8589930496,23657144320,0
199,1727473721069,840,808,800,801,800,853,819,800,863,803,830,1945,857,831,852,919,803,829,800,801,803,800,803,809,827,800,831,845,889,802,846,800,5.128205299377441,2.5,0,0,5,5.128205299377441,2.5641026496887207,5.128205299377441,0,0,5,2.4390242099761963,0,0,2.5,0,0,0,2.5,0,0,0,0,0,0,0,2.5641026496887207,0,2.5641026496887207,100,7.500000476837158,4.878048419952393,249934.5975341797,247020.4200439453,0,404335493120,8589930496,23657148416,0
199,1727473721269,840,808,800,801,800,853,819,800,863,803,830,1945,857,831,852,919,803,829,800,801,803,800,803,809,827,800,831,845,889,802,846,800,2.5,0,4.878048419952393,0,0,0,0,0,0,0,5,0,0,0,0,0,0,0,0,0,0,0,0,0,0,0,0,0,0,100,0,0,249938.9555053711,247027.07012939453,0,404335493120,8589930496,23657148416,0
199,1727473721470,840,808,800,801,800,853,819,800,863,803,830,1945,857,831,852,919,803,829,800,801,803,800,803,809,827,800,831,845,889,802,846,800,4.761904716491699,0,0,0,0,0,0,0,0,0,0,0,0,0,0,0,0,0,0,0,0,0,0,0,0,0,0,0,5,100,0,0,249943.30529785156,247033.71697998047,0,404335493120,8589930496,23657148416,0
199,1727473721670,840,808,800,801,800,853,819,800,863,803,830,1945,857,831,852,919,803,829,800,801,803,800,803,809,827,800,831,845,889,802,846,800,4.761904716491699,0,0,0,0,0,4.761904716491699,0,0,0,0,0,0,0,0,0,0,0,0,0,0,0,0,0,0,0,0,0,0,100,0,0,249947.65594482422,247040.37725830078,0,404335493120,8589930496,23657148416,0
199,1727473721870,840,808,800,801,800,853,819,800,863,803,830,1945,857,831,852,919,803,829,800,801,803,800,803,809,827,800,831,845,889,802,846,800,0,0,0,0,0,0,0,0,0,0,0,0,0,0,0,0,0,0,0,0,0,0,0,0,0,0,0,0,0,100,0,0,249952.0132446289,247047.0503540039,0,404335493120,8589930496,23657148416,0
199,1727473722070,840,808,800,801,800,853,819,800,863,803,830,1945,857,831,852,919,803,829,800,801,803,800,803,809,827,800,831,845,889,802,846,800,0,0,0,0,0,0,0,0,0,0,0,0,0,0,0,0,0,0,0,0,0,0,0,0,0,0,0,0,0,100,0,0,249956.37786865234,247053.7255859375,0,404335493120,8589930496,23657148416,0
199,1727473722270,840,808,800,801,800,853,819,800,863,803,830,1945,857,831,852,919,803,829,800,801,803,800,803,809,827,800,831,845,889,802,846,800,0,0,0,0,0,0,0,0,0,0,0,0,0,0,0,0,0,0,0,0,0,0,0,0,0,0,0,0,0,100,0,0,249960.73852539063,247060.37762451172,0,404335493120,8589930496,23657148416,0
199,1727473722470,840,808,800,801,800,853,819,800,863,803,830,1945,857,831,852,919,803,829,800,801,803,800,803,809,827,800,831,845,889,802,846,800,0,0,0,0,0,0,0,0,0,0,0,0,0,0,0,0,0,0,0,0,0,0,0,0,0,0,0,0,0,100,0,0,249965.12841796875,247067.04858398438,0,404335493120,8589930496,23657148416,0
199,1727473722670,840,808,800,801,800,853,819,800,863,803,830,1945,857,831,852,919,803,829,800,801,803,800,803,809,827,800,831,845,889,802,846,800,0,0,0,0,0,0,0,0,0,0,0,0,0,0,0,0,0,0,0,0,0,0,0,0,0,0,0,0,0,100,0,0,249969.49627685547,247073.6893310547,0,404335493120,8589930496,23657148416,0
199,1727473722870,840,808,800,801,800,853,819,800,863,803,830,1945,857,831,852,919,803,829,800,801,803,800,803,809,827,800,831,845,889,802,846,800,0,0,0,0,0,0,0,0,2.5,0,0,0,0,0,0,0,0,0,0,0,0,0,0,0,0,0,0,0,0,100,0,0,249973.83770751953,247080.3543701172,0,404335493120,8589930496,23657148416,0
199,1727473723070,840,808,800,801,800,853,819,800,863,803,830,1945,857,831,852,919,803,829,800,801,803,800,803,809,827,800,831,845,889,802,846,800,0,0,0,0,0,0,0,0,2.5,0,0,0,0,0,0,0,0,0,0,0,0,0,0,0,0,0,0,0,0,100,0,0,249978.20343017578,247087.01971435547,0,404335493120,8589930496,23657148416,0
199,1727473723271,840,808,800,801,800,853,819,800,863,803,830,1945,857,831,852,919,803,829,800,801,803,800,803,809,827,800,831,845,889,802,846,800,0,0,2.5,0,0,0,0,0,0,0,0,0,0,0,0,2.5,0,0,0,0,0,0,0,0,0,0,0,0,0,100,0,0,249982.49407958984,247093.68536376953,0,404335493120,8589930496,23657148416,0
199,1727473723471,840,808,800,801,800,853,819,800,863,803,830,1945,857,831,852,919,803,829,800,801,803,800,803,809,827,800,831,845,889,802,846,800,0,0,0,0,0,0,0,0,0,0,0,0,0,0,0,0,0,0,0,0,0,0,0,0,0,0,0,0,0,100,0,0,249986.85076904297,247100.3564453125,0,404335493120,8589930496,23657152512,0
199,1727473723671,840,808,800,801,800,853,819,800,863,803,830,1945,857,831,852,919,803,829,800,801,803,800,803,809,827,800,831,845,889,802,846,800,0,0,0,0,0,0,0,0,0,0,0,0,0,0,0,0,0,0,0,0,0,0,0,0,0,0,0,0,0,100,0,0,249991.22229003906,247107.01611328125,0,404335493120,8589930496,23657152512,0
199,1727473723871,840,808,800,801,800,853,819,800,863,803,830,1945,857,831,852,919,803,829,800,801,803,800,803,809,827,800,831,845,889,802,846,800,0,0,0,0,0,0,0,0,0,0,0,0,0,0,0,0,0,0,0,0,0,0,0,0,0,0,0,0,0,100,0,0,249995.60131835938,247113.68084716797,0,404335493120,8589930496,23657152512,0
199,1727473724071,840,808,800,801,800,853,819,800,863,803,830,1945,857,831,852,919,803,829,800,801,803,800,803,809,827,800,831,845,889,802,846,800,0,0,0,0,0,0,0,0,0,0,0,5,0,0,0,0,0,0,0,0,0,0,0,0,0,0,0,0,0,100,0,0,249999.94061279297,247120.3555908203,0,404335493120,8589930496,23657152512,0
199,1727473724271,840,808,800,801,800,853,819,800,863,803,830,1945,857,831,852,919,803,829,800,801,803,800,803,809,827,800,831,845,889,802,846,800,5,5,5,5,5,5,5,5,5,5,0,5,5,5,5,5,5.263157844543457,9.523809432983398,5,5,9.523809432983398,9.523809432983398,5,9.523809432983398,5,5,5,5.263157844543457,5,100,5.263157844543457,5,250004.396484375,247127.12872314453,0,404335493120,8589930496,23534583808,0
199,1727473724472,840,808,800,801,800,853,819,800,863,803,830,1945,857,831,852,919,803,829,800,801,803,800,803,809,827,800,831,845,889,802,846,800,5,5,5,5,5,5,5,5,5,5,0,5,5,5,5,5,5.263157844543457,9.523809432983398,5,5,9.523809432983398,9.523809432983398,5,9.523809432983398,5,5,5,5.263157844543457,5,100,5.263157844543457,5,250008.7344970703,247133.76123046875,0,404335493120,8589930496,23534583808,0
199,1727473724672,840,808,800,801,800,853,819,800,863,803,830,1945,857,831,852,919,803,829,800,801,803,800,803,809,827,800,831,845,889,802,846,800,0,0,0,0,0,0,0,0,0,0,0,0,0,0,0,0,0,0,0,0,0,0,0,0,0,0,0,0,0,100,0,0,250013.10614013672,247140.4282836914,0,404335493120,8589930496,23534583808,0
199,1727473724872,840,808,800,801,800,853,819,800,863,803,830,1945,857,831,852,919,803,829,800,801,803,800,803,809,827,800,831,845,889,802,846,800,0,0,0,0,0,0,0,0,0,0,0,0,0,0,0,0,0,0,0,0,0,0,0,0,0,0,0,0,0,100,0,0,250017.45330810547,247147.0955810547,0,404335493120,8589930496,23534583808,0
199,1727473725072,840,808,800,801,800,853,819,800,863,803,830,1945,857,831,852,919,803,829,800,801,803,800,803,809,827,800,831,845,889,802,846,800,0,0,0,0,0,0,0,0,0,0,0,0,0,0,0,0,0,0,0,0,0,0,0,0,0,0,0,0,0,100,0,0,250021.81732177734,247153.75524902344,0,404335493120,8589930496,23534583808,0
199,1727473725272,840,808,800,801,800,853,819,800,863,803,830,1945,857,831,852,919,803,829,800,801,803,800,803,809,827,800,831,845,889,802,846,800,0,0,0,0,0,0,0,0,0,0,0,0,0,0,0,0,0,0,0,0,0,0,0,0,0,0,0,0,0,100,0,0,250026.2130126953,247160.4259033203,0,404335493120,8589930496,23534583808,0
199,1727473725472,840,808,800,801,800,853,819,800,863,803,830,1945,857,831,852,919,803,829,800,801,803,800,803,809,827,800,831,845,889,802,846,800,0,0,0,0,0,0,0,0,0,0,0,0,0,0,0,0,0,0,0,0,0,0,0,0,0,0,0,0,0,100,0,0,250030.55834960938,247167.06732177734,0,404335493120,8589930496,23534583808,0
199,1727473725672,840,808,800,801,800,853,819,800,863,803,830,1945,857,831,852,919,803,829,800,801,803,800,803,809,827,800,831,845,889,802,846,800,0,0,0,0,0,0,0,0,0,0,0,0,0,0,0,0,22.5,0,0,0,0,0,0,0,0,0,0,0,0,76.92308044433594,0,0,250034.8983154297,247173.7296142578,0,404335493120,8589930496,23534583808,0
199,1727473725872,840,808,800,801,800,853,819,800,863,803,830,1945,857,831,852,919,803,829,800,801,803,800,803,809,827,800,831,845,889,802,846,800,0,0,0,0,0,0,0,0,0,0,0,0,0,0,0,0,100,0,0,0,0,0,0,0,0,0,0,0,0,0,0,0,250039.25317382813,247180.39971923828,0,404335493120,8589930496,23534583808,0
199,1727473726073,840,808,800,801,800,853,819,800,863,803,830,1945,857,831,852,919,803,829,800,801,803,800,803,809,827,800,831,845,889,802,846,800,0,0,0,0,0,0,0,0,0,0,0,0,0,0,0,0,100,0,0,0,0,0,0,0,0,0,0,0,0,0,0,0,250043.5771484375,247187.07806396484,0,404335493120,8589930496,23534587904,0
199,1727473726273,840,808,800,801,800,853,819,800,863,803,830,1945,857,831,852,919,803,829,800,801,803,800,803,809,827,800,831,845,889,802,846,800,0,0,5,0,0,0,0,0,0,0,0,0,0,0,0,0,100,0,0,0,0,0,0,0,0,0,0,0,0,0,0,0,250047.93658447266,247193.75177001953,0,404335493120,8589930496,23534587904,0
199,1727473726473,840,808,800,801,800,853,819,800,863,803,830,1945,857,831,852,919,803,829,800,801,803,800,803,809,827,800,831,845,889,802,846,800,0,0,0,0,0,0,0,0,0,0,0,0,0,0,0,0,100,0,0,0,0,0,0,0,0,0,0,0,0,0,0,0,250052.32446289063,247200.4464111328,0,404335493120,8589930496,23534587904,0
199,1727473726673,840,808,800,801,800,853,819,800,863,803,830,1945,857,831,852,919,803,829,800,801,803,800,803,809,827,800,831,845,889,802,846,800,0,0,0,0,0,0,0,0,0,0,0,0,0,0,0,0,100,0,0,0,0,0,0,0,0,0,0,0,0,0,0,0,250056.70611572266,247207.13024902344,0,404335493120,8589930496,23534587904,0
199,1727473726873,840,808,800,801,800,853,819,800,863,803,830,1945,857,831,852,919,803,829,800,801,803,800,803,809,827,800,831,845,889,802,846,800,0,0,0,0,0,0,0,0,0,0,0,0,0,0,0,0,100,0,0,0,0,0,0,0,0,0,0,0,0,0,0,0,250061.078125,247213.78582763672,0,404335493120,8589930496,23534587904,0
199,1727473727073,840,808,800,801,800,853,819,800,863,803,830,1945,857,831,852,919,803,829,800,801,803,800,803,809,827,800,831,845,889,802,846,800,4.761904716491699,0,0,0,0,0,0,0,0,0,0,0,0,0,0,0,100,0,0,0,0,0,0,0,0,0,0,0,0,0,0,0,250065.4140625,247220.4291381836,0,404335493120,8589930496,23534587904,0
199,1727473727273,840,808,800,801,800,853,819,800,863,803,830,1945,857,831,852,919,803,829,800,801,803,800,803,809,827,800,831,845,889,802,846,800,0,0,0,0,0,0,0,0,0,0,0,0,0,0,0,0,100,0,0,0,0,0,0,0,0,0,0,0,0,0,0,0,250069.78259277344,247227.07196044922,0,404335493120,8589930496,23534587904,0
199,1727473727474,840,808,800,801,800,853,819,800,863,803,830,1945,857,831,852,919,803,829,800,801,803,800,803,809,827,800,831,845,889,802,846,800,5,0,0,0,0,0,0,0,0,0,0,0,0,0,0,0,100,0,0,0,0,0,0,0,0,0,0,0,0,0,0,0,250074.1488647461,247233.7300415039,0,404335493120,8589930496,23534587904,0
199,1727473727674,840,808,800,801,800,853,819,800,863,803,830,1945,857,831,852,919,803,829,800,801,803,800,803,809,827,800,831,845,889,802,846,800,4.761904716491699,0,0,0,0,0,0,0,0,0,0,0,0,0,0,0,100,0,0,0,0,0,0,0,0,4.761904716491699,0,0,0,0,0,0,250078.5567626953,247240.3985595703,0,404335493120,8589930496,23534587904,0
199,1727473727874,840,808,800,801,800,853,819,800,863,803,830,1945,857,831,852,919,803,829,800,801,803,800,803,809,827,800,831,845,889,802,846,800,0,0,0,0,0,0,0,0,0,0,0,0,0,0,0,0,100,0,0,0,0,0,0,0,0,4.761904716491699,0,0,0,0,0,0,250082.93231201172,247247.04669189453,0,404335493120,8589930496,23534587904,0
199,1727473728074,840,808,800,801,800,853,819,800,863,803,830,1945,857,831,852,919,803,829,800,801,803,800,803,809,827,800,831,845,889,802,846,800,0,0,0,0,0,0,0,0,0,0,0,0,0,0,0,0,100,0,0,0,0,0,0,0,0,0,0,0,0,0,0,0,250087.2777709961,247253.70684814453,0,404335493120,8589930496,23534587904,0
199,1727473728274,840,808,800,801,800,853,819,800,863,803,830,1945,857,831,852,919,803,829,800,801,803,800,803,809,827,800,831,845,889,802,846,800,0,0,30.000001907348633,4.761904716491699,0,0,0,0,0,0,0,0,5,0,0,0,100,0,0,0,5,0,0,0,0,0,0,0,0,0,5.555555820465088,0,250091.63110351563,247260.3715209961,0,404335493120,8589930496,23534587904,0
199,1727473728474,840,808,800,801,800,853,819,800,863,803,830,1945,857,831,852,919,803,829,800,801,803,800,803,809,827,800,831,845,889,802,846,800,0,0,30.000001907348633,4.761904716491699,0,0,0,0,0,0,0,0,5,0,0,0,100,0,0,0,5,0,0,0,0,0,0,0,0,0,5.555555820465088,0,250095.94757080078,247267.04614257813,0,404335493120,8589930496,23534587904,0
199,1727473728674,840,808,800,801,800,853,819,800,863,803,830,1945,857,831,852,919,803,829,800,801,803,800,803,809,827,800,831,845,889,802,846,800,0,0,0,0,0,0,0,0,0,0,0,0,0,0,0,0,100,0,0,0,0,0,0,0,0,0,0,0,0,0,2.4390242099761963,0,250100.25592041016,247273.72003173828,0,404335493120,8589930496,23534592000,0
199,1727473728875,840,808,800,801,800,853,819,800,863,803,830,1945,857,831,852,919,803,829,800,801,803,800,803,809,827,800,831,845,889,802,846,800,0,0,0,0,0,0,0,0,0,0,0,0,0,0,0,0,100,0,0,0,0,0,0,0,0,0,0,0,0,0,0,0,250104.59979248047,247280.37628173828,0,404335493120,8589930496,23534592000,0
199,1727473729075,840,808,800,801,800,853,819,800,863,803,830,1945,857,831,852,919,803,829,800,801,803,800,803,809,827,800,831,845,889,802,846,800,0,0,0,0,0,0,0,0,0,0,0,0,0,0,0,0,100,0,0,0,0,0,0,0,0,0,0,0,0,0,0,0,250108.9549560547,247287.0439453125,0,404335493120,8589930496,23534592000,0
199,1727473729275,840,808,800,801,800,853,819,800,863,803,830,1945,857,831,852,919,803,829,800,801,803,800,803,809,827,800,831,845,889,802,846,800,0,0,0,0,0,0,0,0,0,0,0,0,0,0,0,0,100,0,0,0,0,0,0,0,0,0,0,0,0,0,4.761904716491699,0,250113.32586669922,247293.71899414063,0,404335493120,8589930496,23534592000,0
199,1727473729475,840,808,800,801,800,853,819,800,863,803,830,1945,857,831,852,919,803,829,800,801,803,800,803,809,827,800,831,845,889,802,846,800,0,0,0,0,0,0,0,0,0,0,0,0,0,0,0,0,100,0,0,0,0,0,0,0,0,0,0,0,0,0,0,0,250117.68359375,247300.3729248047,0,404335493120,8589930496,23534600192,0
199,1727473729675,840,808,800,801,800,853,819,800,863,803,830,1945,857,831,852,919,803,829,800,801,803,800,803,809,827,800,831,845,889,802,846,800,0,0,0,0,0,0,0,0,0,0,0,0,0,0,0,0,100,0,0,0,0,0,0,0,0,0,0,0,0,0,4.761904716491699,0,250122.03643798828,247307.05108642578,0,404335493120,8589930496,23534600192,0
199,1727473729875,840,808,800,801,800,853,819,800,863,803,830,1945,857,831,852,919,803,829,800,801,803,800,803,809,827,800,831,845,889,802,846,800,0,0,0,0,0,0,0,0,0,0,0,0,0,0,0,0,100,0,0,0,0,0,0,0,0,0,0,0,0,0,5,0,250126.43865966797,247313.72131347656,0,404335493120,8589930496,23534600192,0
199,1727473730075,840,808,800,801,800,853,819,800,863,803,830,1945,857,831,852,919,803,829,800,801,803,800,803,809,827,800,831,845,889,802,846,800,0,0,0,0,0,0,0,0,0,0,0,0,0,0,0,0,100,0,0,0,0,0,0,0,0,0,0,0,0,0,0,0,250130.85284423828,247320.38146972656,0,404335493120,8589930496,23534600192,0
199,1727473730276,840,808,800,801,800,853,819,800,863,803,830,1945,857,831,852,919,803,829,800,801,803,800,803,809,827,800,831,845,889,802,846,800,0,0,0,0,0,0,0,0,0,0,0,0,0,0,0,0,100,0,0,0,0,0,4.761904716491699,0,0,0,0,0,0,0,0,0,250135.25897216797,247327.0336303711,0,404335493120,8589930496,23534653440,0
199,1727473730476,840,808,800,801,800,853,819,800,863,803,830,1945,857,831,852,919,803,829,800,801,803,800,803,809,827,800,831,845,889,802,846,800,0,0,0,0,0,0,0,0,0,0,0,0,0,0,0,0,100,0,0,0,0,0,4.761904716491699,0,0,0,0,0,0,0,0,0,250139.61254882813,247333.64959716797,0,404335493120,8589930496,23534653440,0
199,1727473730676,840,808,800,801,800,853,819,800,863,803,830,1945,857,831,852,919,803,829,800,801,803,800,803,809,827,800,831,845,889,802,846,800,0,0,0,0,0,0,0,0,0,0,0,0,0,0,0,0,100,0,0,0,0,0,0,0,0,0,0,0,0,0,2.5,0,250143.94702148438,247340.32165527344,0,404335493120,8589930496,23534653440,0
199,1727473730876,840,808,800,801,800,853,819,800,863,803,830,1945,857,831,852,919,803,829,800,801,803,800,803,809,827,800,831,845,889,802,846,800,0,0,0,0,0,0,0,0,0,0,0,0,0,0,0,0,100,0,0,0,0,0,0,0,0,0,0,0,0,0,0,0,250148.3203125,247346.9884033203,0,404335493120,8589930496,23534653440,0
199,1727473731076,840,808,800,801,800,853,819,800,863,803,830,1945,857,831,852,919,803,829,800,801,803,800,803,809,827,800,831,845,889,802,846,800,0,0,0,0,0,0,0,0,0,0,0,0,0,0,0,0,100,0,0,0,0,0,0,0,0,0,0,0,0,0,4.761904716491699,0,250152.68170166016,247353.66790771484,0,404335493120,8589930496,23534653440,0
199,1727473731276,840,808,800,801,800,853,819,800,863,803,830,1945,857,831,852,919,803,829,800,801,803,800,803,809,827,800,831,845,889,802,846,800,0,0,0,0,0,0,0,0,0,0,0,0,0,0,0,0,100,0,0,0,0,0,0,0,0,0,0,0,4.761904716491699,0,4.761904716491699,0,250157.0535888672,247360.34350585938,0,404335493120,8589930496,23534653440,0
199,1727473731476,840,808,800,801,800,853,819,800,863,803,830,1945,857,831,852,919,803,829,800,801,803,800,803,809,827,800,831,845,889,802,846,800,5.263157844543457,0,0,0,0,0,0,4.761904716491699,0,0,0,5,0,0,0,0,100,0,4.761904716491699,0,0,0,0,0,0,0,0,0,0,0,0,0,250161.43487548828,247367.00067138672,0,404335493120,8589930496,23536345088,0
199,1727473731676,840,808,800,801,800,853,819,800,863,803,830,1945,857,831,852,919,803,829,800,801,803,800,803,809,827,800,831,845,889,802,846,800,15.000000953674316,15.789472579956055,5.555555820465088,20,5.263157844543457,20,15.000000953674316,21.052631378173828,5,5,9.523809432983398,10,20,15.000000953674316,5.555555820465088,14.285715103149414,100,10.526315689086914,15.789472579956055,10.526315689086914,5,11.111111640930176,5.263157844543457,14.285715103149414,21.052631378173828,15.000000953674316,5.263157844543457,10,14.285715103149414,5,14.285715103149414,10,250165.97412109375,247373.99450683594,0,404335493120,8589930496,23635742720,0
199,1727473731877,840,808,800,801,800,853,819,800,863,803,830,1945,857,831,852,919,803,829,800,801,803,800,803,809,827,800,831,845,889,802,846,800,15.000000953674316,15.789472579956055,5.555555820465088,20,5.263157844543457,20,15.000000953674316,21.052631378173828,5,5,9.523809432983398,10,20,15.000000953674316,5.555555820465088,14.285715103149414,100,10.526315689086914,15.789472579956055,10.526315689086914,5,11.111111640930176,5.263157844543457,14.285715103149414,21.052631378173828,15.000000953674316,5.263157844543457,10,14.285715103149414,5,14.285715103149414,10,250170.35705566406,247380.57745361328,0,404335493120,8589930496,23634919424,0
199,1727473732077,840,808,800,801,800,853,819,800,863,803,830,1945,857,831,852,919,803,829,800,801,803,800,803,809,827,800,831,845,889,802,846,800,2.5,2.5,0,0,0,0,0,2.5,0,0,0,2.5641026496887207,0,0,2.5,0,100,0,0,0,0,0,0,0,0,0,0,2.5,0,0,0,0,250174.72686767578,247387.2110595703,0,404335493120,8589930496,23634923520,0
199,1727473732277,840,808,800,801,800,853,819,800,863,803,830,1945,857,831,852,919,803,829,800,801,803,800,803,809,827,800,831,845,889,802,846,800,5,10,0,5,0,0,0,10,5,0,0,0,5,0,0,0,100,10,4.761904716491699,0,9.523809432983398,9.523809432983398,0,0,4.761904716491699,0,0,5,0,0,5,5,250179.13122558594,247393.84118652344,0,404335493120,8589930496,23635611648,0
199,1727473732477,840,808,800,801,800,853,819,800,863,803,830,1945,857,831,852,919,803,829,800,801,803,800,803,809,827,800,831,845,889,802,846,800,9.523809432983398,0,0,0,0,0,5,0,5.263157844543457,0,4.761904716491699,9.523809432983398,0,10,0,5,100,0,0,4.761904716491699,0,0,9.523809432983398,0,0,0,0,0,0,0,0,4.761904716491699,250183.4949951172,247400.49322509766,0,404335493120,8589930496,23634771968,0
199,1727473732677,840,808,800,801,800,853,819,800,863,803,830,1945,857,831,852,919,803,829,800,801,803,800,803,809,827,800,831,845,889,802,846,800,9.523809432983398,0,0,0,0,0,5,0,5.263157844543457,0,4.761904716491699,9.523809432983398,0,10,0,5,100,0,0,4.761904716491699,0,0,9.523809432983398,0,0,0,0,0,0,0,0,4.761904716491699,250187.84210205078,247407.14331054688,0,404335493120,8589930496,23634771968,0
199,1727473732877,840,808,800,801,800,853,819,800,863,803,830,1945,857,831,852,919,803,829,800,801,803,800,803,809,827,800,831,845,889,802,846,800,0,0,0,0,0,0,0,0,0,0,0,0,0,0,0,0,100,0,0,0,0,0,0,0,0,0,0,0,0,0,0,0,250192.20806884766,247413.80938720703,0,404335493120,8589930496,23634771968,0
199,1727473733077,840,808,800,801,800,853,819,800,863,803,830,1945,857,831,852,919,803,829,800,801,803,800,803,809,827,800,831,845,889,802,846,800,4.761904716491699,0,0,0,0,0,0,0,0,0,0,0,0,0,0,0,100,0,0,0,0,0,0,0,0,0,0,0,0,0,0,0,250196.57836914063,247420.46948242188,0,404335493120,8589930496,23634771968,0
199,1727473733278,840,808,800,801,800,853,819,800,863,803,830,1945,857,831,852,919,803,829,800,801,803,800,803,809,827,800,831,845,889,802,846,800,0,0,0,0,0,0,0,0,0,0,0,0,0,0,0,0,100,0,0,0,0,0,0,0,0,0,0,0,0,0,0,0,250200.95697021484,247427.14068603516,0,404335493120,8589930496,23634771968,0
199,1727473733478,840,808,800,801,800,853,819,800,863,803,830,1945,857,831,852,919,803,829,800,801,803,800,803,809,827,800,831,845,889,802,846,800,4.761904716491699,0,0,0,0,0,0,0,0,0,0,0,0,0,0,0,100,0,0,0,0,0,0,0,0,0,0,0,0,0,0,0,250205.32098388672,247433.8286743164,0,404335493120,8589930496,23634776064,0
199,1727473733678,840,808,800,801,800,853,819,800,863,803,830,1945,857,831,852,919,803,829,800,801,803,800,803,809,827,800,831,845,889,802,846,800,0,0,0,0,0,0,0,0,0,0,0,0,0,0,0,0,100,0,0,0,0,0,0,0,0,0,0,0,0,0,0,0,250209.6812133789,247440.50512695313,0,404335493120,8589930496,23634776064,0
199,1727473733878,840,808,800,801,800,853,819,800,863,803,830,1945,857,831,852,919,803,829,800,801,803,800,803,809,827,800,831,845,889,802,846,800,5,0,4.761904716491699,0,0,0,0,0,0,0,0,0,0,0,0,0,100,0,0,0,0,0,0,0,0,0,0,0,0,0,0,0,250214.01483154297,247447.18731689453,0,404335493120,8589930496,23634776064,0
199,1727473734078,840,808,800,801,800,853,819,800,863,803,830,1945,857,831,852,919,803,829,800,801,803,800,803,809,827,800,831,845,889,802,846,800,0,0,0,0,0,0,0,0,0,0,0,0,0,0,0,0,100,0,0,0,0,0,0,0,0,0,0,0,0,0,0,0,250218.3168334961,247453.8648071289,0,404335493120,8589930496,23634776064,0
199,1727473734278,840,808,800,801,800,853,819,800,863,803,830,1945,857,831,852,919,803,829,800,801,803,800,803,809,827,800,831,845,889,802,846,800,0,0,5,0,0,5,0,4.761904716491699,0,4.761904716491699,5,5,0,0,0,0,100,0,0,4.761904716491699,0,4.761904716491699,5,0,4.761904716491699,0,0,0,0,0,0,0,250222.72485351563,247460.5132446289,0,404335493120,8589930496,23635181568,0
199,1727473734478,840,808,800,801,800,853,819,800,863,803,830,1945,857,831,852,919,803,829,800,801,803,800,803,809,827,800,831,845,889,802,846,800,0,0,5,0,0,5,0,4.761904716491699,0,4.761904716491699,5,5,0,0,0,0,100,0,0,4.761904716491699,0,4.761904716491699,5,0,4.761904716491699,0,0,0,0,0,0,0,250227.0385131836,247467.19464111328,0,404335493120,8589930496,23635181568,0
199,1727473734678,840,808,800,801,800,853,819,800,863,803,830,1945,857,831,852,919,803,829,800,801,803,800,803,809,827,800,831,845,889,802,846,800,0,0,0,0,0,0,0,0,0,0,0,0,0,0,0,0,100,0,0,0,0,0,0,0,0,0,0,0,0,0,0,0,250231.37377929688,247473.8656616211,0,404335493120,8589930496,23635181568,0
199,1727473734879,840,808,800,801,800,853,819,800,863,803,830,1945,857,831,852,919,803,829,800,801,803,800,803,809,827,800,831,845,889,802,846,800,0,0,0,0,0,0,0,0,0,0,0,0,0,0,0,0,100,0,0,0,0,0,0,0,0,0,0,0,0,0,0,4.761904716491699,250235.73529052734,247480.54400634766,0,404335493120,8589930496,23635181568,0
199,1727473735079,840,808,800,801,800,853,819,800,863,803,830,1945,857,831,852,919,803,829,800,801,803,800,803,809,827,800,831,845,889,802,846,800,0,0,0,0,0,0,0,0,0,0,0,0,0,0,0,0,100,0,0,0,0,0,0,0,0,0,0,0,0,0,0,0,250240.09661865234,247487.22589111328,0,404335493120,8589930496,23635181568,0
199,1727473735279,840,808,800,801,800,853,819,800,863,803,830,1945,857,831,852,919,803,829,800,801,803,800,803,809,827,800,831,845,889,802,846,800,0,0,0,0,0,0,0,0,0,0,0,0,0,0,0,0,100,0,0,0,0,0,0,0,0,0,0,0,0,0,0,0,250244.46856689453,247493.90368652344,0,404335493120,8589930496,23635185664,0
199,1727473735479,840,808,800,801,800,853,819,800,863,803,830,1945,857,831,852,919,803,829,800,801,803,800,803,809,827,800,831,845,889,802,846,800,0,0,0,0,0,0,0,0,0,0,0,0,0,0,0,0,100,0,0,0,0,0,0,0,0,0,0,0,0,0,0,0,250248.84466552734,247500.58850097656,0,404335493120,8589930496,23635185664,0
199,1727473735679,840,808,800,801,800,853,819,800,863,803,830,1945,857,831,852,919,803,829,800,801,803,800,803,809,827,800,831,845,889,802,846,800,0,0,0,0,0,5,0,0,0,0,0,4.761904716491699,0,0,0,4.761904716491699,100,0,0,0,0,0,0,0,0,0,0,0,0,0,0,0,250253.22064208984,247507.25659179688,0,404335493120,8589930496,23635202048,0
199,1727473735879,840,808,800,801,800,853,819,800,863,803,830,1945,857,831,852,919,803,829,800,801,803,800,803,809,827,800,831,845,889,802,846,800,0,0,0,0,0,0,0,0,0,0,0,0,0,0,0,0,100,0,0,0,0,0,0,0,0,0,0,0,0,0,0,0,250257.60809326172,247513.93041992188,0,404335493120,8589930496,23635202048,0
199,1727473736079,840,808,800,801,800,853,819,800,863,803,830,1945,857,831,852,919,803,829,800,801,803,800,803,809,827,800,831,845,889,802,846,800,0,0,0,0,0,0,0,0,0,0,0,0,0,0,0,0,100,0,0,0,0,0,0,0,0,0,0,0,0,0,0,0,250262.00341796875,247520.5913696289,0,404335493120,8589930496,23635202048,0
199,1727473736280,840,808,800,801,800,853,819,800,863,803,830,1945,857,831,852,919,803,829,800,801,803,800,803,809,827,800,831,845,889,802,846,800,9.523809432983398,5.263157844543457,5,0,5,0,9.523809432983398,0,4.761904716491699,5,0,5,5,0,9.523809432983398,5,100,0,5,5,5,0,0,0,5,0,9.523809432983398,5,5,5,0,5,250266.4676513672,247527.30822753906,0,404335493120,8589930496,23535132672,0
199,1727473736480,840,808,800,801,800,853,819,800,863,803,830,1945,857,831,852,919,803,829,800,801,803,800,803,809,827,800,831,845,889,802,846,800,9.523809432983398,5.263157844543457,5,0,5,0,9.523809432983398,0,4.761904716491699,5,0,5,5,0,9.523809432983398,5,100,0,5,5,5,0,0,0,5,0,9.523809432983398,5,5,5,0,5,250270.78979492188,247533.9574584961,0,404335493120,8589930496,23535132672,0
199,1727473736680,840,808,800,801,800,853,819,800,863,803,830,1945,857,831,852,919,803,829,800,801,803,800,803,809,827,800,831,845,889,802,846,800,0,0,0,0,0,0,0,0,0,0,0,0,0,0,0,0,100,0,0,0,0,0,0,0,0,0,0,0,0,0,0,0,250275.15649414063,247540.6104736328,0,404335493120,8589930496,23535132672,0
199,1727473736880,840,808,800,801,800,853,819,800,863,803,830,1945,857,831,852,919,803,829,800,801,803,800,803,809,827,800,831,845,889,802,846,800,0,0,0,0,0,0,0,0,0,0,0,0,0,0,0,0,100,0,0,0,0,0,0,0,0,0,0,0,0,0,0,0,250279.54571533203,247547.25994873047,0,404335493120,8589930496,23535132672,0
199,1727473737080,840,808,800,801,800,853,819,800,863,803,830,1945,857,831,852,919,803,829,800,801,803,800,803,809,827,800,831,845,889,802,846,800,0,0,0,0,0,0,0,0,0,0,0,0,0,0,0,0,100,0,0,0,0,0,0,0,0,0,0,0,0,0,0,0,250283.9105834961,247553.91857910156,0,404335493120,8589930496,23535132672,0
199,1727473737280,840,808,800,801,800,853,819,800,863,803,830,1945,857,831,852,919,803,829,800,801,803,800,803,809,827,800,831,845,889,802,846,800,0,0,0,0,0,0,0,0,0,0,0,0,0,0,0,0,100,0,0,0,0,0,0,0,0,0,0,0,0,0,0,0,250288.3154296875,247560.59887695313,0,404335493120,8589930496,23535132672,0
199,1727473737480,840,808,800,801,800,853,819,800,863,803,830,1945,857,831,852,919,803,829,800,801,803,800,803,809,827,800,831,845,889,802,846,800,0,0,0,0,0,0,0,0,0,0,0,0,0,0,0,0,100,0,0,0,0,0,0,0,0,0,0,0,0,0,0,0,250292.71704101563,247567.27966308594,0,404335493120,8589930496,23535132672,0
199,1727473737681,840,808,800,801,800,853,819,800,863,803,830,1945,857,831,852,919,803,829,800,801,803,800,803,809,827,800,831,845,889,802,846,800,0,0,0,0,0,0,0,0,0,0,0,0,0,0,0,0,100,0,0,0,0,0,0,0,0,0,0,0,0,0,0,0,250297.11096191406,247573.9552001953,0,404335493120,8589930496,23535132672,0
199,1727473737881,840,808,800,801,800,853,819,800,863,803,830,1945,857,831,852,919,803,829,800,801,803,800,803,809,827,800,831,845,889,802,846,800,0,0,0,0,0,0,0,0,0,0,0,0,0,0,0,0,100,0,0,4.761904716491699,0,0,0,0,0,0,0,0,0,0,0,0,250301.47625732422,247580.6201171875,0,404335493120,8589930496,23535132672,0
199,1727473738081,840,808,800,801,800,853,819,800,863,803,830,1945,857,831,852,919,803,829,800,801,803,800,803,809,827,800,831,845,889,802,846,800,0,0,0,0,0,0,0,0,0,0,0,0,0,0,0,0,100,0,0,0,0,0,0,0,0,0,0,0,0,0,0,0,250305.85314941406,247587.27056884766,0,404335493120,8589930496,23535132672,0
199,1727473738281,840,808,800,801,800,853,819,800,863,803,830,1945,857,831,852,919,803,829,800,801,803,800,803,809,827,800,831,845,889,802,846,800,0,0,0,0,0,0,0,0,0,0,0,0,0,0,0,0,100,0,0,0,0,0,0,0,0,0,0,0,0,0,0,0,250310.19262695313,247593.8921508789,0,404335493120,8589930496,23535132672,0
199,1727473738481,840,808,800,801,800,853,819,800,863,803,830,1945,857,831,852,919,803,829,800,801,803,800,803,809,827,800,831,845,889,802,846,800,0,0,0,0,0,0,0,0,0,0,0,0,0,5,0,0,100,0,0,5,0,0,4.761904716491699,4.761904716491699,0,4.761904716491699,0,0,0,0,13.636363983154297,28.571430206298828,250314.56817626953,247600.52368164063,0,404335493120,8589930496,23548407808,0
199,1727473738681,840,808,800,801,800,853,819,800,863,803,830,1945,857,831,852,919,803,829,800,801,803,800,803,809,827,800,831,845,889,802,846,800,5,5,0,0,0,0,0,0,0,0,0,0,0,0,0,0,100,0,0,0,0,0,0,0,0,0,0,0,0,0,0,0,250318.95654296875,247607.1339111328,0,404335493120,8589930496,23535132672,0
199,1727473738881,840,808,800,801,800,853,819,800,863,803,830,1945,857,831,852,919,803,829,800,801,803,800,803,809,827,800,831,845,889,802,846,800,5,5,0,0,0,0,0,0,0,0,0,0,0,0,0,0,100,0,0,0,0,0,0,0,0,0,0,0,0,0,0,0,250323.34185791016,247613.78887939453,0,404335493120,8589930496,23535136768,0
199,1727473739081,840,808,800,801,800,853,819,800,863,803,830,1945,857,831,852,919,803,829,800,801,803,800,803,809,827,800,831,845,889,802,846,800,0,0,0,0,0,0,0,0,0,0,0,0,0,0,0,0,100,0,0,0,0,0,0,0,0,0,0,0,0,0,0,0,250327.68823242188,247620.4600830078,0,404335493120,8589930496,23535136768,0
199,1727473739282,840,808,800,801,800,853,819,800,863,803,830,1945,857,831,852,919,803,829,800,801,803,800,803,809,827,800,831,845,889,802,846,800,0,0,0,0,0,0,0,0,0,0,0,0,0,0,0,0,100,0,0,0,0,0,0,0,0,0,0,0,0,0,0,0,250332.00122070313,247627.12658691406,0,404335493120,8589930496,23535136768,0
199,1727473739482,840,808,800,801,800,853,819,800,863,803,830,1945,857,831,852,919,803,829,800,801,803,800,803,809,827,800,831,845,889,802,846,800,5,0,0,0,0,0,0,0,0,0,0,0,0,0,0,0,100,0,0,5,0,0,0,0,0,0,0,0,0,0,0,0,250336.30682373047,247633.79266357422,0,404335493120,8589930496,23535140864,0
199,1727473739682,840,808,800,801,800,853,819,800,863,803,830,1945,857,831,852,919,803,829,800,801,803,800,803,809,827,800,831,845,889,802,846,800,0,0,0,0,0,0,0,0,0,0,0,0,0,0,0,0,100,0,0,0,0,0,0,0,0,0,0,0,0,0,0,0,250340.66772460938,247640.46124267578,0,404335493120,8589930496,23535140864,0
199,1727473739882,840,808,800,801,800,853,819,800,863,803,830,1945,857,831,852,919,803,829,800,801,803,800,803,809,827,800,831,845,889,802,846,800,0,0,0,0,0,0,0,0,0,0,0,0,0,0,0,0,100,0,0,0,0,0,0,0,0,0,0,0,0,0,0,0,250345.0362548828,247647.1162109375,0,404335493120,8589930496,23535140864,0
199,1727473740082,840,808,800,801,800,853,819,800,863,803,830,1945,857,831,852,919,803,829,800,801,803,800,803,809,827,800,831,845,889,802,846,800,0,0,0,0,0,0,0,0,0,0,0,0,0,0,0,0,100,0,0,0,0,0,0,0,0,0,0,0,0,0,0,0,250349.38159179688,247653.77661132813,0,404335493120,8589930496,23535140864,0
199,1727473740282,840,808,800,801,800,853,819,800,863,803,830,1945,857,831,852,919,803,829,800,801,803,800,803,809,827,800,831,845,889,802,846,800,4.761904716491699,0,0,0,0,0,0,0,0,0,0,0,0,0,0,0,100,0,0,0,0,0,0,0,0,0,0,0,0,0,0,0,250353.74639892578,247660.42498779297,0,404335493120,8589930496,23535140864,0
199,1727473740482,840,808,800,801,800,853,819,800,863,803,830,1945,857,831,852,919,803,829,800,801,803,800,803,809,827,800,831,845,889,802,846,800,0,0,0,0,0,0,0,0,0,0,0,0,0,0,0,0,100,0,0,0,0,0,0,0,0,0,0,0,0,0,0,0,250358.1044921875,247667.0899658203,0,404335493120,8589930496,23535140864,0
199,1727473740683,840,808,800,801,800,853,819,800,863,803,830,1945,857,831,852,919,803,829,800,801,803,800,803,809,827,800,831,845,889,802,846,800,0,0,0,0,0,0,0,0,0,0,0,0,0,0,0,0,100,0,0,0,0,0,0,0,0,0,0,0,0,0,0,0,250362.48797607422,247673.76037597656,0,404335493120,8589930496,23535140864,0
199,1727473740883,840,808,800,801,800,853,819,800,863,803,830,1945,857,831,852,919,803,829,800,801,803,800,803,809,827,800,831,845,889,802,846,800,0,0,0,0,0,0,0,0,0,0,0,0,0,0,0,0,100,0,0,0,0,0,0,0,0,0,0,0,0,0,0,0,250366.8720703125,247680.42822265625,0,404335493120,8589930496,23535140864,0
199,1727473741083,840,808,800,801,800,853,819,800,863,803,830,1945,857,831,852,919,803,829,800,801,803,800,803,809,827,800,831,845,889,802,846,800,0,0,0,0,0,0,0,0,0,0,0,0,0,0,0,0,100,0,0,0,0,0,0,0,0,0,0,0,0,0,0,0,250371.16766357422,247687.0990600586,0,404335493120,8589930496,23535140864,0
199,1727473741283,840,808,800,801,800,853,819,800,863,803,830,1945,857,831,852,919,803,829,800,801,803,800,803,809,827,800,831,845,889,802,846,800,0,0,0,0,0,0,0,0,0,0,5,0,0,0,0,0,100,0,0,0,0,0,0,0,0,0,0,0,0,0,0,0,250375.45977783203,247693.7689819336,0,404335493120,8589930496,23535140864,0
199,1727473741483,840,808,800,801,800,853,819,800,863,803,830,1945,857,831,852,919,803,829,800,801,803,800,803,809,827,800,831,845,889,802,846,800,0,0,0,0,0,0,0,0,0,0,0,0,0,0,0,0,100,0,0,0,0,0,0,0,0,0,4.761904716491699,0,0,0,0,0,250379.77893066406,247700.42443847656,0,404335493120,8589930496,23535140864,0
199,1727473741683,840,808,800,801,800,853,819,800,863,803,830,1945,857,831,852,919,803,829,800,801,803,800,803,809,827,800,831,845,889,802,846,800,0,0,0,0,0,0,0,0,0,0,0,0,0,0,0,0,100,0,4.761904716491699,0,0,0,0,0,0,0,0,0,0,0,0,0,250384.12677001953,247707.08758544922,0,404335493120,8589930496,23535144960,0
199,1727473741883,840,808,800,801,800,853,819,800,863,803,830,1945,857,831,852,919,803,829,800,801,803,800,803,809,827,800,831,845,889,802,846,800,0,0,0,0,0,0,0,0,0,0,0,0,0,0,0,0,100,0,4.761904716491699,0,0,0,0,0,0,0,0,0,0,0,0,0,250388.46759033203,247713.71948242188,0,404335493120,8589930496,23535144960,0
199,1727473742084,840,808,800,801,800,853,819,800,863,803,830,1945,857,831,852,919,803,829,800,801,803,800,803,809,827,800,831,845,889,802,846,800,0,0,0,0,0,0,0,0,0,0,0,0,0,0,0,0,100,0,0,0,0,0,0,0,0,0,0,0,0,0,0,0,250392.83142089844,247720.3983154297,0,404335493120,8589930496,23535144960,0
199,1727473742284,840,808,800,801,800,853,819,800,863,803,830,1945,857,831,852,919,803,829,800,801,803,800,803,809,827,800,831,845,889,802,846,800,0,0,0,0,0,0,0,0,0,0,0,0,0,0,0,0,100,0,0,0,0,0,0,0,0,0,0,0,0,0,0,0,250397.18878173828,247727.06256103516,0,404335493120,8589930496,23535144960,0
199,1727473742484,840,808,800,801,800,853,819,800,863,803,830,1945,857,831,852,919,803,829,800,801,803,800,803,809,827,800,831,845,889,802,846,800,9.523809432983398,0,14.285715103149414,0,4.761904716491699,10,5.263157844543457,5,0,0,0,0,0,5,0,9.523809432983398,100,0,0,4.761904716491699,4.761904716491699,0,0,0,0,0,0,0,0,0,10,0,250401.61724853516,247733.73095703125,0,404335493120,8589930496,23537352704,0
199,1727473742684,840,808,800,801,800,853,819,800,863,803,830,1945,857,831,852,919,803,829,800,801,803,800,803,809,827,800,831,845,889,802,846,800,0,14.285715103149414,10.526315689086914,14.285715103149414,15.789472579956055,15.000000953674316,15.000000953674316,23.809524536132813,15.000000953674316,5.263157844543457,9.523809432983398,5,20,10,5,15.000000953674316,100,15.000000953674316,5.263157844543457,10,21.052631378173828,9.523809432983398,10,10.526315689086914,0,9.523809432983398,15.000000953674316,19.047618865966797,0,0,15.000000953674316,28.571430206298828,250406.0971069336,247740.67767333984,0,404335493120,8589930496,23635521536,0
199,1727473742884,840,808,800,801,800,853,819,800,863,803,830,1945,857,831,852,919,803,829,800,801,803,800,803,809,827,800,831,845,889,802,846,800,0,14.285715103149414,10.526315689086914,14.285715103149414,15.789472579956055,15.000000953674316,15.000000953674316,23.809524536132813,15.000000953674316,5.263157844543457,9.523809432983398,5,20,10,5,15.000000953674316,100,15.000000953674316,5.263157844543457,10,21.052631378173828,9.523809432983398,10,10.526315689086914,0,9.523809432983398,15.000000953674316,19.047618865966797,0,0,15.000000953674316,28.571430206298828,250410.46453857422,247747.30828857422,0,404335493120,8589930496,23633903616,0
199,1727473743084,840,808,800,801,800,853,819,800,863,803,830,1945,857,831,852,919,803,829,800,801,803,800,803,809,827,800,831,845,889,802,846,800,7.500000476837158,2.5641026496887207,2.5,0,2.5641026496887207,2.5641026496887207,0,5,2.4390242099761963,0,2.5,0,4.878048419952393,5,2.5641026496887207,2.5,100,0,2.5641026496887207,2.5,2.4390242099761963,0,2.5,2.5,7.317072868347168,0,2.5,2.5641026496887207,0,0,0,2.5,250414.841796875,247754.0216064453,0,404335493120,8589930496,23634378752,0
199,1727473743284,840,808,800,801,800,853,819,800,863,803,830,1945,857,831,852,919,803,829,800,801,803,800,803,809,827,800,831,845,889,802,846,800,0,5,5,5,9.523809432983398,0,9.523809432983398,0,0,5,10,0,0,0,4.761904716491699,0,100,0,9.523809432983398,0,0,10,5,9.523809432983398,4.761904716491699,0,0,0,0,0,0,0,250419.18908691406,247760.60516357422,0,404335493120,8589930496,23634378752,0
199,1727473743484,840,808,800,801,800,853,819,800,863,803,830,1945,857,831,852,919,803,829,800,801,803,800,803,809,827,800,831,845,889,802,846,800,0,5,5,5,9.523809432983398,0,9.523809432983398,0,0,5,10,0,0,0,4.761904716491699,0,100,0,9.523809432983398,0,0,10,5,9.523809432983398,4.761904716491699,0,0,0,0,0,0,0,250423.55169677734,247767.28302001953,0,404335493120,8589930496,23634378752,0
199,1727473743685,840,808,800,801,800,853,819,800,863,803,830,1945,857,831,852,919,803,829,800,801,803,800,803,809,827,800,831,845,889,802,846,800,0,0,0,0,0,0,0,0,0,0,0,0,0,0,0,0,100,0,0,2.5641026496887207,0,0,0,0,0,0,0,0,0,0,0,0,250427.8706665039,247773.96044921875,0,404335493120,8589930496,23634382848,0
199,1727473743885,840,808,800,801,800,853,819,800,863,803,830,1945,857,831,852,919,803,829,800,801,803,800,803,809,827,800,831,845,889,802,846,800,0,0,0,0,0,0,0,0,0,0,0,0,0,0,0,0,100,0,0,0,0,0,0,0,0,0,0,0,0,0,0,0,250432.21997070313,247780.61590576172,0,404335493120,8589930496,23634382848,0
199,1727473744085,840,808,800,801,800,853,819,800,863,803,830,1945,857,831,852,919,803,829,800,801,803,800,803,809,827,800,831,845,889,802,846,800,0,0,0,0,0,0,0,0,0,0,0,0,0,0,0,0,100,0,0,0,0,0,0,0,0,0,0,0,0,0,0,0,250436.5479736328,247787.3051147461,0,404335493120,8589930496,23634382848,0
199,1727473744285,840,808,800,801,800,853,819,800,863,803,830,1945,857,831,852,919,803,829,800,801,803,800,803,809,827,800,831,845,889,802,846,800,0,0,0,0,0,0,0,0,0,0,0,0,0,0,0,0,100,0,0,0,0,0,0,0,0,0,0,0,0,0,0,0,250440.87170410156,247793.9979248047,0,404335493120,8589930496,23634382848,0
199,1727473744485,840,808,800,801,800,853,819,800,863,803,830,1945,857,831,852,919,803,829,800,801,803,800,803,809,827,800,831,845,889,802,846,800,0,0,0,0,0,0,0,0,0,0,0,0,0,0,0,0,100,0,0,0,0,0,0,0,0,0,5,0,0,0,0,0,250445.18493652344,247800.6781616211,0,404335493120,8589930496,23634382848,0
199,1727473744685,840,808,800,801,800,853,819,800,863,803,830,1945,857,831,852,919,803,829,800,801,803,800,803,809,827,800,831,845,889,802,846,800,0,0,0,0,0,0,0,0,0,0,0,0,0,0,0,0,100,0,0,0,0,0,0,0,0,0,4.761904716491699,0,0,0,0,0,250449.525390625,247807.36065673828,0,404335493120,8589930496,23634382848,0
199,1727473744885,840,808,800,801,800,853,819,800,863,803,830,1945,857,831,852,919,803,829,800,801,803,800,803,809,827,800,831,845,889,802,846,800,0,0,0,0,0,0,0,0,0,0,0,0,0,0,0,0,100,0,0,0,0,0,0,0,0,0,0,0,0,0,0,0,250453.86071777344,247814.03198242188,0,404335493120,8589930496,23634382848,0
199,1727473745086,840,808,800,801,800,853,819,800,863,803,830,1945,857,831,852,919,803,829,800,801,803,800,803,809,827,800,831,845,889,802,846,800,0,0,0,0,0,0,0,0,0,0,0,0,0,0,0,0,100,0,0,4.761904716491699,0,0,0,0,0,0,0,0,0,0,0,0,250458.19403076172,247820.69500732422,0,404335493120,8589930496,23634382848,0
199,1727473745286,840,808,800,801,800,853,819,800,863,803,830,1945,857,831,852,919,803,829,800,801,803,800,803,809,827,800,831,845,889,802,846,800,0,0,0,0,0,0,0,0,0,0,4.761904716491699,0,0,0,0,0,100,0,0,0,0,0,0,0,0,0,4.761904716491699,0,0,0,0,0,250462.5323486328,247827.37420654297,0,404335493120,8589930496,23634382848,0
199,1727473745486,840,808,800,801,800,853,819,800,863,803,830,1945,857,831,852,919,803,829,800,801,803,800,803,809,827,800,831,845,889,802,846,800,0,0,0,0,0,0,0,0,0,0,0,0,0,0,0,0,100,0,0,0,0,0,0,0,0,0,0,0,0,0,0,0,250466.91528320313,247834.05615234375,0,404335493120,8589930496,23634382848,0
199,1727473745686,840,808,800,801,800,853,819,800,863,803,830,1945,857,831,852,919,803,829,800,801,803,800,803,809,827,800,831,845,889,802,846,800,0,0,0,0,0,0,0,0,0,0,0,0,0,0,0,0,100,0,0,0,0,0,0,0,0,0,4.761904716491699,0,0,0,0,0,250471.2685546875,247840.72827148438,0,404335493120,8589930496,23634382848,0
199,1727473745886,840,808,800,801,800,853,819,800,863,803,830,1945,857,831,852,919,803,829,800,801,803,800,803,809,827,800,831,845,889,802,846,800,0,0,0,0,0,0,0,0,0,0,0,0,0,0,0,0,100,0,0,0,0,0,0,0,0,0,0,0,0,0,0,0,250475.59802246094,247847.39910888672,0,404335493120,8589930496,23634382848,0
199,1727473746086,840,808,800,801,800,853,819,800,863,803,830,1945,857,831,852,919,803,829,800,801,803,800,803,809,827,800,831,845,889,802,846,800,0,0,0,0,0,0,0,0,0,0,0,0,0,0,0,0,100,0,0,0,0,0,0,0,0,0,0,0,0,0,0,0,250479.9783935547,247854.083984375,0,404335493120,8589930496,23634382848,0
199,1727473746286,840,808,800,801,800,853,819,800,863,803,830,1945,857,831,852,919,803,829,800,801,803,800,803,809,827,800,831,845,889,802,846,800,4.761904716491699,5,0,4.761904716491699,5,5,0,5,5,5,5,5,0,5,0,9.523809432983398,100,5,5,5,5,5,9.523809432983398,5,0,5,0,5,9.523809432983398,9.523809432983398,0,0,250484.4305419922,247860.83642578125,0,404335493120,8589930496,23534485504,0
199,1727473746487,840,808,800,801,800,853,819,800,863,803,830,1945,857,831,852,919,803,829,800,801,803,800,803,809,827,800,831,845,889,802,846,800,4.761904716491699,5,0,4.761904716491699,5,5,0,5,5,5,5,5,0,5,0,9.523809432983398,100,5,5,5,5,5,9.523809432983398,5,0,5,0,5,9.523809432983398,9.523809432983398,0,0,250488.77575683594,247867.4907836914,0,404335493120,8589930496,23534485504,0
199,1727473746687,840,808,800,801,800,853,819,800,863,803,830,1945,857,831,852,919,803,829,800,801,803,800,803,809,827,800,831,845,889,802,846,800,0,0,0,0,0,0,0,0,0,0,0,0,0,0,0,0,100,0,0,0,0,0,0,0,0,0,0,0,0,0,0,0,250493.13122558594,247874.1785888672,0,404335493120,8589930496,23534485504,0
199,1727473746887,840,808,800,801,800,853,819,800,863,803,830,1945,857,831,852,919,803,829,800,801,803,800,803,809,827,800,831,845,889,802,846,800,0,0,0,0,0,0,0,0,0,0,0,0,0,0,0,0,100,0,0,0,0,0,0,0,0,0,0,0,0,0,0,0,250497.47857666016,247880.85192871094,0,404335493120,8589930496,23534485504,0
199,1727473747087,840,808,800,801,800,853,819,800,863,803,830,1945,857,831,852,919,803,829,800,801,803,800,803,809,827,800,831,845,889,802,846,800,0,0,0,0,0,0,0,0,0,0,0,0,0,0,0,0,100,0,0,0,0,0,0,0,0,0,0,0,0,0,0,0,250501.81549072266,247887.5125732422,0,404335493120,8589930496,23534485504,0
199,1727473747287,840,808,800,801,800,853,819,800,863,803,830,1945,857,831,852,919,803,829,800,801,803,800,803,809,827,800,831,845,889,802,846,800,0,0,0,0,0,0,0,0,0,0,0,0,0,0,0,0,100,0,0,5,0,0,0,0,0,0,0,0,0,0,0,0,250506.11462402344,247894.18548583984,0,404335493120,8589930496,23534485504,0
199,1727473747487,840,808,800,801,800,853,819,800,863,803,830,1945,857,831,852,919,803,829,800,801,803,800,803,809,827,800,831,845,889,802,846,800,0,0,0,0,0,0,0,0,0,0,0,0,0,0,0,0,100,0,0,0,0,0,0,0,0,0,0,0,0,0,0,0,250510.43634033203,247900.87536621094,0,404335493120,8589930496,23534485504,0
199,1727473747687,840,808,800,801,800,853,819,800,863,803,830,1945,857,831,852,919,803,829,800,801,803,800,803,809,827,800,831,845,889,802,846,800,0,0,0,0,0,0,0,0,0,0,0,0,0,0,0,0,100,0,0,0,0,0,0,0,0,0,0,0,0,0,0,0,250514.767578125,247907.55603027344,0,404335493120,8589930496,23534485504,0
199,1727473747887,840,808,800,801,800,853,819,800,863,803,830,1945,857,831,852,919,803,829,800,801,803,800,803,809,827,800,831,845,889,802,846,800,0,0,0,0,0,0,0,0,0,0,0,0,0,0,0,0,100,0,0,0,0,0,0,0,0,0,0,0,0,0,0,0,250519.12200927734,247914.23028564453,0,404335493120,8589930496,23534485504,0
199,1727473748087,840,808,800,801,800,853,819,800,863,803,830,1945,857,831,852,919,803,829,800,801,803,800,803,809,827,800,831,845,889,802,846,800,0,0,0,0,0,0,0,0,0,0,0,0,0,0,0,0,100,0,0,0,0,0,0,0,0,0,0,0,0,0,0,0,250523.48217773438,247920.9183959961,0,404335493120,8589930496,23534485504,0
199,1727473748288,840,808,800,801,800,853,819,800,863,803,830,1945,857,831,852,919,803,829,800,801,803,800,803,809,827,800,831,845,889,802,846,800,0,0,0,0,0,0,0,0,0,0,0,0,0,0,0,0,100,0,0,0,0,0,0,0,0,0,0,4.761904716491699,0,0,0,0,250527.85180664063,247927.6082763672,0,404335493120,8589930496,23534485504,0
199,1727473748488,840,808,800,801,800,853,819,800,863,803,830,1945,857,831,852,919,803,829,800,801,803,800,803,809,827,800,831,845,889,802,846,800,0,0,4.761904716491699,0,0,0,0,5,0,0,0,0,0,0,0,0,100,0,0,5,0,0,0,0,4.761904716491699,0,0,4.761904716491699,0,0,0,0,250532.2276611328,247934.30102539063,0,404335493120,8589930496,23534497792,0
199,1727473748688,840,808,800,801,800,853,819,800,863,803,830,1945,857,831,852,919,803,829,800,801,803,800,803,809,827,800,831,845,889,802,846,800,0,5,0,0,0,0,0,0,0,0,0,4.761904716491699,13.636363983154297,0,0,0,100,0,0,0,0,0,0,0,0,0,0,0,0,0,0,0,250536.58380126953,247940.9888305664,0,404335493120,8589930496,23537889280,0
199,1727473748888,840,808,800,801,800,853,819,800,863,803,830,1945,857,831,852,919,803,829,800,801,803,800,803,809,827,800,831,845,889,802,846,800,9.090909004211426,21.052631378173828,0,0,0,5,9.090909004211426,4.761904716491699,0,0,4.761904716491699,0,0,0,4.761904716491699,4.761904716491699,30.000001907348633,5,13.636363983154297,0,5,5,0,0,0,0,9.523809432983398,0,0,70,0,0,250541.0086669922,247947.68853759766,0,404335493120,8589930496,23534497792,0
199,1727473749088,840,808,800,801,800,853,819,800,863,803,830,1945,857,831,852,919,803,829,800,801,803,800,803,809,827,800,831,845,889,802,846,800,9.090909004211426,21.052631378173828,0,0,0,5,9.090909004211426,4.761904716491699,0,0,4.761904716491699,0,0,0,4.761904716491699,4.761904716491699,30.000001907348633,5,13.636363983154297,0,5,5,0,0,0,0,9.523809432983398,0,0,70,0,0,250545.34350585938,247954.33337402344,0,404335493120,8589930496,23534501888,0
199,1727473749288,840,808,800,801,800,853,819,800,863,803,830,1945,857,831,852,919,803,829,800,801,803,800,803,809,827,800,831,845,889,802,846,800,0,0,0,0,0,0,0,0,0,0,0,0,0,0,0,0,0,0,0,0,0,0,0,0,0,0,0,0,0,100,0,0,250549.73364257813,247961.04565429688,0,404335493120,8589930496,23534501888,0
199,1727473749489,840,808,800,801,800,853,819,800,863,803,830,1945,857,831,852,919,803,829,800,801,803,800,803,809,827,800,831,845,889,802,846,800,0,0,0,0,0,0,0,0,0,0,0,0,0,0,0,0,0,0,0,0,0,0,0,0,0,0,0,4.761904716491699,0,100,0,0,250554.11431884766,247967.70501708984,0,404335493120,8589930496,23534505984,0
199,1727473749689,840,808,800,801,800,853,819,800,863,803,830,1945,857,831,852,919,803,829,800,801,803,800,803,809,827,800,831,845,889,802,846,800,0,0,0,0,0,0,0,0,0,0,0,0,0,0,0,0,0,0,0,0,0,0,0,0,0,0,0,0,0,100,0,0,250558.47216796875,247974.38671875,0,404335493120,8589930496,23534505984,0
199,1727473749889,840,808,800,801,800,853,819,800,863,803,830,1945,857,831,852,919,803,829,800,801,803,800,803,809,827,800,831,845,889,802,846,800,0,0,0,0,0,0,0,0,0,0,0,0,0,0,0,0,0,0,0,0,0,0,0,0,0,0,0,0,0,100,0,0,250562.8526611328,247981.07067871094,0,404335493120,8589930496,23534505984,0
199,1727473750089,840,808,800,801,800,853,819,800,863,803,830,1945,857,831,852,919,803,829,800,801,803,800,803,809,827,800,831,845,889,802,846,800,0,0,0,0,0,0,0,0,0,0,0,0,0,0,0,0,0,0,0,0,0,0,0,0,0,0,0,0,0,100,0,0,250567.23614501953,247987.74645996094,0,404335493120,8589930496,23534505984,0
199,1727473750289,840,808,800,801,800,853,819,800,863,803,830,1945,857,831,852,919,803,829,800,801,803,800,803,809,827,800,831,845,889,802,846,800,0,0,0,0,0,0,0,0,0,0,4.761904716491699,0,0,0,0,0,0,0,0,0,0,0,0,0,0,0,0,0,0,100,0,0,250571.61492919922,247994.4144897461,0,404335493120,8589930496,23534505984,0
199,1727473750489,840,808,800,801,800,853,819,800,863,803,830,1945,857,831,852,919,803,829,800,801,803,800,803,809,827,800,831,845,889,802,846,800,0,0,0,0,0,0,0,0,0,0,0,0,0,0,0,0,0,0,0,0,0,0,0,0,0,0,0,0,0,100,0,0,250575.97918701172,248001.10162353516,0,404335493120,8589930496,23534505984,0
199,1727473750689,840,808,800,801,800,853,819,800,863,803,830,1945,857,831,852,919,803,829,800,801,803,800,803,809,827,800,831,845,889,802,846,800,0,0,0,0,0,0,0,0,0,0,0,0,0,0,0,0,0,0,0,0,0,0,0,0,0,0,4.761904716491699,0,0,100,0,0,250580.29327392578,248007.74395751953,0,404335493120,8589930496,23534505984,0
199,1727473750889,840,808,800,801,800,853,819,800,863,803,830,1945,857,831,852,919,803,829,800,801,803,800,803,809,827,800,831,845,889,802,846,800,0,0,0,0,0,0,0,0,0,0,0,0,0,0,0,0,0,0,0,0,0,0,0,0,0,0,0,0,0,100,0,0,250584.61224365234,248014.41967773438,0,404335493120,8589930496,23534505984,0
199,1727473751090,840,808,800,801,800,853,819,800,863,803,830,1945,857,831,852,919,803,829,800,801,803,800,803,809,827,800,831,845,889,802,846,800,0,0,0,0,0,0,0,0,0,0,0,0,0,0,0,0,0,0,5,0,0,0,0,0,0,0,4.761904716491699,0,0,100,0,0,250588.96697998047,248021.1209716797,0,404335493120,8589930496,23534505984,0
199,1727473751290,840,808,800,801,800,853,819,800,863,803,830,1945,857,831,852,919,803,829,800,801,803,800,803,809,827,800,831,845,889,802,846,800,0,0,0,0,0,0,0,0,0,0,0,0,0,0,0,0,0,0,5,0,0,0,0,0,0,0,4.761904716491699,0,0,100,0,0,250593.25366210938,248027.7646484375,0,404335493120,8589930496,23534505984,0
199,1727473751490,840,808,800,801,800,853,819,800,863,803,830,1945,857,831,852,919,803,829,800,801,803,800,803,809,827,800,831,845,889,802,846,800,0,0,0,0,0,0,0,0,0,0,0,0,0,0,0,0,0,0,0,0,0,0,0,0,0,0,4.761904716491699,0,0,100,0,0,250597.61791992188,248034.4692993164,0,404335493120,8589930496,23534510080,0
199,1727473751690,840,808,800,801,800,853,819,800,863,803,830,1945,857,831,852,919,803,829,800,801,803,800,803,809,827,800,831,845,889,802,846,800,0,0,0,0,0,0,0,0,0,0,0,0,0,0,0,0,0,0,0,0,0,0,0,0,0,0,0,0,0,100,0,0,250601.9901123047,248041.10467529297,0,404335493120,8589930496,23534510080,0
199,1727473751890,840,808,800,801,800,853,819,800,863,803,830,1945,857,831,852,919,803,829,800,801,803,800,803,809,827,800,831,845,889,802,846,800,0,0,0,0,0,0,0,0,0,0,0,0,0,0,0,0,0,0,0,0,0,0,0,0,0,0,0,0,0,100,0,0,250606.34967041016,248047.79315185547,0,404335493120,8589930496,23534510080,0
199,1727473752090,840,808,800,801,800,853,819,800,863,803,830,1945,857,831,852,919,803,829,800,801,803,800,803,809,827,800,831,845,889,802,846,800,0,0,0,0,0,0,0,0,0,0,0,0,0,0,0,0,0,0,0,0,0,0,0,0,0,0,0,0,0,100,0,0,250610.76208496094,248054.47662353516,0,404335493120,8589930496,23534510080,0
199,1727473752290,840,808,800,801,800,853,819,800,863,803,830,1945,857,831,852,919,803,829,800,801,803,800,803,809,827,800,831,845,889,802,846,800,0,0,0,0,4.761904716491699,0,0,0,0,0,0,0,0,0,0,0,0,0,0,0,0,5,0,0,0,0,0,0,0,100,0,0,250615.15802001953,248061.15893554688,0,404335493120,8589930496,23534510080,0
199,1727473752491,840,808,800,801,800,853,819,800,863,803,830,1945,857,831,852,919,803,829,800,801,803,800,803,809,827,800,831,845,889,802,846,800,0,0,0,0,0,0,0,0,0,0,0,0,0,0,0,0,0,0,0,0,0,0,0,0,0,0,0,0,0,100,0,0,250619.5033569336,248067.83624267578,0,404335493120,8589930496,23534510080,0
199,1727473752691,840,808,800,801,800,853,819,800,863,803,830,1945,857,831,852,919,803,829,800,801,803,800,803,809,827,800,831,845,889,802,846,800,0,0,0,0,0,0,0,0,0,0,0,0,0,0,0,0,0,0,0,0,0,0,0,5,0,0,0,0,0,100,0,0,250623.87817382813,248074.5184326172,0,404335493120,8589930496,23534510080,0
199,1727473752891,840,808,800,801,800,853,819,800,863,803,830,1945,857,831,852,919,803,829,800,801,803,800,803,809,827,800,831,845,889,802,846,800,0,0,0,0,0,0,0,0,0,0,0,0,0,0,0,0,0,0,0,0,0,0,0,5,0,0,0,0,0,100,0,0,250628.24279785156,248081.1948852539,0,404335493120,8589930496,23534510080,0
199,1727473753091,840,808,800,801,800,853,819,800,863,803,830,1945,857,831,852,919,803,829,800,801,803,800,803,809,827,800,831,845,889,802,846,800,0,0,0,0,0,0,0,0,0,0,0,0,0,0,0,0,0,0,4.761904716491699,0,0,0,0,0,0,0,0,0,0,100,0,0,250632.6099243164,248087.8705444336,0,404335493120,8589930496,23534510080,0
199,1727473753291,840,808,800,801,800,853,819,800,863,803,830,1945,857,831,852,919,803,829,800,801,803,800,803,809,827,800,831,845,889,802,846,800,0,0,0,0,0,0,0,0,0,0,0,0,0,0,0,0,0,0,0,0,0,0,0,0,0,0,0,0,0,100,0,0,250636.92797851563,248094.54315185547,0,404335493120,8589930496,23534510080,0
199,1727473753491,840,808,800,801,800,853,819,800,863,803,830,1945,857,831,852,919,803,829,800,801,803,800,803,809,827,800,831,845,889,802,846,800,0,0,0,0,0,0,0,0,0,0,0,0,0,0,0,0,0,0,0,0,0,0,0,0,0,0,0,0,0,100,0,0,250641.296875,248101.2251586914,0,404335493120,8589930496,23534510080,0
199,1727473753691,840,808,800,801,800,853,819,800,863,803,830,1945,857,831,852,919,803,829,800,801,803,800,803,809,827,800,831,845,889,802,846,800,0,0,0,0,0,0,0,0,0,0,0,0,0,0,0,0,0,0,0,0,0,0,0,0,0,0,0,0,0,100,0,0,250645.6957397461,248107.90454101563,0,404335493120,8589930496,23534510080,0
199,1727473753892,840,808,800,801,800,853,819,800,863,803,830,1945,857,831,852,919,803,829,800,801,803,800,803,809,827,800,831,845,889,802,846,800,0,9.523809432983398,0,5,0,0,0,0,0,0,0,0,5,0,0,0,0,4.761904716491699,0,0,0,0,10,5.263157844543457,0,0,0,0,0,100,0,0,250650.10345458984,248114.59344482422,0,404335493120,8589930496,23536410624,0
199,1727473754092,840,808,800,801,800,853,819,800,863,803,830,1945,857,831,852,919,803,829,800,801,803,800,803,809,827,800,831,845,889,802,846,800,10.526315689086914,10.526315689086914,20,23.809524536132813,5.555555820465088,10,11.111111640930176,15.000000953674316,5,5.263157844543457,0,0,19.047618865966797,10,5,9.523809432983398,0,28.571430206298828,5.263157844543457,10.526315689086914,5.263157844543457,11.111111640930176,15.789472579956055,14.285715103149414,10.526315689086914,15.000000953674316,5.263157844543457,19.047618865966797,5.263157844543457,100,10,40,250654.6397705078,248121.57983398438,0,404335493120,8589930496,23657615360,0
199,1727473754292,840,808,800,801,800,853,819,800,863,803,830,1945,857,831,852,919,803,829,800,801,803,800,803,809,827,800,831,845,889,802,846,800,10.526315689086914,10.526315689086914,20,23.809524536132813,5.555555820465088,10,11.111111640930176,15.000000953674316,5,5.263157844543457,0,0,19.047618865966797,10,5,9.523809432983398,0,28.571430206298828,5.263157844543457,10.526315689086914,5.263157844543457,11.111111640930176,15.789472579956055,14.285715103149414,10.526315689086914,15.000000953674316,5.263157844543457,19.047618865966797,5.263157844543457,100,10,40,250658.97717285156,248128.17413330078,0,404335493120,8589930496,23656763392,0
199,1727473754492,840,808,800,801,800,853,819,800,863,803,830,1945,857,831,852,919,803,829,800,801,803,800,803,809,827,800,831,845,889,802,846,800,0,0,0,0,0,0,0,0,2.5,2.5,2.4390242099761963,0,0,0,0,0,0,0,2.5,4.761904716491699,0,2.5,0,0,0,0,0,2.5,0,100,0,0,250663.35614013672,248134.8250732422,0,404335493120,8589930496,23656763392,0
199,1727473754692,840,808,800,801,800,853,819,800,863,803,830,1945,857,831,852,919,803,829,800,801,803,800,803,809,827,800,831,845,889,802,846,800,9.523809432983398,4.761904716491699,10.526315689086914,0,0,0,9.523809432983398,0,0,0,0,0,0,0,0,0,0,5.263157844543457,10,0,5,10,0,5.263157844543457,0,0,0,0,5,100,0,5,250667.76599121094,248141.51763916016,0,404335493120,8589930496,23656857600,0
199,1727473754892,840,808,800,801,800,853,819,800,863,803,830,1945,857,831,852,919,803,829,800,801,803,800,803,809,827,800,831,845,889,802,846,800,9.523809432983398,4.761904716491699,10.526315689086914,0,0,0,9.523809432983398,0,0,0,0,0,0,0,0,0,0,5.263157844543457,10,0,5,10,0,5.263157844543457,0,0,0,0,5,100,0,5,250672.04736328125,248148.12286376953,0,404335493120,8589930496,23656771584,0
199,1727473755092,840,808,800,801,800,853,819,800,863,803,830,1945,857,831,852,919,803,829,800,801,803,800,803,809,827,800,831,845,889,802,846,800,0,0,0,0,0,0,5.263157844543457,2.5,0,0,0,0,2.5,0,0,0,0,2.5,0,0,2.5,0,0,2.4390242099761963,0,0,0,0,0,100,0,0,250676.37469482422,248154.810546875,0,404335493120,8589930496,23656771584,0
199,1727473755293,840,808,800,801,800,853,819,800,863,803,830,1945,857,831,852,919,803,829,800,801,803,800,803,809,827,800,831,845,889,802,846,800,0,0,0,0,0,0,5.263157844543457,2.5,0,0,0,0,2.5,0,0,0,0,2.5,0,0,2.5,0,0,2.4390242099761963,0,0,0,0,0,100,0,0,250680.69256591797,248161.49310302734,0,404335493120,8589930496,23656771584,0
199,1727473755493,840,808,800,801,800,853,819,800,863,803,830,1945,857,831,852,919,803,829,800,801,803,800,803,809,827,800,831,845,889,802,846,800,0,0,0,0,0,0,0,0,0,0,0,0,0,0,0,0,0,0,0,0,0,0,0,0,0,0,0,0,0,100,0,0,250685.0526123047,248168.18426513672,0,404335493120,8589930496,23656771584,0
199,1727473755693,840,808,800,801,800,853,819,800,863,803,830,1945,857,831,852,919,803,829,800,801,803,800,803,809,827,800,831,845,889,802,846,800,0,0,0,0,0,0,0,0,0,0,0,0,0,0,0,0,0,0,0,0,0,0,0,0,4.761904716491699,0,0,0,0,100,0,0,250689.38934326172,248174.85919189453,0,404335493120,8589930496,23656771584,0
199,1727473755893,840,808,800,801,800,853,819,800,863,803,830,1945,857,831,852,919,803,829,800,801,803,800,803,809,827,800,831,845,889,802,846,800,0,0,0,0,0,0,0,0,0,0,0,0,0,0,0,0,0,0,0,0,0,0,0,0,0,0,0,0,0,100,0,0,250693.68994140625,248181.5457763672,0,404335493120,8589930496,23656771584,0
199,1727473756093,840,808,800,801,800,853,819,800,863,803,830,1945,857,831,852,919,803,829,800,801,803,800,803,809,827,800,831,845,889,802,846,800,0,0,0,0,0,0,0,0,0,0,0,0,0,0,0,0,0,0,0,0,0,0,0,0,0,0,0,0,0,100,0,0,250697.9920654297,248188.2130126953,0,404335493120,8589930496,23656771584,0
199,1727473756293,840,808,800,801,800,853,819,800,863,803,830,1945,857,831,852,919,803,829,800,801,803,800,803,809,827,800,831,845,889,802,846,800,0,0,0,0,0,0,0,0,0,0,0,0,0,0,0,0,0,0,0,0,0,0,0,0,0,0,4.761904716491699,0,0,100,0,0,250702.31567382813,248194.88415527344,0,404335493120,8589930496,23656771584,0
199,1727473756493,840,808,800,801,800,853,819,800,863,803,830,1945,857,831,852,919,803,829,800,801,803,800,803,809,827,800,831,845,889,802,846,800,0,0,0,0,0,0,0,0,0,0,0,0,0,0,0,0,0,0,0,0,0,0,0,0,0,0,0,0,0,100,0,0,250706.66766357422,248201.56469726563,0,404335493120,8589930496,23656775680,0
199,1727473756694,840,808,800,801,800,853,819,800,863,803,830,1945,857,831,852,919,803,829,800,801,803,800,803,809,827,800,831,845,889,802,846,800,0,0,0,0,0,0,0,0,0,0,0,0,0,0,0,0,0,0,0,0,0,0,0,0,0,0,4.761904716491699,0,0,100,0,0,250711.00323486328,248208.23919677734,0,404335493120,8589930496,23656775680,0
199,1727473756894,840,808,800,801,800,853,819,800,863,803,830,1945,857,831,852,919,803,829,800,801,803,800,803,809,827,800,831,845,889,802,846,800,0,0,0,0,0,4.761904716491699,0,0,0,0,0,0,0,0,0,0,0,0,0,0,0,0,0,0,0,0,0,0,0,100,0,0,250715.32916259766,248214.9256591797,0,404335493120,8589930496,23656775680,0
199,1727473757094,840,808,800,801,800,853,819,800,863,803,830,1945,857,831,852,919,803,829,800,801,803,800,803,809,827,800,831,845,889,802,846,800,0,0,0,0,0,0,0,0,0,0,0,0,0,0,0,0,0,0,0,0,0,0,0,0,0,0,4.761904716491699,0,0,100,0,0,250719.6895751953,248221.59674072266,0,404335493120,8589930496,23656775680,0
199,1727473757294,840,808,800,801,800,853,819,800,863,803,830,1945,857,831,852,919,803,829,800,801,803,800,803,809,827,800,831,845,889,802,846,800,0,0,0,0,0,0,0,0,0,0,0,0,0,0,0,0,0,0,0,0,0,0,0,0,0,0,4.761904716491699,0,0,100,0,0,250723.9901123047,248228.2694091797,0,404335493120,8589930496,23656775680,0
199,1727473757494,840,808,800,801,800,853,819,800,863,803,830,1945,857,831,852,919,803,829,800,801,803,800,803,809,827,800,831,845,889,802,846,800,0,0,0,0,0,0,0,0,0,0,0,0,0,0,0,0,0,0,0,0,0,0,0,0,0,0,0,0,0,100,0,0,250728.31024169922,248234.95336914063,0,404335493120,8589930496,23656775680,0
199,1727473757694,840,808,800,801,800,853,819,800,863,803,830,1945,857,831,852,919,803,829,800,801,803,800,803,809,827,800,831,845,889,802,846,800,0,0,0,0,0,0,0,0,0,0,0,0,0,0,0,0,0,0,0,0,0,0,0,0,0,0,0,0,0,100,0,0,250732.6766357422,248241.6378173828,0,404335493120,8589930496,23656775680,0
199,1727473757894,840,808,800,801,800,853,819,800,863,803,830,1945,857,831,852,919,803,829,800,801,803,800,803,809,827,800,831,845,889,802,846,800,0,0,0,0,0,0,0,0,0,0,0,0,0,0,0,0,0,0,0,0,0,0,0,0,0,0,0,0,0,100,0,0,250736.9916381836,248248.3270263672,0,404335493120,8589930496,23656775680,0
199,1727473758094,840,808,800,801,800,853,819,800,863,803,830,1945,857,831,852,919,803,829,800,801,803,800,803,809,827,800,831,845,889,802,846,800,0,0,0,0,0,0,0,0,0,0,0,0,0,0,0,0,0,0,0,0,0,0,0,0,0,0,0,0,0,100,0,0,250741.328125,248255.02697753906,0,404335493120,8589930496,23656775680,0
199,1727473758295,840,808,800,801,800,853,819,800,863,803,830,1945,857,831,852,919,803,829,800,801,803,800,803,809,827,800,831,845,889,802,846,800,5,5,5,9.523809432983398,5,5.263157844543457,5,10,9.523809432983398,9.523809432983398,5.263157844543457,9.523809432983398,0,9.523809432983398,5,5,60.000003814697266,5,5.263157844543457,9.523809432983398,10,5.263157844543457,5,9.523809432983398,5,10,5.263157844543457,5,10,45,5,5,250745.78875732422,248261.791015625,0,404335493120,8589930496,23534219264,0
199,1727473758495,840,808,800,801,800,853,819,800,863,803,830,1945,857,831,852,919,803,829,800,801,803,800,803,809,827,800,831,845,889,802,846,800,5,5,5,9.523809432983398,5,5.263157844543457,5,10,9.523809432983398,9.523809432983398,5.263157844543457,9.523809432983398,0,9.523809432983398,5,5,60.000003814697266,5,5.263157844543457,9.523809432983398,10,5.263157844543457,5,9.523809432983398,5,10,5.263157844543457,5,10,45,5,5,250750.1694946289,248268.48553466797,0,404335493120,8589930496,23534219264,0
199,1727473758695,840,808,800,801,800,853,819,800,863,803,830,1945,857,831,852,919,803,829,800,801,803,800,803,809,827,800,831,845,889,802,846,800,0,0,0,0,0,0,0,0,0,0,0,0,0,0,0,0,100,2.5,0,0,0,0,0,0,0,0,0,0,0,0,0,0,250754.52716064453,248275.17645263672,0,404335493120,8589930496,23534219264,0
199,1727473758895,840,808,800,801,800,853,819,800,863,803,830,1945,857,831,852,919,803,829,800,801,803,800,803,809,827,800,831,845,889,802,846,800,0,0,0,0,0,0,0,0,0,0,0,0,0,0,0,0,100,0,0,0,0,0,0,0,0,0,0,0,0,0,0,0,250758.93365478516,248281.85845947266,0,404335493120,8589930496,23534223360,0
199,1727473759096,840,808,800,801,800,853,819,800,863,803,830,1945,857,831,852,919,803,829,800,801,803,800,803,809,827,800,831,845,889,802,846,800,5,0,0,0,0,0,5,5,0,5,4.761904716491699,0,0,0,0,0,100,15.789472579956055,0,15.789472579956055,0,0,0,0,4.761904716491699,0,5,5,0,0,0,0,250763.35278320313,248288.5317993164,0,404335493120,8589930496,23534223360,0
199,1727473759295,840,808,800,801,800,853,819,800,863,803,830,1945,857,831,852,919,803,829,800,801,803,800,803,809,827,800,831,845,889,802,846,800,5,0,0,0,0,0,5,5,0,5,4.761904716491699,0,0,0,0,0,100,15.789472579956055,0,15.789472579956055,0,0,0,0,4.761904716491699,0,5,5,0,0,0,0,250767.66961669922,248295.17938232422,0,404335493120,8589930496,23534223360,0
199,1727473759495,840,808,800,801,800,853,819,800,863,803,830,1945,857,831,852,919,803,829,800,801,803,800,803,809,827,800,831,845,889,802,846,800,0,0,0,0,0,0,0,0,0,0,2.4390242099761963,0,0,0,0,0,100,0,0,0,0,0,0,0,0,0,0,0,0,0,2.4390242099761963,0,250772.0443725586,248301.88305664063,0,404335493120,8589930496,23534227456,0
199,1727473759696,840,808,800,801,800,853,819,800,863,803,830,1945,857,831,852,919,803,829,800,801,803,800,803,809,827,800,831,845,889,802,846,800,0,0,0,0,0,0,0,0,0,0,2.4390242099761963,0,0,0,0,0,100,0,0,0,0,0,0,0,0,0,0,0,0,0,2.4390242099761963,0,250776.41137695313,248308.5375366211,0,404335493120,8589930496,23534227456,0
199,1727473759896,840,808,800,801,800,853,819,800,863,803,830,1945,857,831,852,919,803,829,800,801,803,800,803,809,827,800,831,845,889,802,846,800,0,0,0,0,0,0,0,0,0,0,0,0,0,0,0,0,100,0,0,0,0,0,0,0,0,2.4390242099761963,0,0,0,0,0,0,250780.74224853516,248315.25720214844,0,404335493120,8589930496,23534227456,0
199,1727473760096,840,808,800,801,800,853,819,800,863,803,830,1945,857,831,852,919,803,829,800,801,803,800,803,809,827,800,831,845,889,802,846,800,0,0,0,0,0,0,0,0,0,0,0,0,0,0,0,0,100,0,0,0,0,0,0,0,0,0,0,0,0,0,0,0,250785.06408691406,248321.91204833984,0,404335493120,8589930496,23534227456,0
199,1727473760296,840,808,800,801,800,853,819,800,863,803,830,1945,857,831,852,919,803,829,800,801,803,800,803,809,827,800,831,845,889,802,846,800,0,0,0,0,0,0,0,0,0,0,0,0,0,0,0,0,100,0,0,0,0,0,0,0,0,0,0,0,0,0,0,0,250789.41369628906,248328.58850097656,0,404335493120,8589930496,23534227456,0
199,1727473760496,840,808,800,801,800,853,819,800,863,803,830,1945,857,831,852,919,803,829,800,801,803,800,803,809,827,800,831,845,889,802,846,800,0,0,0,0,0,0,0,0,0,0,0,0,0,0,0,0,100,0,0,0,0,0,0,0,0,0,0,0,0,0,0,0,250793.8109741211,248335.2984008789,0,404335493120,8589930496,23534227456,0
199,1727473760696,840,808,800,801,800,853,819,800,863,803,830,1945,857,831,852,919,803,829,800,801,803,800,803,809,827,800,831,845,889,802,846,800,0,0,0,0,0,0,0,0,0,0,0,0,0,0,0,0,100,0,0,0,0,0,0,0,0,0,0,0,0,0,0,0,250798.1943359375,248341.9525756836,0,404335493120,8589930496,23534227456,0
199,1727473760896,840,808,800,801,800,853,819,800,863,803,830,1945,857,831,852,919,803,829,800,801,803,800,803,809,827,800,831,845,889,802,846,800,0,0,0,0,0,0,0,0,0,0,0,0,0,0,0,0,100,0,0,0,0,0,0,0,0,0,0,0,0,0,0,0,250802.56677246094,248348.61767578125,0,404335493120,8589930496,23534227456,0
199,1727473761097,840,808,800,801,800,853,819,800,863,803,830,1945,857,831,852,919,803,829,800,801,803,800,803,809,827,800,831,845,889,802,846,800,0,0,0,0,0,0,0,0,0,0,0,0,0,0,0,0,100,0,0,0,0,0,0,0,0,0,0,0,0,0,0,0,250806.9200439453,248355.2843017578,0,404335493120,8589930496,23534227456,0
199,1727473761297,840,808,800,801,800,853,819,800,863,803,830,1945,857,831,852,919,803,829,800,801,803,800,803,809,827,800,831,845,889,802,846,800,0,0,0,0,0,0,0,0,0,0,0,0,0,0,0,0,100,0,0,0,0,0,0,0,0,0,0,0,0,0,0,0,250811.294921875,248361.9530029297,0,404335493120,8589930496,23534227456,0
199,1727473761497,840,808,800,801,800,853,819,800,863,803,830,1945,857,831,852,919,803,829,800,801,803,800,803,809,827,800,831,845,889,802,846,800,0,0,0,0,2.4390242099761963,0,0,0,0,0,2.5,0,0,0,0,0,100,0,0,0,0,0,0,0,0,0,0,0,0,0,0,0,250815.71099853516,248368.63891601563,0,404335493120,8589930496,23534231552,0
199,1727473761697,840,808,800,801,800,853,819,800,863,803,830,1945,857,831,852,919,803,829,800,801,803,800,803,809,827,800,831,845,889,802,846,800,0,0,0,0,0,0,0,0,0,0,0,0,0,0,0,0,100,0,0,0,0,0,0,0,0,0,0,0,0,0,0,0,250820.08197021484,248375.35430908203,0,404335493120,8589930496,23534305280,0
199,1727473761897,840,808,800,801,800,853,819,800,863,803,830,1945,857,831,852,919,803,829,800,801,803,800,803,809,827,800,831,845,889,802,846,800,0,0,0,0,0,0,0,0,0,0,0,0,0,0,0,0,100,0,0,0,0,0,0,0,0,0,5,0,0,0,0,0,250824.4022216797,248381.98291015625,0,404335493120,8589930496,23534305280,0
199,1727473762097,840,808,800,801,800,853,819,800,863,803,830,1945,857,831,852,919,803,829,800,801,803,800,803,809,827,800,831,845,889,802,846,800,0,0,0,0,0,0,0,0,0,0,0,0,0,0,0,0,100,0,0,0,0,0,0,0,0,0,0,0,0,0,0,0,250828.75903320313,248388.62518310547,0,404335493120,8589930496,23534305280,0
199,1727473762297,840,808,800,801,800,853,819,800,863,803,830,1945,857,831,852,919,803,829,800,801,803,800,803,809,827,800,831,845,889,802,846,800,0,0,0,0,0,0,0,0,0,0,0,0,0,0,0,0,100,0,0,0,0,5,0,0,0,0,0,0,0,0,0,0,250833.1209716797,248395.27673339844,0,404335493120,8589930496,23534444544,0
199,1727473762498,840,808,800,801,800,853,819,800,863,803,830,1945,857,831,852,919,803,829,800,801,803,800,803,809,827,800,831,845,889,802,846,800,0,0,0,0,0,0,0,0,0,0,0,0,0,0,0,0,100,0,0,0,0,0,0,0,0,0,4.761904716491699,0,0,0,0,0,250837.50622558594,248401.93951416016,0,404335493120,8589930496,23534444544,0
199,1727473762698,840,808,800,801,800,853,819,800,863,803,830,1945,857,831,852,919,803,829,800,801,803,800,803,809,827,800,831,845,889,802,846,800,0,0,0,0,0,0,0,5,0,0,0,0,0,0,0,0,100,0,0,0,0,0,0,0,0,0,4.761904716491699,0,0,0,0,0,250841.89123535156,248408.62176513672,0,404335493120,8589930496,23534444544,0
199,1727473762898,840,808,800,801,800,853,819,800,863,803,830,1945,857,831,852,919,803,829,800,801,803,800,803,809,827,800,831,845,889,802,846,800,0,0,0,0,0,0,0,0,0,0,0,0,0,0,0,0,100,0,0,0,0,0,0,0,0,0,0,0,0,0,0,0,250846.26739501953,248415.2953491211,0,404335493120,8589930496,23534542848,0
199,1727473763098,840,808,800,801,800,853,819,800,863,803,830,1945,857,831,852,919,803,829,800,801,803,800,803,809,827,800,831,845,889,802,846,800,0,0,0,0,0,0,0,0,0,0,0,0,0,0,0,0,100,0,0,0,0,0,0,0,0,0,0,0,0,0,0,0,250850.64916992188,248421.98040771484,0,404335493120,8589930496,23534542848,0
199,1727473763298,840,808,800,801,800,853,819,800,863,803,830,1945,857,831,852,919,803,829,800,801,803,800,803,809,827,800,831,845,889,802,846,800,0,0,0,0,0,0,0,0,0,0,0,0,0,0,0,0,100,0,0,0,0,0,0,0,0,0,0,0,0,0,0,0,250855.02642822266,248428.67181396484,0,404335493120,8589930496,23534821376,0
199,1727473763498,840,808,800,801,800,853,819,800,863,803,830,1945,857,831,852,919,803,829,800,801,803,800,803,809,827,800,831,845,889,802,846,800,0,0,0,0,0,0,0,0,0,0,0,0,0,0,0,0,100,0,0,0,0,0,0,0,0,0,0,0,0,0,0,0,250859.38452148438,248435.3305053711,0,404335493120,8589930496,23534821376,0
199,1727473763698,840,808,800,801,800,853,819,800,863,803,830,1945,857,831,852,919,803,829,800,801,803,800,803,809,827,800,831,845,889,802,846,800,0,0,0,0,0,0,0,0,0,0,0,0,0,0,0,0,100,0,0,0,0,0,0,0,0,0,0,0,0,0,0,0,250863.75048828125,248442.00482177734,0,404335493120,8589930496,23534960640,0
199,1727473763898,840,808,800,801,800,853,819,800,863,803,830,1945,857,831,852,919,803,829,800,801,803,800,803,809,827,800,831,845,889,802,846,800,0,0,0,0,0,0,0,0,0,0,0,0,0,0,0,0,100,0,0,0,0,0,0,0,0,0,0,0,0,0,0,0,250868.1224975586,248448.68768310547,0,404335493120,8589930496,23534960640,0
199,1727473764099,840,808,800,801,800,853,819,800,863,803,830,1945,857,831,852,919,803,829,800,801,803,800,803,809,827,800,831,845,889,802,846,800,0,0,0,0,0,0,0,0,0,0,0,0,0,0,0,0,100,0,0,0,0,0,0,0,0,0,0,0,0,0,0,0,250872.5234375,248455.39672851563,0,404335493120,8589930496,23534960640,0
199,1727473764299,840,808,800,801,800,853,819,800,863,803,830,1945,857,831,852,919,803,829,800,801,803,800,803,809,827,800,831,845,889,802,846,800,0,0,0,0,0,0,0,0,0,0,0,0,0,0,0,0,100,0,0,4.761904716491699,0,0,5,0,0,0,0,0,0,0,0,0,250876.93774414063,248462.06378173828,0,404335493120,8589930496,23535546368,0
199,1727473764499,840,808,800,801,800,853,819,800,863,803,830,1945,857,831,852,919,803,829,800,801,803,800,803,809,827,800,831,845,889,802,846,800,0,0,0,0,0,0,0,0,0,0,0,0,0,0,0,0,100,0,0,4.761904716491699,0,0,5,0,0,0,0,0,0,0,0,0,250881.30541992188,248468.7049560547,0,404335493120,8589930496,23535546368,0
199,1727473764699,840,808,800,801,800,853,819,800,863,803,830,1945,857,831,852,919,803,829,800,801,803,800,803,809,827,800,831,845,889,802,846,800,0,0,0,0,0,0,0,0,0,0,0,0,0,0,0,0,100,0,0,0,0,0,0,0,0,0,0,0,0,0,0,0,250885.6728515625,248475.37811279297,0,404335493120,8589930496,23535546368,0
199,1727473764899,840,808,800,801,800,853,819,800,863,803,830,1945,857,831,852,919,803,829,800,801,803,800,803,809,827,800,831,845,889,802,846,800,0,0,5,0,4.761904716491699,0,0,0,0,0,0,5,0,9.523809432983398,9.523809432983398,0,100,5,5,0,0,0,9.523809432983398,0,0,0,0,0,5,0,0,0,250890.0884399414,248482.05145263672,0,404335493120,8589930496,23538319360,0
199,1727473765099,840,808,800,801,800,853,819,800,863,803,830,1945,857,831,852,919,803,829,800,801,803,800,803,809,827,800,831,845,889,802,846,800,0,0,5,0,4.761904716491699,0,0,0,0,0,0,5,0,9.523809432983398,9.523809432983398,0,100,5,5,0,0,0,9.523809432983398,0,0,0,0,0,5,0,0,0,250894.60638427734,248489.05377197266,0,404335493120,8589930496,23657615360,0
199,1727473765299,840,808,800,801,800,853,819,800,863,803,830,1945,857,831,852,919,803,829,800,801,803,800,803,809,827,800,831,845,889,802,846,800,9.756096839904785,2.5641026496887207,7.500000476837158,5.128205299377441,5.128205299377441,5,2.6315789222717285,10,2.5,5.128205299377441,9.756096839904785,10,7.317072868347168,2.6315789222717285,7.317072868347168,5,100,9.756096839904785,7.500000476837158,7.500000476837158,5.263157844543457,7.500000476837158,15.384615898132324,5,12.5,2.5641026496887207,5,5,2.6315789222717285,0,5.128205299377441,7.500000476837158,250898.96295166016,248495.66424560547,0,404335493120,8589930496,23657369600,0
199,1727473765500,840,808,800,801,800,853,819,800,863,803,830,1945,857,831,852,919,803,829,800,801,803,800,803,809,827,800,831,845,889,802,846,800,0,0,0,0,9.523809432983398,0,5.263157844543457,0,0,0,9.523809432983398,0,0,0,0,5.263157844543457,100,0,0,4.761904716491699,4.761904716491699,5,5,0,0,0,5,0,0,0,0,0,250903.33990478516,248502.33782958984,0,404335493120,8589930496,23657394176,0
199,1727473765700,840,808,800,801,800,853,819,800,863,803,830,1945,857,831,852,919,803,829,800,801,803,800,803,809,827,800,831,845,889,802,846,800,4.761904716491699,0,0,0,10,0,0,0,0,0,0,0,0,0,0,4.761904716491699,100,0,0,0,5.263157844543457,5.263157844543457,9.523809432983398,0,0,0,0,5.263157844543457,0,0,0,0,250907.69775390625,248508.9515991211,0,404335493120,8589930496,23657517056,0
199,1727473765900,840,808,800,801,800,853,819,800,863,803,830,1945,857,831,852,919,803,829,800,801,803,800,803,809,827,800,831,845,889,802,846,800,4.761904716491699,0,0,0,10,0,0,0,0,0,0,0,0,0,0,4.761904716491699,100,0,0,0,5.263157844543457,5.263157844543457,9.523809432983398,0,0,0,0,5.263157844543457,0,0,0,0,250912.0526123047,248515.59924316406,0,404335493120,8589930496,23657521152,0
199,1727473766100,840,808,800,801,800,853,819,800,863,803,830,1945,857,831,852,919,803,829,800,801,803,800,803,809,827,800,831,845,889,802,846,800,0,0,0,0,2.5,0,2.4390242099761963,2.5,0,0,0,2.5,0,2.4390242099761963,0,2.4390242099761963,100,0,2.4390242099761963,0,2.4390242099761963,0,0,2.4390242099761963,0,2.5641026496887207,0,2.4390242099761963,2.5,0,2.4390242099761963,2.5,250916.44177246094,248522.27124023438,0,404335493120,8589930496,23657521152,0
199,1727473766300,840,808,800,801,800,853,819,800,863,803,830,1945,857,831,852,919,803,829,800,801,803,800,803,809,827,800,831,845,889,802,846,800,0,0,0,0,0,0,0,0,0,0,0,0,0,0,0,0,100,0,0,0,0,0,0,0,0,0,0,0,0,0,0,0,250920.8544921875,248528.935546875,0,404335493120,8589930496,23657521152,0
199,1727473766500,840,808,800,801,800,853,819,800,863,803,830,1945,857,831,852,919,803,829,800,801,803,800,803,809,827,800,831,845,889,802,846,800,0,0,0,0,0,0,0,0,0,0,0,0,0,0,0,0,100,0,0,0,0,0,0,0,0,0,0,0,0,0,0,0,250925.25201416016,248535.60681152344,0,404335493120,8589930496,23657525248,0
199,1727473766700,840,808,800,801,800,853,819,800,863,803,830,1945,857,831,852,919,803,829,800,801,803,800,803,809,827,800,831,845,889,802,846,800,0,0,0,0,0,0,0,0,0,0,0,0,0,0,0,0,100,0,0,0,0,0,0,0,0,0,0,0,0,0,0,0,250929.63702392578,248542.27667236328,0,404335493120,8589930496,23657525248,0
199,1727473766900,840,808,800,801,800,853,819,800,863,803,830,1945,857,831,852,919,803,829,800,801,803,800,803,809,827,800,831,845,889,802,846,800,0,0,0,0,0,0,0,0,0,0,0,0,0,0,0,0,100,0,0,0,0,0,0,0,0,0,0,0,0,0,0,0,250933.96710205078,248548.9315185547,0,404335493120,8589930496,23657525248,0
199,1727473767101,840,808,800,801,800,853,819,800,863,803,830,1945,857,831,852,919,803,829,800,801,803,800,803,809,827,800,831,845,889,802,846,800,0,0,0,0,0,0,0,0,0,0,0,0,0,0,0,0,100,0,0,0,0,0,0,0,0,0,0,0,0,0,0,0,250938.33074951172,248555.58477783203,0,404335493120,8589930496,23657525248,0
199,1727473767301,840,808,800,801,800,853,819,800,863,803,830,1945,857,831,852,919,803,829,800,801,803,800,803,809,827,800,831,845,889,802,846,800,0,0,0,0,0,0,0,0,0,4.761904716491699,0,0,0,0,0,0,100,0,0,0,0,0,0,0,0,0,0,0,0,0,0,0,250942.71954345703,248562.25854492188,0,404335493120,8589930496,23657525248,0
199,1727473767501,840,808,800,801,800,853,819,800,863,803,830,1945,857,831,852,919,803,829,800,801,803,800,803,809,827,800,831,845,889,802,846,800,0,0,0,0,0,0,0,0,0,4.761904716491699,0,0,0,0,0,0,100,0,0,0,0,0,0,0,0,0,0,0,0,0,0,0,250947.07745361328,248568.94018554688,0,404335493120,8589930496,23657525248,0
199,1727473767701,840,808,800,801,800,853,819,800,863,803,830,1945,857,831,852,919,803,829,800,801,803,800,803,809,827,800,831,845,889,802,846,800,4.761904716491699,0,0,0,0,0,0,0,0,0,0,0,0,0,0,0,100,0,0,0,0,0,0,0,0,0,0,0,0,0,0,0,250951.4364013672,248575.6088256836,0,404335493120,8589930496,23657525248,0
199,1727473767901,840,808,800,801,800,853,819,800,863,803,830,1945,857,831,852,919,803,829,800,801,803,800,803,809,827,800,831,845,889,802,846,800,0,0,0,0,0,0,0,0,0,0,0,0,0,0,0,0,100,0,0,0,0,0,0,0,0,0,0,0,0,0,0,0,250955.8041381836,248582.28912353516,0,404335493120,8589930496,23657525248,0
199,1727473768101,840,808,800,801,800,853,819,800,863,803,830,1945,857,831,852,919,803,829,800,801,803,800,803,809,827,800,831,845,889,802,846,800,0,0,0,0,5,0,0,0,0,0,0,0,0,0,0,0,100,0,0,0,0,0,0,0,0,0,4.761904716491699,0,0,0,0,0,250960.15704345703,248588.96600341797,0,404335493120,8589930496,23657525248,0
199,1727473768301,840,808,800,801,800,853,819,800,863,803,830,1945,857,831,852,919,803,829,800,801,803,800,803,809,827,800,831,845,889,802,846,800,0,0,0,0,0,0,0,0,0,0,0,0,0,0,0,0,100,0,0,0,0,0,0,0,0,0,5,0,0,0,0,0,250964.48858642578,248595.62353515625,0,404335493120,8589930496,23657525248,0
199,1727473768502,840,808,800,801,800,853,819,800,863,803,830,1945,857,831,852,919,803,829,800,801,803,800,803,809,827,800,831,845,889,802,846,800,0,0,0,0,0,0,0,0,0,0,0,0,0,0,0,0,100,0,0,0,0,0,0,0,0,0,0,0,0,0,0,0,250968.86364746094,248602.29919433594,0,404335493120,8589930496,23657525248,0
199,1727473768702,840,808,800,801,800,853,819,800,863,803,830,1945,857,831,852,919,803,829,800,801,803,800,803,809,827,800,831,845,889,802,846,800,0,0,0,0,0,0,0,0,0,0,0,0,0,0,0,0,100,0,0,0,0,0,0,0,0,0,0,0,0,0,0,0,250973.2322998047,248608.97583007813,0,404335493120,8589930496,23657525248,0
199,1727473768902,840,808,800,801,800,853,819,800,863,803,830,1945,857,831,852,919,803,829,800,801,803,800,803,809,827,800,831,845,889,802,846,800,0,0,0,0,0,0,0,0,0,0,0,0,0,0,0,0,100,0,0,0,0,0,0,0,0,0,0,0,0,0,0,0,250977.6011352539,248615.6527709961,0,404335493120,8589930496,23657525248,0
199,1727473769102,840,808,800,801,800,853,819,800,863,803,830,1945,857,831,852,919,803,829,800,801,803,800,803,809,827,800,831,845,889,802,846,800,0,0,0,0,0,0,0,0,0,0,0,0,0,0,0,0,100,0,0,0,0,0,0,0,0,0,0,0,0,0,0,0,250981.9532470703,248622.32946777344,0,404335493120,8589930496,23657525248,0
199,1727473769302,840,808,800,801,800,853,819,800,863,803,830,1945,857,831,852,919,803,829,800,801,803,800,803,809,827,800,831,845,889,802,846,800,9.523809432983398,35,9.523809432983398,10,10,10,5.263157844543457,0,10,0,10,5,0,5,5,5.263157844543457,75,5,10,5,5,10,5,9.523809432983398,5,5,5,9.523809432983398,5,36.842105865478516,9.523809432983398,0,250985.96710205078,248628.83282470703,0,404335493120,8589930496,23535415296,0
199,1727473769502,840,808,800,801,800,853,819,800,863,803,830,1945,857,831,852,919,803,829,800,801,803,800,803,809,827,800,831,845,889,802,846,800,9.523809432983398,35,9.523809432983398,10,10,10,5.263157844543457,0,10,0,10,5,0,5,5,5.263157844543457,75,5,10,5,5,10,5,9.523809432983398,5,5,5,9.523809432983398,5,36.842105865478516,9.523809432983398,0,250988.84356689453,248634.05590820313,0,404335493120,8589930496,23535419392,0
199,1727473769702,840,808,800,801,800,853,819,800,863,803,830,1945,857,831,852,919,803,829,800,801,803,800,803,809,827,800,831,845,889,802,846,800,0,100,0,0,0,0,0,0,0,0,0,0,0,0,0,0,0,0,0,0,0,0,0,0,0,0,0,0,0,0,0,0,250993.19689941406,248640.4786376953,0,404335493120,8589930496,23535419392,0
199,1727473769903,840,808,800,801,800,853,819,800,863,803,830,1945,857,831,852,919,803,829,800,801,803,800,803,809,827,800,831,845,889,802,846,800,0,100,0,0,0,0,0,0,0,0,0,0,0,0,0,0,0,0,0,0,0,0,0,0,0,0,0,0,0,0,0,0,250997.53619384766,248646.88677978516,0,404335493120,8589930496,23535419392,0
199,1727473770103,840,808,800,801,800,853,819,800,863,803,830,1945,857,831,852,919,803,829,800,801,803,800,803,809,827,800,831,845,889,802,846,800,0,100,4.761904716491699,0,0,0,4.761904716491699,0,0,0,0,0,4.761904716491699,0,0,0,0,5,0,4.761904716491699,0,4.761904716491699,0,0,0,4.761904716491699,0,0,0,4.761904716491699,0,0,251001.8720703125,248653.35986328125,0,404335493120,8589930496,23535546368,0
199,1727473770303,840,808,800,801,800,853,819,800,863,803,830,1945,857,831,852,919,803,829,800,801,803,800,803,809,827,800,831,845,889,802,846,800,0,100,4.761904716491699,0,0,0,4.761904716491699,0,0,0,0,0,4.761904716491699,0,0,0,0,5,0,4.761904716491699,0,4.761904716491699,0,0,0,4.761904716491699,0,0,0,4.761904716491699,0,0,251006.24224853516,248659.85717773438,0,404335493120,8589930496,23535546368,0
199,1727473770503,840,808,800,801,800,853,819,800,863,803,830,1945,857,831,852,919,803,829,800,801,803,800,803,809,827,800,831,845,889,802,846,800,0,100,0,0,0,0,0,0,0,0,0,0,0,0,0,0,0,0,0,0,0,0,0,0,0,0,0,0,0,0,0,0,251010.63635253906,248666.33325195313,0,404335493120,8589930496,23535546368,0
199,1727473770703,840,808,800,801,800,853,819,800,863,803,830,1945,857,831,852,919,803,829,800,801,803,800,803,809,827,800,831,845,889,802,846,800,5,100,0,0,0,0,0,0,0,0,0,0,0,0,0,0,0,0,0,0,0,0,0,0,0,0,0,4.761904716491699,0,0,0,0,251015.00451660156,248672.75579833984,0,404335493120,8589930496,23535562752,0
199,1727473770903,840,808,800,801,800,853,819,800,863,803,830,1945,857,831,852,919,803,829,800,801,803,800,803,809,827,800,831,845,889,802,846,800,5,100,0,0,0,0,0,0,0,0,0,0,0,0,0,0,0,0,0,0,0,0,0,0,0,0,0,4.761904716491699,0,0,0,0,251019.37371826172,248679.1841430664,0,404335493120,8589930496,23535562752,0
199,1727473771103,840,808,800,801,800,853,819,800,863,803,830,1945,857,831,852,919,803,829,800,801,803,800,803,809,827,800,831,845,889,802,846,800,0,100,0,0,0,0,0,0,0,0,0,0,0,0,0,0,0,0,0,0,0,0,0,0,0,0,0,0,0,0,0,0,251023.72943115234,248685.57159423828,0,404335493120,8589930496,23535562752,0
199,1727473771303,840,808,800,801,800,853,819,800,863,803,830,1945,857,831,852,919,803,829,800,801,803,800,803,809,827,800,831,845,889,802,846,800,0,100,0,0,0,0,0,0,0,0,0,0,0,0,0,0,0,0,0,0,0,0,0,0,0,0,0,0,0,0,0,0,251028.0146484375,248692.01403808594,0,404335493120,8589930496,23535562752,0
199,1727473771504,840,808,800,801,800,853,819,800,863,803,830,1945,857,831,852,919,803,829,800,801,803,800,803,809,827,800,831,845,889,802,846,800,0,100,0,0,0,0,0,0,0,0,0,0,0,0,0,0,0,0,0,0,0,0,0,0,0,0,0,0,0,0,0,0,251032.36840820313,248698.43237304688,0,404335493120,8589930496,23535562752,0
199,1727473771704,840,808,800,801,800,853,819,800,863,803,830,1945,857,831,852,919,803,829,800,801,803,800,803,809,827,800,831,845,889,802,846,800,0,100,0,0,0,0,0,0,0,0,0,0,0,0,0,0,0,0,0,0,0,0,0,0,0,0,0,0,0,0,0,0,251036.67755126953,248704.88146972656,0,404335493120,8589930496,23535566848,0
199,1727473771904,840,808,800,801,800,853,819,800,863,803,830,1945,857,831,852,919,803,829,800,801,803,800,803,809,827,800,831,845,889,802,846,800,0,100,0,0,0,0,0,0,0,0,0,0,0,0,0,0,0,0,0,0,0,0,0,0,0,0,0,0,0,0,0,0,251041.03131103516,248711.29656982422,0,404335493120,8589930496,23535566848,0
199,1727473772104,840,808,800,801,800,853,819,800,863,803,830,1945,857,831,852,919,803,829,800,801,803,800,803,809,827,800,831,845,889,802,846,800,0,100,0,0,0,0,0,0,0,0,0,0,0,0,0,0,0,0,4.761904716491699,0,0,0,0,0,0,0,0,0,0,0,0,0,251045.3334350586,248717.7236328125,0,404335493120,8589930496,23535566848,0
199,1727473772304,840,808,800,801,800,853,819,800,863,803,830,1945,857,831,852,919,803,829,800,801,803,800,803,809,827,800,831,845,889,802,846,800,0,100,0,0,0,0,0,0,0,0,4.761904716491699,0,0,0,0,0,0,0,0,0,0,0,0,0,0,0,0,0,0,0,0,0,251049.69506835938,248724.16662597656,0,404335493120,8589930496,23535566848,0
199,1727473772504,840,808,800,801,800,853,819,800,863,803,830,1945,857,831,852,919,803,829,800,801,803,800,803,809,827,800,831,845,889,802,846,800,0,100,0,0,0,0,0,0,0,0,0,0,0,0,0,0,0,0,4.761904716491699,0,0,0,0,0,0,0,0,0,0,0,0,0,251054.04528808594,248730.5614013672,0,404335493120,8589930496,23535566848,0
199,1727473772704,840,808,800,801,800,853,819,800,863,803,830,1945,857,831,852,919,803,829,800,801,803,800,803,809,827,800,831,845,889,802,846,800,0,100,0,0,0,0,0,0,0,0,0,0,0,0,0,0,0,0,0,0,0,0,0,5,0,0,0,0,0,0,0,0,251058.40948486328,248737.03973388672,0,404335493120,8589930496,23535566848,0
199,1727473772905,840,808,800,801,800,853,819,800,863,803,830,1945,857,831,852,919,803,829,800,801,803,800,803,809,827,800,831,845,889,802,846,800,0,100,0,0,0,0,0,0,0,0,0,0,0,0,0,0,0,0,0,0,0,0,0,0,0,0,0,0,0,0,0,0,251062.69995117188,248743.44799804688,0,404335493120,8589930496,23535566848,0
199,1727473773105,840,808,800,801,800,853,819,800,863,803,830,1945,857,831,852,919,803,829,800,801,803,800,803,809,827,800,831,845,889,802,846,800,0,100,0,0,0,0,0,0,0,0,0,0,0,0,0,0,0,0,0,0,0,0,0,0,0,0,0,0,0,0,0,0,251067.0386352539,248749.86688232422,0,404335493120,8589930496,23535566848,0
199,1727473773305,840,808,800,801,800,853,819,800,863,803,830,1945,857,831,852,919,803,829,800,801,803,800,803,809,827,800,831,845,889,802,846,800,0,100,0,0,0,0,0,0,0,0,0,0,0,0,0,0,0,0,0,0,0,0,0,0,0,0,0,4.761904716491699,4.761904716491699,0,0,0,251071.38360595703,248756.26696777344,0,404335493120,8589930496,23535566848,0
199,1727473773505,840,808,800,801,800,853,819,800,863,803,830,1945,857,831,852,919,803,829,800,801,803,800,803,809,827,800,831,845,889,802,846,800,0,100,0,0,0,0,0,0,0,0,0,0,0,0,0,0,0,0,0,0,0,0,0,0,0,0,0,0,0,0,0,0,251075.74560546875,248762.65301513672,0,404335493120,8589930496,23535566848,0
199,1727473773705,840,808,800,801,800,853,819,800,863,803,830,1945,857,831,852,919,803,829,800,801,803,800,803,809,827,800,831,845,889,802,846,800,0,100,0,0,0,0,0,0,0,0,0,0,0,0,0,0,0,0,0,0,0,0,0,0,0,0,0,0,0,0,0,0,251080.12982177734,248769.123046875,0,404335493120,8589930496,23535566848,0
199,1727473773905,840,808,800,801,800,853,819,800,863,803,830,1945,857,831,852,919,803,829,800,801,803,800,803,809,827,800,831,845,889,802,846,800,0,100,0,0,0,0,0,0,0,0,0,0,0,0,0,0,0,0,4.761904716491699,0,0,0,0,0,0,0,9.090909004211426,0,0,0,0,0,251084.5146484375,248775.54541015625,0,404335493120,8589930496,23535566848,0
199,1727473774105,840,808,800,801,800,853,819,800,863,803,830,1945,857,831,852,919,803,829,800,801,803,800,803,809,827,800,831,845,889,802,846,800,0,100,0,0,0,0,0,0,0,0,0,0,0,0,0,0,0,4.761904716491699,0,0,0,0,0,0,0,0,0,0,0,0,0,0,251088.87200927734,248781.97381591797,0,404335493120,8589930496,23535566848,0
199,1727473774305,840,808,800,801,800,853,819,800,863,803,830,1945,857,831,852,919,803,829,800,801,803,800,803,809,827,800,831,845,889,802,846,800,0,100,0,0,0,0,0,0,0,0,0,0,0,0,0,0,0,4.761904716491699,0,0,0,0,0,0,0,0,0,0,0,0,0,0,251093.2459716797,248788.34375,0,404335493120,8589930496,23535566848,0
199,1727473774506,840,808,800,801,800,853,819,800,863,803,830,1945,857,831,852,919,803,829,800,801,803,800,803,809,827,800,831,845,889,802,846,800,0,100,0,0,0,0,0,0,0,0,0,0,0,0,0,0,0,0,2.4390242099761963,0,0,0,0,0,0,0,2.4390242099761963,0,0,0,0,0,251097.63061523438,248794.69799804688,0,404335493120,8589930496,23535570944,0
199,1727473774706,840,808,800,801,800,853,819,800,863,803,830,1945,857,831,852,919,803,829,800,801,803,800,803,809,827,800,831,845,889,802,846,800,0,100,0,0,0,0,0,0,0,0,0,0,0,0,0,0,0,0,0,0,0,0,0,0,0,0,0,0,0,0,0,0,251102.00512695313,248801.13739013672,0,404335493120,8589930496,23535570944,0
199,1727473774906,840,808,800,801,800,853,819,800,863,803,830,1945,857,831,852,919,803,829,800,801,803,800,803,809,827,800,831,845,889,802,846,800,0,100,0,0,0,0,0,0,0,0,0,0,0,0,0,0,0,0,0,0,0,0,0,0,0,0,0,0,0,0,0,0,251106.3549194336,248807.53717041016,0,404335493120,8589930496,23535570944,0
199,1727473775106,840,808,800,801,800,853,819,800,863,803,830,1945,857,831,852,919,803,829,800,801,803,800,803,809,827,800,831,845,889,802,846,800,0,100,0,0,0,0,0,0,0,0,0,0,0,0,0,0,0,0,0,0,0,0,0,0,0,0,0,0,0,0,0,0,251110.73370361328,248813.9315185547,0,404335493120,8589930496,23535570944,0
199,1727473775306,840,808,800,801,800,853,819,800,863,803,830,1945,857,831,852,919,803,829,800,801,803,800,803,809,827,800,831,845,889,802,846,800,0,100,0,0,0,0,0,0,0,0,5,0,0,0,0,0,0,0,0,0,0,0,0,0,0,0,0,0,0,0,4.761904716491699,0,251115.09503173828,248820.3784790039,0,404335493120,8589930496,23535570944,0
199,1727473775506,840,808,800,801,800,853,819,800,863,803,830,1945,857,831,852,919,803,829,800,801,803,800,803,809,827,800,831,845,889,802,846,800,0,100,0,0,0,0,0,0,0,0,0,0,0,0,0,0,0,0,0,0,0,0,0,0,0,0,0,0,0,0,0,0,251119.4019165039,248826.79425048828,0,404335493120,8589930496,23535570944,0
199,1727473775706,840,808,800,801,800,853,819,800,863,803,830,1945,857,831,852,919,803,829,800,801,803,800,803,809,827,800,831,845,889,802,846,800,0,100,0,0,0,0,0,0,0,0,0,0,0,0,0,0,0,0,0,0,0,0,0,0,0,0,0,0,0,0,0,0,251123.75115966797,248833.22088623047,0,404335493120,8589930496,23535570944,0
199,1727473775907,840,808,800,801,800,853,819,800,863,803,830,1945,857,831,852,919,803,829,800,801,803,800,803,809,827,800,831,845,889,802,846,800,0,100,0,0,0,0,0,0,0,0,0,0,0,0,0,0,0,0,0,0,0,0,0,0,0,0,0,0,0,0,0,0,251128.12689208984,248839.64569091797,0,404335493120,8589930496,23535570944,0
199,1727473776107,840,808,800,801,800,853,819,800,863,803,830,1945,857,831,852,919,803,829,800,801,803,800,803,809,827,800,831,845,889,802,846,800,0,100,0,0,0,0,0,0,0,0,0,0,0,0,0,0,0,0,0,0,0,0,0,0,0,0,0,0,0,0,0,0,251132.47381591797,248846.05041503906,0,404335493120,8589930496,23535570944,0
199,1727473776307,840,808,800,801,800,853,819,800,863,803,830,1945,857,831,852,919,803,829,800,801,803,800,803,809,827,800,831,845,889,802,846,800,9.523809432983398,100,0,0,5,0,0,5,0,0,0,0,5,0,0,0,0,0,9.523809432983398,5.263157844543457,0,0,5,0,0,0,9.523809432983398,4.761904716491699,5,0,5.263157844543457,0,251136.85034179688,248852.56286621094,0,404335493120,8589930496,23539195904,0
199,1727473776507,840,808,800,801,800,853,819,800,863,803,830,1945,857,831,852,919,803,829,800,801,803,800,803,809,827,800,831,845,889,802,846,800,5.555555820465088,100,20,10,21.052631378173828,10.526315689086914,11.111111640930176,14.285715103149414,9.523809432983398,9.523809432983398,10,10,5.263157844543457,14.285715103149414,10,10,9.523809432983398,10,15.789472579956055,15.000000953674316,19.047618865966797,15.000000953674316,20,10.526315689086914,15.789472579956055,10.526315689086914,15.789472579956055,15.000000953674316,14.285715103149414,14.285715103149414,19.047618865966797,9.523809432983398,251141.4500732422,248859.50610351563,0,404335493120,8589930496,23656710144,0
199,1727473776707,840,808,800,801,800,853,819,800,863,803,830,1945,857,831,852,919,803,829,800,801,803,800,803,809,827,800,831,845,889,802,846,800,5.555555820465088,100,20,10,21.052631378173828,10.526315689086914,11.111111640930176,14.285715103149414,9.523809432983398,9.523809432983398,10,10,5.263157844543457,14.285715103149414,10,10,9.523809432983398,10,15.789472579956055,15.000000953674316,19.047618865966797,15.000000953674316,20,10.526315689086914,15.789472579956055,10.526315689086914,15.789472579956055,15.000000953674316,14.285715103149414,14.285715103149414,19.047618865966797,9.523809432983398,251145.8465576172,248865.9252319336,0,404335493120,8589930496,23656456192,0
199,1727473776907,840,808,800,801,800,853,819,800,863,803,830,1945,857,831,852,919,803,829,800,801,803,800,803,809,827,800,831,845,889,802,846,800,0,100,0,0,0,0,0,0,0,0,0,0,0,0,0,0,0,0,0,0,0,0,0,0,0,0,0,0,0,0,2.5,0,251150.2084350586,248872.3734741211,0,404335493120,8589930496,23656468480,0
199,1727473777107,840,808,800,801,800,853,819,800,863,803,830,1945,857,831,852,919,803,829,800,801,803,800,803,809,827,800,831,845,889,802,846,800,10,100,0,9.523809432983398,5,0,5,0,0,0,5,0,0,0,0,0,5.263157844543457,0,4.761904716491699,5,0,0,9.523809432983398,14.285715103149414,4.761904716491699,5,5,0,0,5,5,0,251154.54296875,248878.90979003906,0,404335493120,8589930496,23656505344,0
199,1727473777307,840,808,800,801,800,853,819,800,863,803,830,1945,857,831,852,919,803,829,800,801,803,800,803,809,827,800,831,845,889,802,846,800,0,95,0,0,0,10,0,0,0,5,0,0,0,0,0,0,4.761904716491699,0,0,0,0,0,5,0,0,0,0,0,0,0,9.523809432983398,0,251158.92449951172,248885.36517333984,0,404335493120,8589930496,23656501248,0
199,1727473777507,840,808,800,801,800,853,819,800,863,803,830,1945,857,831,852,919,803,829,800,801,803,800,803,809,827,800,831,845,889,802,846,800,0,95,0,0,0,10,0,0,0,5,0,0,0,0,0,0,4.761904716491699,0,0,0,0,0,5,0,0,0,0,0,0,0,9.523809432983398,0,251163.26287841797,248891.7290649414,0,404335493120,8589930496,23656501248,0
199,1727473777708,840,808,800,801,800,853,819,800,863,803,830,1945,857,831,852,919,803,829,800,801,803,800,803,809,827,800,831,845,889,802,846,800,0,100,0,0,0,0,4.878048419952393,0,0,0,0,0,0,0,0,0,0,0,0,0,0,0,0,0,0,0,0,0,0,0,0,0,251167.6128540039,248898.17163085938,0,404335493120,8589930496,23656501248,0
0,1727473777908,840,808,800,801,800,853,819,800,863,803,830,1945,857,831,852,919,803,829,800,801,803,800,803,809,827,800,831,845,889,802,846,800,0,35,0,0,0,0,0,0,0,0,0,0,0,0,0,0,0,0,0,0,0,0,0,0,0,0,0,0,0,0,0,0,251169.32250976563,248902.427734375,0,404335493120,8589930496,23652909056,0
